0	0	0	0	0	0	0	0	2	2	0	7	0	0	5	0	0	0	1	0	12	0	0	0	0	0	0	0	
0	0	0	0	0	0	0	0	0	0	0	0	2	5	7	0	5	11	3	0	0	3	3	1	0	0	0	0	
0	0	0	0	0	0	0	0	0	6	11	0	0	5	0	0	1	0	0	21	0	2	9	0	0	0	0	0	
0	0	0	0	0	0	0	0	5	2	0	0	0	7	0	5	2	4	0	0	0	0	2	15	0	0	0	0	
0	0	0	0	0	0	0	0	2	0	1	7	10	1	0	1	0	72	96	106	224	175	58	0	0	0	0	0	
0	0	0	0	0	0	0	0	0	3	0	0	0	0	76	121	214	232	255	208	255	249	185	23	0	0	0	0	
0	0	0	0	0	0	0	0	1	5	0	7	17	88	226	251	197	90	85	53	100	227	255	63	0	0	0	0	
0	0	0	0	0	0	0	0	0	10	22	115	176	227	255	154	6	0	15	0	11	140	253	205	0	0	0	0	
4	0	0	12	4	0	8	0	0	37	178	255	255	254	242	113	7	0	4	10	0	134	254	202	0	0	0	0	
4	2	3	0	0	0	10	1	5	84	245	247	183	59	94	0	0	0	0	1	10	126	255	112	0	0	0	0	
0	4	6	0	0	4	7	0	53	233	255	255	0	9	0	1	0	7	0	2	9	119	255	42	0	0	0	0	
0	0	1	0	7	6	0	0	182	247	232	78	0	12	0	2	0	1	0	1	4	177	185	7	0	0	0	0	
1	0	2	1	7	0	0	64	255	246	112	0	7	10	0	0	0	0	0	1	25	255	109	1	0	0	0	0	
1	0	7	1	1	0	42	194	255	255	63	9	0	0	0	9	0	10	6	0	29	240	35	3	0	0	0	0	
0	0	9	0	1	0	73	255	245	180	2	6	0	15	8	0	0	0	1	13	79	80	0	0	0	0	0	0	
1	1	8	0	1	0	58	247	226	49	0	5	0	7	0	1	11	0	5	88	206	0	7	1	0	0	0	0	
0	1	0	5	14	0	163	255	132	0	17	0	0	20	0	3	3	2	6	234	225	0	0	10	0	0	0	0	
0	7	8	0	0	72	221	255	129	0	0	16	9	0	0	1	0	77	253	255	129	17	8	0	0	0	0	0	
4	0	2	0	0	89	254	251	93	22	0	0	0	9	10	0	93	242	255	138	0	6	0	1	0	0	0	0	
0	0	0	0	18	26	241	243	95	0	3	0	15	0	0	100	246	248	156	0	14	9	0	11	0	0	0	0	
0	15	3	0	10	0	186	255	135	0	3	4	0	27	128	252	242	165	0	16	0	0	15	0	0	0	0	0	
2	1	1	3	0	2	86	254	255	96	121	236	241	222	255	220	130	1	9	0	0	0	4	0	0	0	0	0	
10	0	0	10	0	3	6	155	255	252	251	241	255	255	203	33	1	1	0	20	7	10	0	0	0	0	0	0	
0	6	5	0	1	3	0	18	105	232	246	109	100	83	6	0	0	6	0	0	0	0	2	11	0	0	0	0	
0	0	0	0	0	0	0	0	0	0	0	0	0	0	0	0	0	0	0	0	0	0	0	0	0	0	0	0	
0	0	0	0	0	0	0	0	0	0	0	0	0	0	0	0	0	0	0	0	0	0	0	0	0	0	0	0	
0	0	0	0	0	0	0	0	0	0	0	0	0	0	0	0	0	0	0	0	0	0	0	0	0	0	0	0	
0	0	0	0	0	0	0	0	0	0	0	0	0	0	0	0	0	0	0	0	0	0	0	0	0	0	0	0	
