0	0	1	1	3	5	3	0	0	0	9	0	0	12	3	0	0	8	5	0	4	4	0	0	0	0	0	0	
0	2	2	0	0	0	0	0	4	7	0	23	2	0	0	10	1	0	0	0	3	4	1	4	0	0	0	0	
1	2	3	0	0	0	0	2	0	0	0	11	0	5	22	0	5	3	6	11	6	0	0	6	0	0	0	0	
3	0	0	2	2	0	1	4	10	3	25	0	13	0	0	6	0	0	0	4	0	0	1	5	0	0	0	0	
5	0	0	2	5	1	0	0	0	32	219	242	163	42	0	0	11	0	0	0	0	5	7	0	0	0	0	0	
6	0	0	1	2	0	0	0	6	151	252	247	247	239	101	5	0	0	5	12	0	1	6	0	0	0	0	0	
3	0	0	2	0	0	1	15	69	243	255	179	144	247	250	149	42	0	0	4	0	0	8	6	0	0	0	0	
0	0	1	4	0	0	12	37	224	255	96	0	8	80	221	255	236	98	4	0	0	1	4	0	0	0	0	0	
0	0	0	0	0	8	0	157	242	253	71	0	8	2	34	132	253	240	97	0	14	0	0	4	0	0	0	0	
10	8	4	3	0	1	0	173	254	218	6	0	4	0	0	14	134	251	231	29	0	9	13	0	0	0	0	0	
0	0	0	2	0	7	22	227	255	184	0	13	13	8	6	0	16	133	199	189	28	6	0	4	0	0	0	0	
6	1	1	6	0	0	26	248	239	110	0	2	0	0	4	0	0	0	82	255	196	13	0	1	0	0	0	0	
6	0	1	7	0	0	29	255	255	62	10	2	3	2	9	0	5	9	0	218	243	148	15	0	0	0	0	0	
0	0	0	4	0	5	31	251	212	2	6	0	6	0	0	0	0	16	8	64	255	212	20	0	0	0	0	0	
8	4	3	6	0	0	7	210	204	8	7	0	6	0	0	7	0	0	0	19	233	244	44	9	0	0	0	0	
0	0	0	3	0	4	7	200	255	60	8	0	5	2	0	4	5	0	9	0	205	251	150	0	0	0	0	0	
0	8	0	0	5	0	0	165	253	73	0	0	0	0	8	0	0	14	0	0	193	249	220	15	0	0	0	0	
0	5	0	0	5	3	8	145	250	146	9	1	0	5	0	0	8	0	10	1	199	253	245	13	0	0	0	0	
1	3	2	0	0	1	0	77	255	227	52	0	3	0	0	0	0	11	0	0	200	248	143	2	0	0	0	0	
0	0	8	0	0	0	0	10	156	245	157	32	0	0	6	14	0	0	21	1	194	253	170	0	0	0	0	0	
0	0	6	0	1	8	3	0	67	250	255	168	8	19	0	3	3	0	44	192	246	210	41	5	0	0	0	0	
6	0	2	0	0	2	12	0	0	67	238	241	238	108	49	0	5	115	222	254	255	134	0	0	0	0	0	0	
8	0	0	0	1	0	4	0	11	0	42	192	244	255	235	242	241	248	255	229	97	24	0	0	0	0	0	0	
0	0	1	1	13	0	2	0	0	0	5	9	107	133	253	252	253	189	103	3	9	0	3	3	0	0	0	0	
0	0	0	0	0	0	0	0	0	0	0	0	0	0	0	0	0	0	0	0	0	0	0	0	0	0	0	0	
0	0	0	0	0	0	0	0	0	0	0	0	0	0	0	0	0	0	0	0	0	0	0	0	0	0	0	0	
0	0	0	0	0	0	0	0	0	0	0	0	0	0	0	0	0	0	0	0	0	0	0	0	0	0	0	0	
0	0	0	0	0	0	0	0	0	0	0	0	0	0	0	0	0	0	0	0	0	0	0	0	0	0	0	0	
