0	0	0	0	0	0	0	0	0	10	0	0	0	10	0	6	2	0	6	0	0	13	0	0	0	0	0	0	
0	0	0	0	0	0	0	0	0	0	0	19	1	0	0	0	8	7	0	0	0	0	4	0	0	0	0	0	
0	0	0	0	0	0	0	0	2	0	0	0	0	4	11	5	0	0	0	5	6	7	9	3	0	0	0	0	
0	0	0	0	0	0	0	0	0	14	0	0	3	8	0	0	0	0	5	3	0	2	0	0	0	0	0	0	
0	0	0	0	0	0	0	0	0	2	0	14	0	4	0	4	3	13	0	1	0	4	1	13	0	0	0	0	
0	0	0	0	0	0	0	0	0	0	3	2	0	74	131	119	246	197	21	7	0	0	6	0	0	0	0	0	
0	0	0	0	0	0	0	0	0	10	7	0	79	189	255	244	230	255	236	208	107	30	0	20	0	0	0	0	
0	0	0	0	0	0	0	0	0	2	0	29	245	255	244	255	255	236	249	255	249	225	27	0	0	0	0	0	
4	0	0	7	3	0	10	0	0	27	174	216	255	255	254	208	183	165	186	237	240	254	211	0	0	0	0	0	
7	0	0	0	0	0	7	0	35	179	255	254	240	255	244	41	0	0	0	79	255	251	232	0	0	0	0	0	
0	2	1	0	4	15	3	3	165	250	255	245	246	250	158	0	1	12	1	83	248	255	215	0	0	0	0	0	
0	5	7	0	0	0	0	8	229	239	250	249	255	142	32	5	6	0	0	81	252	244	236	10	0	0	0	0	
0	0	5	3	1	0	45	128	231	255	242	249	138	0	0	7	0	13	27	203	255	254	243	54	0	0	0	0	
2	0	0	0	10	17	148	255	254	255	254	210	0	0	1	9	2	0	212	255	255	241	223	5	0	0	0	0	
10	4	0	0	0	0	166	255	255	233	253	143	0	29	0	0	1	45	245	255	232	255	156	0	0	0	0	0	
0	0	4	0	14	0	182	247	255	255	224	49	0	0	4	0	44	253	246	251	255	139	7	0	0	0	0	0	
1	5	0	3	0	3	173	255	244	255	151	0	16	0	0	3	164	255	255	255	227	31	17	0	0	0	0	0	
5	0	5	0	8	1	118	251	255	242	69	0	0	4	12	108	253	254	245	221	58	11	0	11	0	0	0	0	
0	5	0	5	0	0	206	250	241	255	54	6	15	49	37	224	252	247	255	187	1	0	0	0	0	0	0	0	
0	10	0	10	0	3	255	255	255	220	42	0	4	141	205	255	251	255	179	88	0	0	11	0	0	0	0	0	
0	0	0	0	12	7	159	255	255	193	10	7	59	240	255	247	254	221	32	3	0	10	6	0	0	0	0	0	
0	1	0	0	0	1	124	253	245	220	153	79	255	238	255	253	169	73	0	0	4	1	0	0	0	0	0	0	
0	6	0	4	0	0	106	239	255	255	238	255	247	255	255	220	67	0	6	0	4	0	1	11	0	0	0	0	
0	0	11	0	6	0	0	233	252	248	255	246	255	238	167	0	2	1	0	9	0	18	0	0	0	0	0	0	
0	0	5	5	0	0	12	31	226	255	255	219	127	44	5	0	0	0	0	0	0	0	0	0	0	0	0	0	
0	0	1	2	0	0	1	10	0	0	0	3	6	6	3	0	0	0	0	0	0	0	0	0	0	0	0	0	
2	0	0	1	2	0	0	0	10	3	0	0	0	0	0	0	0	0	0	0	0	0	0	0	0	0	0	0	
1	0	0	1	5	4	0	0	0	0	5	7	2	0	3	9	0	0	0	0	0	0	0	0	0	0	0	0	
