0	0	0	0	0	0	0	0	0	15	0	1	0	0	0	8	0	7	0	2	0	0	0	10	0	0	0	0	
0	0	0	0	0	0	0	0	0	3	1	0	21	0	0	0	9	6	0	3	7	0	5	0	0	0	0	0	
0	0	0	0	0	0	0	0	2	4	0	24	0	4	8	5	5	0	0	0	0	0	16	0	0	0	0	0	
0	0	0	0	0	0	0	0	0	8	1	0	9	0	0	1	0	5	17	0	0	6	0	1	0	0	0	0	
0	0	0	0	0	0	0	0	7	0	12	0	0	44	99	2	56	142	233	255	255	222	32	0	0	0	0	0	
0	0	0	0	0	0	0	0	16	0	0	14	42	187	247	125	227	255	255	248	241	251	61	22	0	0	0	0	
0	0	0	0	0	0	0	0	0	10	0	0	209	245	255	253	249	255	253	255	251	251	86	0	0	0	0	0	
0	0	0	0	0	0	0	0	9	0	25	139	255	254	245	251	255	253	243	255	251	248	153	7	0	0	0	0	
5	0	0	7	0	0	15	0	1	0	183	255	255	251	254	252	250	160	151	141	252	255	203	6	0	0	0	0	
0	8	0	0	17	2	0	0	11	19	209	243	241	245	255	120	42	17	0	4	192	244	243	0	0	0	0	0	
0	14	0	0	6	0	0	10	10	183	248	255	250	230	123	30	0	0	0	0	149	255	101	2	0	0	0	0	
0	0	8	0	0	4	5	0	121	245	244	254	250	112	0	2	12	2	3	2	242	246	67	6	0	0	0	0	
8	0	0	3	4	6	0	11	154	255	255	184	0	10	0	0	0	0	6	64	255	255	63	9	0	0	0	0	
3	0	0	0	14	0	6	145	255	237	169	21	4	0	14	0	0	11	35	237	249	224	49	0	0	0	0	0	
0	3	9	0	0	0	59	255	248	255	81	0	18	6	0	9	6	0	139	254	255	159	13	1	0	0	0	0	
3	0	12	0	0	23	105	250	255	205	18	19	1	0	13	0	0	143	215	252	194	11	0	4	0	0	0	0	
0	6	0	3	2	40	216	244	215	10	7	0	0	17	0	0	42	223	255	250	144	1	0	0	0	0	0	0	
6	0	0	1	0	120	236	255	133	11	2	0	12	0	6	151	242	255	243	244	27	0	3	9	0	0	0	0	
9	0	0	8	5	227	249	250	220	58	30	29	32	88	193	255	248	255	243	134	2	2	0	0	0	0	0	0	
3	0	13	5	0	226	247	255	255	246	255	255	252	239	255	242	254	250	204	3	7	0	0	0	0	0	0	0	
2	0	5	1	0	207	252	245	251	249	254	255	255	255	255	239	255	154	66	0	0	0	8	2	0	0	0	0	
0	0	0	1	20	163	250	255	234	255	255	230	252	243	245	219	109	16	0	13	0	0	6	0	0	0	0	0	
0	12	6	0	0	40	167	255	255	235	254	255	255	245	213	89	12	0	2	0	9	0	0	0	0	0	0	0	
0	0	0	15	0	0	35	95	254	254	252	239	201	71	3	3	0	0	6	0	0	6	0	3	0	0	0	0	
0	0	0	0	0	0	0	0	0	0	0	0	0	0	0	0	0	0	0	0	0	0	0	0	0	0	0	0	
0	0	0	0	0	0	0	0	0	0	0	0	0	0	0	0	0	0	0	0	0	0	0	0	0	0	0	0	
0	0	0	0	0	0	0	0	0	0	0	0	0	0	0	0	0	0	0	0	0	0	0	0	0	0	0	0	
0	0	0	0	0	0	0	0	0	0	0	0	0	0	0	0	0	0	0	0	0	0	0	0	0	0	0	0	
