0	0	0	0	0	0	0	0	8	0	0	0	1	9	8	0	0	1	4	1	0	0	2	2	0	0	0	0	
0	0	0	0	0	0	0	0	0	2	13	11	0	0	0	0	4	3	0	0	0	9	6	0	0	0	0	0	
0	0	0	0	0	0	0	0	4	0	0	0	0	2	8	9	0	0	3	16	7	0	0	6	0	0	0	0	
0	0	0	0	0	0	0	0	0	3	6	9	9	0	0	0	15	1	0	0	0	0	1	6	0	0	0	0	
0	0	0	0	0	0	0	0	1	0	0	0	5	3	0	7	0	8	12	0	0	8	8	0	0	0	0	0	
0	0	0	0	0	0	0	0	6	13	3	0	3	0	0	20	13	0	0	1	4	0	0	0	0	0	0	0	
0	0	0	0	0	0	0	0	0	1	0	0	21	69	152	246	181	80	0	0	12	3	0	8	0	0	0	0	
0	0	0	0	0	0	0	0	2	2	9	82	198	251	251	255	255	227	159	77	21	3	0	0	0	0	0	0	
8	0	0	9	0	1	8	0	0	77	201	250	254	247	255	247	245	255	240	242	238	137	36	18	0	12	0	6	
0	1	8	0	2	0	4	71	203	245	231	255	240	253	253	251	224	188	233	255	237	241	255	124	11	0	0	6	
8	0	5	2	0	7	148	255	246	255	255	242	255	242	255	176	21	0	26	145	238	255	255	255	111	0	4	0	
0	6	0	0	4	214	255	240	255	236	245	255	135	58	39	0	0	19	9	4	71	232	244	246	220	9	9	0	
0	7	0	4	6	255	162	186	255	251	250	172	34	0	0	16	12	0	0	0	0	105	234	255	255	0	0	5	
6	0	0	11	0	39	146	246	248	248	193	3	0	9	4	7	0	15	9	0	5	22	217	247	248	0	0	1	
0	2	2	0	0	57	255	243	255	159	39	0	0	24	0	0	2	0	0	0	0	77	255	244	199	5	0	0	
0	18	0	2	9	243	253	255	250	65	0	11	1	0	20	0	2	0	2	7	45	224	255	255	126	0	3	7	
3	0	3	0	0	255	249	243	124	0	21	0	0	5	0	0	10	0	0	6	153	254	241	193	0	0	0	0	
0	3	6	0	0	250	245	224	0	0	0	5	13	5	0	8	0	0	14	163	226	254	255	62	0	0	0	0	
0	0	0	8	7	250	255	222	15	17	6	0	0	0	0	8	6	38	174	250	253	255	109	15	0	0	0	0	
6	0	0	1	3	170	246	234	180	13	2	0	10	0	0	5	107	184	253	252	233	158	7	0	0	0	0	0	
5	0	10	0	0	56	204	255	255	203	206	96	72	129	193	185	233	251	255	234	135	0	0	13	0	0	0	0	
0	0	13	2	0	0	117	200	245	255	247	255	255	242	255	255	253	248	241	74	0	3	11	0	0	0	0	0	
5	0	1	0	4	0	2	39	187	246	245	250	245	246	255	248	199	131	34	1	16	0	0	1	0	0	0	0	
0	9	0	0	6	8	0	7	0	25	132	132	149	155	129	29	5	28	0	0	5	0	0	6	0	0	0	0	
0	0	0	0	0	0	0	0	0	0	0	0	0	0	0	0	0	0	0	0	0	0	0	0	0	0	0	0	
0	0	0	0	0	0	0	0	0	0	0	0	0	0	0	0	0	0	0	0	0	0	0	0	0	0	0	0	
0	0	0	0	0	0	0	0	0	0	0	0	0	0	0	0	0	0	0	0	0	0	0	0	0	0	0	0	
0	0	0	0	0	0	0	0	0	0	0	0	0	0	0	0	0	0	0	0	0	0	0	0	0	0	0	0	
