0	0	0	0	0	0	0	0	0	16	0	0	4	0	2	5	5	1	0	14	0	0	12	0	0	0	0	0	
0	0	0	0	0	0	0	0	0	3	0	8	0	4	3	0	0	2	12	0	7	8	0	7	0	0	0	0	
0	0	0	0	0	0	0	0	7	5	12	0	4	0	14	0	0	3	0	4	1	0	1	0	0	0	0	0	
0	0	0	0	0	0	0	0	2	0	0	6	0	0	132	255	153	0	15	0	5	0	6	1	0	0	0	0	
0	0	0	0	0	0	0	0	0	2	21	0	12	0	117	214	255	133	6	0	0	11	0	4	0	0	0	0	
0	0	0	0	0	0	0	0	5	4	0	0	0	6	39	30	113	255	68	3	0	1	3	0	0	0	0	0	
0	0	0	0	0	0	0	0	0	0	31	228	28	25	0	11	0	146	232	29	4	0	0	0	0	0	0	0	
0	0	0	0	0	0	0	0	4	1	143	255	58	0	17	0	14	17	229	178	0	8	0	7	0	0	0	0	
0	0	0	0	0	0	0	0	2	27	230	164	0	6	0	3	4	1	82	251	89	0	0	1	0	0	0	0	
0	0	0	0	0	0	0	0	2	58	255	73	6	3	0	7	0	1	17	255	146	23	0	0	0	0	0	0	
0	0	0	0	0	0	0	0	1	162	210	9	5	4	3	0	5	0	0	174	217	0	5	0	0	0	0	0	
0	0	0	0	0	0	0	0	31	250	163	0	3	0	12	0	1	1	2	81	252	0	18	0	0	0	0	0	
0	0	0	0	0	0	0	0	81	254	159	0	6	0	0	9	0	17	1	85	255	54	0	1	0	0	0	0	
0	0	0	0	0	0	0	0	91	248	62	0	4	0	1	0	0	9	0	93	255	97	0	5	0	0	0	0	
0	0	0	0	0	0	0	0	80	255	0	5	2	4	11	0	9	0	0	80	255	90	0	2	0	0	0	0	
0	0	0	0	0	0	0	0	85	255	61	0	7	0	0	6	0	5	4	96	242	88	9	0	0	0	0	0	
0	0	0	0	0	0	0	0	87	251	86	0	0	2	0	6	10	0	0	176	253	0	11	0	0	0	0	0	
0	0	0	0	0	0	0	0	91	255	132	0	6	0	0	2	0	0	75	254	170	0	0	9	0	0	0	0	
0	0	0	0	0	0	0	0	56	239	165	0	17	5	0	6	0	3	117	244	115	29	0	11	0	0	0	0	
0	0	0	0	0	0	0	0	2	182	222	47	0	0	13	0	0	43	216	192	0	0	9	0	0	0	0	0	
0	0	0	0	0	0	0	0	0	50	213	232	88	0	2	2	28	179	254	104	2	1	4	0	0	0	0	0	
0	0	0	0	0	0	0	0	5	0	80	215	236	202	157	181	255	255	112	0	0	7	0	10	0	0	0	0	
0	0	0	0	0	0	0	0	0	17	0	23	159	255	254	246	181	54	0	12	0	5	19	0	0	0	0	0	
0	0	0	0	0	0	0	0	4	0	6	11	0	0	0	9	9	0	6	0	6	0	0	0	0	0	0	0	
0	0	0	0	0	0	0	0	0	0	0	0	0	0	0	0	0	0	0	0	0	0	0	0	0	0	0	0	
0	0	0	0	0	0	0	0	0	0	0	0	0	0	0	0	0	0	0	0	0	0	0	0	0	0	0	0	
0	0	0	0	0	0	0	0	0	0	0	0	0	0	0	0	0	0	0	0	0	0	0	0	0	0	0	0	
0	0	0	0	0	0	0	0	0	0	0	0	0	0	0	0	0	0	0	0	0	0	0	0	0	0	0	0	
