0	0	0	0	0	0	0	0	9	0	0	8	0	0	5	0	6	6	0	0	4	6	0	0	0	0	0	0	
0	0	0	0	0	0	0	0	0	10	11	0	0	0	0	2	0	0	0	12	0	0	0	13	0	0	0	0	
0	0	0	0	0	0	0	0	12	1	0	0	3	6	2	2	12	0	10	0	5	0	14	0	0	0	0	0	
0	0	0	0	0	0	0	0	0	0	6	10	0	0	7	0	0	0	0	0	0	3	0	0	0	0	0	0	
0	0	0	0	0	0	0	0	0	4	8	0	1	6	0	0	4	10	5	0	11	0	2	18	0	0	0	0	
0	0	0	0	0	0	0	0	0	17	0	0	16	0	3	88	242	255	207	95	12	0	0	0	0	0	0	0	
0	0	0	0	0	0	0	0	0	7	6	4	0	0	98	239	246	255	244	237	18	8	0	11	0	0	0	0	
0	0	0	0	0	0	0	0	9	0	2	4	0	110	241	255	191	32	158	255	203	11	19	0	0	0	0	0	
0	0	0	0	0	0	0	0	0	4	5	0	20	188	245	255	244	44	17	154	249	60	0	9	0	0	0	0	
0	0	0	0	0	0	0	0	0	0	0	12	172	253	255	214	253	194	2	24	255	165	0	10	0	0	0	0	
0	0	0	0	0	0	0	0	6	3	4	186	234	250	216	24	87	237	146	45	236	224	7	0	0	0	0	0	
0	0	0	0	0	0	0	0	0	5	103	248	255	250	202	0	5	73	101	41	245	255	5	0	0	0	0	0	
0	0	0	0	0	0	0	0	21	54	247	255	172	253	191	9	0	0	11	0	255	252	0	4	0	0	0	0	
0	0	0	0	0	0	0	0	0	127	255	210	26	184	255	135	13	0	0	63	255	141	0	0	0	0	0	0	
0	0	0	0	0	0	0	0	55	253	245	35	11	37	185	244	155	29	0	155	240	50	2	0	0	0	0	0	
0	0	0	0	0	0	0	0	130	252	240	1	3	0	4	182	251	223	207	244	169	6	0	0	0	0	0	0	
3	0	0	0	12	8	0	1	192	255	85	14	0	0	11	0	17	65	255	241	26	11	4	0	0	0	0	0	
1	0	8	0	0	0	2	16	229	245	28	0	15	13	0	23	2	152	242	111	17	0	0	0	0	0	0	0	
4	0	3	1	0	4	0	0	242	195	16	7	0	0	0	0	102	232	163	9	5	0	1	0	0	0	0	0	
2	0	0	0	4	3	0	29	253	222	1	0	4	1	16	85	253	209	50	0	0	1	4	3	0	0	0	0	
0	8	4	0	0	0	11	111	255	245	23	12	0	0	103	230	249	103	0	7	0	0	2	0	0	0	0	0	
0	6	0	0	7	0	5	100	255	237	41	0	7	100	240	255	98	15	0	0	5	0	4	0	0	0	0	0	
5	0	0	1	7	2	0	22	249	255	93	25	151	255	242	182	0	0	7	0	5	0	11	0	0	0	0	0	
8	0	8	7	0	0	5	0	182	238	255	251	255	218	95	0	4	3	0	16	0	0	13	0	0	0	0	0	
0	0	0	0	0	0	0	0	51	164	255	255	152	39	0	3	0	0	0	0	0	0	0	0	0	0	0	0	
0	0	0	0	0	0	0	0	0	0	0	0	0	0	0	0	0	0	0	0	0	0	0	0	0	0	0	0	
0	0	0	0	0	0	0	0	3	2	0	0	1	3	6	7	0	0	0	0	0	0	0	0	0	0	0	0	
0	0	0	0	0	0	0	0	0	0	6	8	4	0	0	0	0	0	0	0	0	0	0	0	0	0	0	0	
