0	0	0	0	0	0	0	0	11	0	6	0	0	0	15	0	0	19	0	0	13	0	0	0	0	0	0	0	
0	0	0	0	0	0	0	0	0	0	6	0	3	1	0	3	7	0	11	0	0	2	0	6	0	0	0	0	
0	0	0	0	0	0	0	0	0	7	2	0	0	19	0	0	3	0	20	9	5	0	0	5	0	0	0	0	
0	0	0	0	0	0	0	0	0	2	8	5	4	0	0	1	8	3	0	5	9	0	0	2	0	0	0	0	
0	0	0	0	0	0	0	0	13	0	0	9	0	1	172	251	150	127	26	0	0	0	7	0	0	0	0	0	
0	0	0	0	0	0	0	0	0	0	7	2	0	60	235	255	255	248	190	20	0	0	0	0	0	0	0	0	
0	0	0	0	0	0	0	0	1	14	3	0	8	186	255	248	236	254	255	139	16	0	0	9	0	0	0	0	
0	0	0	0	0	0	0	0	0	0	0	14	59	254	253	252	231	255	245	255	54	8	0	0	0	0	0	0	
0	6	1	0	0	6	3	0	4	0	3	3	185	249	243	65	32	132	255	251	109	0	0	0	0	0	0	0	
0	0	1	2	1	0	0	0	1	14	24	194	249	255	133	2	4	62	242	255	205	15	11	0	0	0	0	0	
2	0	0	6	0	0	0	0	0	0	167	252	248	218	38	1	1	27	238	255	255	13	0	0	0	0	0	0	
5	0	0	1	0	0	7	1	0	39	209	255	233	17	4	0	0	9	217	249	250	20	5	5	0	0	0	0	
0	1	2	0	0	4	3	0	8	138	246	249	154	1	5	0	0	0	209	245	248	23	5	5	0	0	0	0	
0	5	4	0	3	1	0	0	45	245	250	149	16	2	12	0	10	0	219	255	252	20	0	0	0	0	0	0	
0	8	0	0	10	0	0	45	229	255	255	64	0	10	0	30	0	0	220	255	192	20	6	5	0	0	0	0	
0	10	0	0	12	0	8	98	243	255	144	0	17	0	7	0	0	51	233	251	94	0	0	6	0	0	0	0	
0	5	0	4	5	0	24	206	249	244	74	2	0	11	3	3	63	208	252	217	25	0	2	0	0	0	0	0	
0	9	0	0	0	0	78	251	255	229	3	9	10	0	21	9	205	255	233	9	11	3	0	1	0	0	0	0	
0	9	0	0	0	6	121	255	241	123	14	0	11	0	0	185	242	255	162	0	0	0	13	4	0	0	0	0	
0	2	0	0	6	2	130	246	255	90	0	8	0	21	205	251	255	197	25	4	5	6	0	0	0	0	0	0	
0	0	0	4	5	0	131	255	255	1	0	10	47	121	254	255	200	27	0	3	0	14	5	0	0	0	0	0	
0	0	2	7	0	0	119	255	255	125	115	143	252	253	242	200	9	10	3	0	9	0	0	17	0	0	0	0	
0	1	2	4	0	1	62	177	246	255	253	251	253	251	183	14	0	25	0	7	0	0	13	0	0	0	0	0	
2	2	0	0	0	4	0	64	153	242	255	246	138	63	0	7	6	0	8	1	13	4	0	5	0	0	0	0	
0	0	0	0	0	0	0	0	0	0	0	0	0	0	0	0	0	0	0	0	0	0	0	0	0	0	0	0	
0	0	0	0	0	0	0	0	0	0	0	0	0	0	0	0	0	0	0	0	0	0	0	0	0	0	0	0	
0	0	0	0	0	0	0	0	0	0	0	0	0	0	0	0	0	0	0	0	0	0	0	0	0	0	0	0	
0	0	0	0	0	0	0	0	0	0	0	0	0	0	0	0	0	0	0	0	0	0	0	0	0	0	0	0	
