0	0	0	0	0	0	0	0	1	0	0	11	0	0	2	0	0	2	0	0	7	1	0	0	0	0	0	0	
0	0	0	0	0	0	0	0	0	15	0	0	0	4	0	14	0	1	0	10	0	4	1	5	0	0	0	0	
0	0	0	0	0	0	0	0	0	0	5	0	4	11	8	0	0	0	10	0	0	0	21	0	0	0	0	0	
0	0	0	0	0	0	0	0	0	5	0	14	0	0	0	16	4	2	3	14	0	0	0	0	0	0	0	0	
0	0	0	0	0	0	0	0	0	6	0	0	6	1	77	205	255	150	31	0	11	4	4	9	0	0	0	0	
0	0	0	0	0	0	0	0	0	0	7	0	0	107	239	255	236	255	224	97	6	0	0	0	0	0	0	0	
0	0	0	0	0	0	0	0	1	6	0	27	31	228	254	170	60	204	238	205	0	16	0	5	0	0	0	0	
0	0	0	0	0	0	0	0	0	0	16	8	255	254	245	182	2	56	248	238	130	0	15	0	0	0	0	0	
0	0	0	0	0	0	0	0	8	0	20	201	248	255	243	255	151	0	179	248	225	17	0	1	0	0	0	0	
0	0	0	0	0	0	0	0	0	10	91	255	241	134	199	255	175	19	106	255	253	31	3	0	0	0	0	0	
0	0	0	0	0	0	0	0	2	0	189	246	244	54	101	253	59	2	36	255	245	3	0	3	0	0	0	0	
0	0	0	0	0	0	0	0	2	48	225	255	125	0	51	74	0	0	11	254	255	24	9	0	0	0	0	0	
0	0	0	0	0	0	0	0	0	185	244	245	0	0	0	10	2	13	62	250	255	25	4	0	0	0	0	0	
0	0	0	0	0	0	0	0	11	155	255	235	0	8	0	0	0	0	122	255	249	12	0	7	0	0	0	0	
0	0	0	0	0	0	0	0	20	243	255	234	146	2	11	0	3	0	153	254	239	34	3	0	0	0	0	0	
0	0	0	0	0	0	0	0	19	255	247	128	45	0	0	7	0	12	204	245	170	0	0	0	0	0	0	0	
0	0	0	0	0	0	0	0	20	255	255	118	7	9	0	11	0	93	244	238	42	4	0	0	0	0	0	0	
0	0	0	0	0	0	0	0	26	248	249	52	0	0	4	0	2	215	255	190	5	0	7	12	0	0	0	0	
0	0	0	0	0	0	0	0	12	251	255	76	0	0	14	13	24	209	238	145	0	0	8	0	0	0	0	0	
0	0	0	0	0	0	0	0	43	249	242	127	10	2	0	9	180	245	255	90	0	4	13	2	0	0	0	0	
0	0	0	0	0	0	0	0	0	214	250	186	10	0	24	134	245	255	187	0	0	1	0	1	0	0	0	0	
0	0	0	0	0	0	0	0	4	170	254	242	152	149	199	255	255	208	56	1	6	16	8	0	0	0	0	0	
0	0	0	0	0	0	0	0	12	115	229	255	254	240	255	248	199	88	0	6	0	0	8	0	0	0	0	0	
0	0	0	0	0	0	0	0	0	0	73	192	252	255	215	123	8	0	8	1	6	4	0	7	0	0	0	0	
0	0	0	0	0	0	0	0	0	0	0	0	0	0	0	0	0	0	0	0	0	0	0	0	0	0	0	0	
0	0	0	0	0	0	0	0	0	0	0	0	0	0	0	0	0	0	0	0	0	0	0	0	0	0	0	0	
0	0	0	0	0	0	0	0	0	0	0	0	0	0	0	0	0	0	0	0	0	0	0	0	0	0	0	0	
0	0	0	0	0	0	0	0	0	0	0	0	0	0	0	0	0	0	0	0	0	0	0	0	0	0	0	0	
