0	0	0	0	0	0	0	0	4	0	1	1	3	0	0	0	12	1	0	0	1	5	0	0	0	0	0	0	
0	0	0	0	0	0	0	0	0	0	0	0	0	6	18	1	0	0	5	5	0	0	0	8	0	0	0	0	
0	0	0	0	0	0	0	0	0	7	1	29	0	0	2	0	20	0	0	0	4	6	3	0	0	0	0	0	
0	0	0	0	0	0	0	0	2	5	0	2	0	6	0	9	0	0	0	5	0	0	3	0	0	0	0	0	
0	0	0	0	0	0	0	0	0	7	0	0	6	31	0	0	8	17	0	0	0	0	4	0	0	0	0	0	
0	0	0	0	0	0	0	0	0	4	7	4	16	0	0	55	174	154	47	0	6	4	4	0	0	0	0	0	
0	0	0	0	0	0	0	0	5	0	0	0	0	0	121	220	255	255	119	8	0	0	0	11	0	0	0	0	
0	0	0	0	0	0	0	0	0	16	1	0	6	41	245	248	242	246	86	0	12	8	0	0	0	0	0	0	
0	0	0	0	0	0	0	0	0	2	0	2	16	225	251	255	255	229	112	44	0	0	8	0	0	0	0	0	
0	0	0	0	0	0	0	0	0	17	1	0	111	255	240	255	236	255	255	250	83	0	16	0	0	0	0	0	
0	0	0	0	0	0	0	0	9	0	0	34	241	255	247	255	255	235	201	255	233	9	0	1	0	0	0	0	
0	0	0	0	0	0	0	0	1	0	19	147	253	245	255	245	138	41	52	249	255	24	4	0	0	0	0	0	
0	0	0	0	0	0	0	0	12	0	15	217	255	255	255	172	0	0	46	255	206	31	0	2	0	0	0	0	
0	0	0	0	0	0	0	0	0	7	141	249	251	51	75	20	0	26	143	244	188	8	0	6	0	0	0	0	
0	0	0	0	0	0	0	0	0	13	228	255	217	0	19	0	0	19	244	255	104	0	15	3	0	0	0	0	
0	0	0	0	0	0	0	0	3	72	255	249	49	7	0	0	2	107	255	213	0	13	0	2	0	0	0	0	
0	0	0	0	0	0	0	0	1	178	252	255	19	6	1	0	7	244	247	148	0	1	0	4	0	0	0	0	
0	0	0	0	0	0	0	0	0	222	246	199	11	0	0	4	88	255	220	9	8	8	0	0	0	0	0	0	
0	0	0	0	0	0	0	0	12	208	237	149	0	0	11	11	225	254	74	0	20	0	0	9	0	0	0	0	
0	0	0	0	0	0	0	0	38	255	255	90	14	7	10	145	255	196	0	8	0	0	15	0	0	0	0	0	
0	0	0	0	0	0	0	0	26	255	255	86	0	0	105	255	228	54	10	0	0	5	0	0	0	0	0	0	
0	0	0	0	0	0	0	0	9	204	253	179	43	82	255	249	105	0	2	0	16	0	0	6	0	0	0	0	
0	0	0	0	0	0	0	0	7	202	255	252	226	243	255	167	0	22	0	0	0	2	23	0	0	0	0	0	
0	0	0	0	0	0	0	0	3	128	244	255	255	255	139	16	2	0	8	5	0	0	6	2	0	0	0	0	
0	0	0	0	0	0	0	0	4	9	115	226	195	85	17	0	0	0	0	0	0	0	0	0	0	0	0	0	
0	0	0	0	0	0	0	0	2	0	2	23	2	0	0	0	0	0	0	0	0	0	0	0	0	0	0	0	
0	0	0	0	0	0	0	0	10	2	5	0	0	7	19	0	0	0	0	0	0	0	0	0	0	0	0	0	
0	0	0	0	0	0	0	0	0	0	0	1	0	1	3	0	0	0	0	0	0	0	0	0	0	0	0	0	
