0	0	0	0	0	0	0	0	21	0	5	1	0	9	0	7	5	0	0	11	0	0	1	6	0	0	0	0	
0	0	0	0	0	0	0	0	0	14	7	0	3	0	28	0	0	8	6	0	6	15	0	0	0	0	0	0	
0	0	0	0	0	0	0	0	6	0	0	0	11	0	0	0	6	0	1	0	0	5	0	11	0	0	0	0	
0	0	0	0	0	0	0	0	0	5	6	0	0	6	0	19	0	0	16	9	0	1	16	0	0	0	0	0	
0	0	0	0	0	0	0	0	0	0	0	157	159	48	0	0	13	0	0	0	6	0	4	0	0	0	0	0	
0	0	0	0	0	0	0	0	0	12	65	220	255	246	203	180	174	140	39	0	9	0	0	13	0	0	0	0	
0	0	0	0	0	0	0	0	0	10	177	255	255	255	235	255	252	255	220	75	0	22	5	0	0	0	0	0	
0	0	0	0	0	0	0	0	14	86	228	250	253	243	252	172	127	100	255	220	43	0	0	14	0	0	0	0	
0	6	0	0	0	7	0	1	21	251	249	230	125	89	13	5	2	2	145	255	174	5	3	0	0	0	0	0	
0	5	0	0	0	8	0	4	108	250	255	132	8	5	0	10	0	0	11	213	255	56	5	0	0	0	0	0	
1	3	0	3	0	3	0	42	237	255	255	68	0	9	0	0	0	3	8	166	255	228	0	13	0	0	0	0	
0	0	2	3	0	0	5	94	255	246	233	46	0	4	0	0	0	8	0	143	241	253	0	7	0	0	0	0	
2	0	0	2	0	0	3	110	252	237	132	3	0	0	0	3	8	0	5	46	237	249	6	0	0	0	0	0	
9	0	0	0	5	6	0	97	255	253	52	0	12	14	0	3	0	22	0	0	192	234	19	0	0	0	0	0	
7	0	0	0	3	7	0	110	242	255	55	3	0	0	0	7	7	0	5	0	107	248	0	20	0	0	0	0	
0	0	8	0	0	0	4	145	251	255	50	3	1	0	7	0	1	3	10	0	77	255	105	0	0	0	0	0	
0	0	10	0	4	5	5	97	248	255	39	10	0	0	11	0	0	7	1	1	96	250	95	0	0	0	0	0	
3	0	7	0	0	0	0	98	255	246	76	0	0	9	0	12	15	0	3	0	74	255	160	7	0	0	0	0	
4	0	3	0	4	0	7	104	240	255	39	1	0	13	0	3	10	0	3	15	103	248	143	0	0	0	0	0	
0	0	2	0	5	0	9	78	255	243	174	20	2	0	0	12	0	24	0	120	250	255	19	1	0	0	0	0	
0	2	3	0	0	0	0	22	248	235	255	128	40	18	20	0	6	1	176	244	255	59	2	5	0	0	0	0	
0	4	2	0	0	1	0	0	67	255	254	255	250	230	143	170	162	222	255	240	145	34	0	8	0	0	0	0	
0	0	0	0	3	2	4	3	9	81	241	254	234	255	243	254	248	255	208	109	3	0	0	0	0	0	0	0	
2	0	0	2	0	0	0	4	0	1	15	86	158	223	255	253	229	138	15	7	1	1	0	4	0	0	0	0	
0	0	0	0	0	0	0	0	0	0	0	0	0	0	0	0	0	0	0	0	0	0	0	0	0	0	0	0	
0	0	0	0	0	0	0	0	0	0	0	0	0	0	0	0	0	0	0	0	0	0	0	0	0	0	0	0	
0	0	0	0	0	0	0	0	0	0	0	0	0	0	0	0	0	0	0	0	0	0	0	0	0	0	0	0	
0	0	0	0	0	0	0	0	0	0	0	0	0	0	0	0	0	0	0	0	0	0	0	0	0	0	0	0	
