0	0	0	0	0	0	0	0	0	0	0	0	0	13	0	8	0	0	6	7	0	0	5	2	0	0	0	0	
0	0	0	0	0	0	0	0	12	0	17	0	20	0	0	4	0	6	0	2	10	0	0	4	0	0	0	0	
0	0	0	0	0	0	0	0	0	0	0	0	0	22	0	4	0	13	5	1	0	0	14	0	0	0	0	0	
0	0	0	0	0	0	0	0	0	13	21	2	0	0	0	0	1	0	0	0	4	0	0	9	0	0	0	0	
0	0	0	0	0	0	0	0	1	9	0	6	21	110	159	220	255	218	115	0	0	15	0	0	0	0	0	0	
0	0	0	0	0	0	0	0	11	0	1	30	216	250	255	160	125	162	226	167	29	0	0	0	0	0	0	0	
0	0	0	0	0	0	0	0	5	0	2	119	254	255	148	16	28	0	71	236	175	22	6	0	0	0	0	0	
0	0	0	0	0	0	0	0	0	9	74	251	249	117	0	0	0	10	0	181	255	79	0	2	0	0	0	0	
0	0	0	0	2	0	6	0	1	2	255	244	134	0	12	0	0	4	8	46	255	150	0	8	0	0	0	0	
0	0	0	0	0	0	5	0	2	168	255	235	30	20	0	0	4	0	0	23	246	220	0	0	0	0	0	0	
2	0	0	5	0	2	3	0	56	253	242	97	12	0	10	0	0	0	0	7	198	251	3	0	0	0	0	0	
2	0	1	8	0	4	1	13	160	255	102	5	2	0	4	5	0	9	3	0	155	239	22	3	0	0	0	0	
1	0	0	9	0	4	0	50	252	246	2	0	0	11	0	2	2	8	0	0	157	243	74	0	0	0	0	0	
0	2	0	7	0	3	0	101	255	205	13	0	0	4	11	0	0	1	0	9	158	251	134	0	0	0	0	0	
0	6	0	4	0	1	2	152	248	148	4	9	0	7	4	0	0	0	1	10	121	249	167	6	0	0	0	0	
0	9	0	2	1	0	3	183	251	88	0	0	15	0	0	4	8	0	0	0	80	253	176	1	0	0	0	0	
3	0	0	5	0	0	0	181	255	55	0	0	18	0	11	2	0	0	2	10	145	255	170	0	0	0	0	0	
0	0	0	6	0	4	2	173	251	144	16	21	0	14	0	1	0	6	0	1	148	250	135	0	0	0	0	0	
0	1	0	3	0	9	4	138	248	193	0	0	1	0	9	0	3	0	14	53	226	228	14	6	0	0	0	0	
0	2	1	0	0	7	0	78	255	255	26	0	3	8	9	0	4	5	17	198	255	155	0	2	0	0	0	0	
0	1	1	0	0	7	0	25	181	247	211	18	19	0	0	0	0	21	223	245	214	34	3	5	0	0	0	0	
1	0	2	0	0	8	0	1	28	244	245	206	89	0	15	25	89	248	236	196	50	0	1	0	0	0	0	0	
0	0	5	0	0	3	0	0	0	63	228	251	255	230	206	252	238	242	111	4	0	24	0	4	0	0	0	0	
0	0	8	0	0	0	3	3	10	0	8	107	217	210	232	150	157	35	5	0	14	0	3	4	0	0	0	0	
0	0	0	0	0	0	0	0	0	0	0	0	0	0	0	0	0	0	0	0	0	0	0	0	0	0	0	0	
0	0	0	0	0	0	0	0	0	0	0	0	0	0	0	0	0	0	0	0	0	0	0	0	0	0	0	0	
0	0	0	0	0	0	0	0	0	0	0	0	0	0	0	0	0	0	0	0	0	0	0	0	0	0	0	0	
0	0	0	0	0	0	0	0	0	0	0	0	0	0	0	0	0	0	0	0	0	0	0	0	0	0	0	0	
