0	0	0	0	0	0	0	0	0	2	1	0	0	4	1	0	2	0	3	11	0	0	13	0	0	0	0	0	
0	0	0	0	0	0	0	0	2	3	2	6	7	0	0	6	6	0	0	0	11	8	3	0	0	0	0	0	
0	0	0	0	0	0	0	0	0	12	1	0	0	9	3	2	0	11	19	0	0	0	14	0	0	0	0	0	
0	0	0	0	0	0	0	0	0	1	0	3	18	0	0	0	5	0	0	2	5	0	0	3	0	0	0	0	
0	0	0	0	0	0	0	0	0	15	12	0	0	0	2	19	0	0	0	0	16	9	0	8	0	0	0	0	
0	0	0	0	0	0	0	0	6	0	0	74	188	255	236	180	88	0	0	5	0	3	11	0	0	0	0	0	
0	0	0	0	0	0	0	0	0	18	129	247	255	245	245	255	180	9	0	21	0	1	1	0	0	0	0	0	
0	0	0	0	0	0	0	0	0	121	235	206	124	147	204	198	57	119	105	1	0	14	0	16	0	0	0	0	
0	3	0	0	5	5	0	3	30	232	124	19	0	3	3	2	5	131	253	182	17	0	0	5	0	0	0	0	
0	4	0	0	3	2	0	0	52	194	30	0	0	2	0	4	3	0	208	254	74	1	0	0	0	0	0	0	
0	3	0	0	1	0	0	0	124	185	0	0	8	5	0	2	0	0	120	254	238	27	0	6	0	0	0	0	
0	2	0	0	2	0	0	5	194	165	2	0	4	4	2	0	0	14	0	229	246	125	0	2	0	0	0	0	
0	1	0	0	3	0	1	17	223	87	7	0	0	0	6	0	2	0	0	118	255	177	0	10	0	0	0	0	
0	1	0	0	4	0	7	28	246	30	0	0	3	0	2	0	0	21	0	109	255	155	0	12	0	0	0	0	
0	2	0	0	2	0	9	35	255	51	0	1	9	0	0	0	5	0	8	117	254	42	30	0	0	0	0	0	
1	2	0	0	0	0	9	37	253	93	8	0	0	0	0	0	0	0	4	98	255	45	0	10	0	0	0	0	
0	0	0	0	0	0	0	0	147	120	0	0	6	0	11	0	5	0	2	100	238	32	0	13	0	0	0	0	
0	0	0	0	0	0	0	0	204	182	0	3	0	4	9	0	0	12	0	207	90	0	22	0	0	0	0	0	
0	0	0	0	0	0	0	0	176	196	0	13	0	0	0	7	0	13	37	249	65	2	0	0	0	0	0	0	
0	0	0	0	0	0	0	0	108	218	16	2	5	7	0	0	18	0	179	182	23	2	0	0	0	0	0	0	
0	0	0	0	0	0	0	0	30	255	130	0	0	9	5	0	0	67	255	64	0	0	1	2	0	0	0	0	
0	0	0	0	0	0	0	0	50	255	214	52	2	5	0	0	60	194	144	0	21	0	0	0	0	0	0	0	
0	0	0	0	0	0	0	0	0	127	249	169	27	0	5	100	233	160	20	0	0	0	17	0	0	0	0	0	
0	0	0	0	0	0	0	0	14	18	197	255	222	245	224	247	159	28	0	0	7	4	0	13	0	0	0	0	
0	0	0	0	0	0	0	0	1	4	37	119	215	251	199	127	0	0	0	0	0	0	0	0	0	0	0	0	
0	0	0	0	0	0	0	0	0	0	0	0	0	11	8	0	0	0	0	0	0	0	0	0	0	0	0	0	
0	0	0	0	0	0	0	0	0	10	15	7	0	0	0	0	0	0	0	0	0	0	0	0	0	0	0	0	
0	0	0	0	0	0	0	0	0	0	0	0	2	8	6	0	0	0	0	0	0	0	0	0	0	0	0	0	
