0	0	0	0	0	0	0	0	2	0	0	20	0	0	0	1	0	7	2	6	0	0	8	0	0	0	0	0	
0	0	0	0	0	0	0	0	5	0	2	0	0	24	0	0	3	0	3	0	12	0	7	0	0	0	0	0	
0	0	0	0	0	0	0	0	2	0	9	0	1	6	0	6	7	0	3	0	6	0	0	2	0	0	0	0	
0	0	0	0	0	0	0	0	0	0	3	18	0	0	8	0	0	21	3	0	10	0	0	0	0	0	0	0	
0	0	0	0	0	0	0	0	0	10	0	0	0	17	0	0	4	158	244	249	170	0	0	12	0	0	0	0	
0	0	0	0	0	0	0	0	4	0	0	0	6	11	0	101	206	255	255	255	242	19	0	0	0	0	0	0	
0	0	0	0	0	0	0	0	6	0	1	4	11	0	74	217	255	254	238	235	255	103	8	5	0	0	0	0	
0	0	0	0	0	0	0	0	0	1	0	5	0	0	235	248	244	255	241	255	255	199	11	0	0	0	0	0	
0	7	8	0	0	2	0	0	2	0	1	0	2	173	238	255	248	8	35	229	243	255	176	0	0	0	0	0	
6	0	0	0	0	5	5	3	0	8	1	7	149	255	250	237	101	0	7	133	240	255	171	3	0	0	0	0	
5	0	0	2	2	0	0	0	3	0	0	169	245	233	255	88	8	0	0	21	175	255	188	0	0	0	0	0	
0	0	4	7	0	0	3	0	1	0	101	241	255	255	98	8	0	5	0	0	147	242	189	0	0	0	0	0	
0	4	4	0	0	3	12	7	1	57	227	243	243	255	26	0	0	0	1	44	237	253	199	10	0	0	0	0	
0	7	0	0	4	4	0	0	2	228	246	247	255	112	9	4	0	10	5	29	255	255	224	49	0	0	0	0	
0	7	0	0	15	0	0	23	132	238	255	255	149	0	5	0	0	11	0	52	242	245	208	28	0	0	0	0	
0	9	0	0	10	0	16	113	247	255	251	218	49	0	0	5	9	0	0	186	255	250	179	1	0	0	0	0	
0	0	0	7	0	0	15	177	253	245	231	44	1	4	2	0	8	0	27	224	229	255	116	0	0	0	0	0	
7	5	0	0	0	0	0	184	246	255	174	0	0	6	0	6	0	44	127	247	255	111	8	0	0	0	0	0	
0	1	0	0	5	15	41	241	247	254	144	7	11	0	0	4	9	124	245	255	218	2	0	11	0	0	0	0	
0	2	2	0	2	1	84	240	246	255	28	0	0	15	1	101	137	255	255	219	49	10	0	0	0	0	0	0	
0	3	6	0	0	0	146	247	255	176	31	14	58	106	221	255	255	247	210	41	14	0	2	0	0	0	0	0	
0	0	5	0	8	12	187	255	240	254	205	209	243	251	252	255	250	107	43	6	0	7	0	14	0	0	0	0	
0	2	3	0	0	3	110	244	255	247	255	236	255	255	255	237	144	0	0	10	0	0	6	0	0	0	0	0	
0	3	4	0	0	3	33	213	248	251	245	255	249	255	114	99	0	0	1	0	3	0	6	0	0	0	0	0	
0	0	0	0	0	0	0	0	0	0	0	0	0	0	0	0	0	0	0	0	0	0	0	0	0	0	0	0	
0	0	0	0	0	0	0	0	0	0	0	0	0	0	0	0	0	0	0	0	0	0	0	0	0	0	0	0	
0	0	0	0	0	0	0	0	0	0	0	0	0	0	0	0	0	0	0	0	0	0	0	0	0	0	0	0	
0	0	0	0	0	0	0	0	0	0	0	0	0	0	0	0	0	0	0	0	0	0	0	0	0	0	0	0	
