0	0	0	0	0	0	0	0	0	3	19	0	0	7	2	0	0	10	1	0	2	8	0	0	0	0	0	0	
0	0	0	0	0	0	0	0	8	0	0	3	12	3	0	0	8	0	0	4	11	0	0	18	0	0	0	0	
0	0	0	0	0	0	0	0	0	6	5	9	0	0	6	16	0	11	18	0	0	0	2	0	0	0	0	0	
0	0	0	0	0	0	0	0	10	15	0	0	0	1	0	0	2	0	0	4	0	5	15	7	0	0	0	0	
0	0	0	0	0	0	0	0	0	0	0	23	12	9	0	5	4	0	1	5	0	0	0	0	0	0	0	0	
0	0	0	0	0	0	0	0	4	15	0	0	0	78	142	209	255	255	216	111	16	0	6	12	0	0	0	0	
0	0	0	0	0	0	0	0	0	1	2	0	64	239	255	255	249	246	254	239	146	19	0	12	0	0	0	0	
0	0	0	0	0	0	0	0	9	0	0	14	93	255	251	252	255	250	255	255	234	111	8	0	0	0	0	0	
0	0	0	0	0	0	0	0	1	2	0	8	68	248	253	248	249	249	255	247	250	133	0	0	0	0	0	0	
0	0	0	0	0	0	0	0	0	0	5	0	0	255	250	254	255	247	213	244	255	148	5	0	0	0	0	0	
0	0	0	0	0	0	0	0	5	15	0	21	201	249	237	255	255	213	103	219	234	141	0	2	0	0	0	0	
0	0	0	0	0	0	0	0	0	7	0	153	255	255	247	101	101	80	1	230	252	144	0	2	0	0	0	0	
0	0	0	0	0	0	0	0	9	0	101	255	243	244	169	2	0	0	13	239	255	100	0	0	0	0	0	0	
0	0	0	0	0	0	0	0	0	16	195	240	255	83	4	0	4	2	127	237	255	33	3	0	0	0	0	0	
0	0	0	0	0	0	0	0	0	152	252	252	149	12	0	0	0	28	222	255	206	18	6	0	0	0	0	0	
0	0	0	0	0	0	0	0	25	232	248	210	14	0	0	2	4	72	254	248	112	7	0	1	0	0	0	0	
4	6	1	0	6	0	4	0	189	255	255	79	0	2	0	10	14	232	255	252	26	0	2	1	0	0	0	0	
0	0	3	2	10	0	0	61	229	254	148	0	0	11	9	0	130	255	249	116	8	11	6	0	0	0	0	0	
0	0	0	1	0	3	19	190	255	237	89	5	0	0	0	42	217	255	194	18	0	3	5	0	0	0	0	0	
4	0	0	0	0	4	76	255	248	105	0	0	0	4	40	219	255	243	84	4	0	0	3	3	0	0	0	0	
0	0	7	0	0	4	123	255	255	68	7	29	107	136	199	255	242	150	0	0	0	1	3	0	0	0	0	0	
0	0	5	0	0	10	147	255	239	96	22	225	236	255	255	255	125	28	0	0	0	11	0	0	0	0	0	0	
5	0	0	0	0	10	114	255	255	237	249	236	255	241	255	116	12	0	11	3	0	4	0	2	0	0	0	0	
2	0	0	5	0	0	46	242	255	237	255	255	238	202	111	4	1	9	0	11	0	0	5	3	0	0	0	0	
4	0	0	5	0	0	24	63	152	221	255	207	81	0	0	9	0	0	0	0	0	0	0	0	0	0	0	0	
4	0	0	5	0	0	0	16	0	0	0	1	8	10	6	1	0	0	0	0	0	0	0	0	0	0	0	0	
2	0	0	2	2	0	0	0	11	6	0	0	0	0	0	0	0	0	0	0	0	0	0	0	0	0	0	0	
2	1	0	0	0	5	4	0	0	0	0	2	3	3	4	5	0	0	0	0	0	0	0	0	0	0	0	0	
