0	0	0	0	0	0	0	0	1	0	3	5	0	2	6	0	16	0	6	4	0	0	0	6	0	0	0	0	
0	0	0	0	0	0	0	0	2	1	3	0	0	0	4	0	0	14	0	0	13	7	0	0	0	0	0	0	
0	0	0	0	0	0	0	0	1	4	3	0	0	1	3	0	6	2	3	0	10	0	0	4	0	0	0	0	
0	0	0	0	0	0	0	0	0	4	0	0	1	4	0	0	0	7	0	41	208	255	255	0	0	0	0	0	
0	0	0	0	0	0	0	0	0	4	0	0	5	0	0	3	7	78	211	241	255	243	224	64	0	0	0	0	
0	0	0	0	0	0	0	0	0	4	0	0	5	0	0	35	145	255	246	255	252	255	255	112	0	0	0	0	
0	0	0	0	0	0	0	0	0	4	0	0	4	0	25	99	249	255	250	221	168	211	255	232	0	0	0	0	
0	0	0	0	0	0	0	0	0	3	0	2	5	0	54	156	251	255	249	112	0	56	255	250	0	0	0	0	
2	0	8	10	0	10	0	5	3	3	0	3	45	118	251	250	255	236	83	32	0	131	255	152	0	0	0	0	
1	0	0	0	9	5	0	0	0	0	0	50	209	250	255	255	210	93	0	0	17	141	236	128	0	0	0	0	
0	4	0	0	2	0	6	8	6	13	69	255	241	253	251	162	1	9	0	1	0	193	252	122	0	0	0	0	
4	0	8	5	0	8	7	0	2	191	251	230	255	251	97	8	0	8	0	0	24	206	241	116	0	0	0	0	
4	0	1	5	0	18	0	5	139	255	248	255	246	71	0	0	19	0	0	0	180	251	255	118	0	0	0	0	
0	9	0	0	4	3	7	140	253	238	255	227	48	0	5	6	0	0	12	36	213	248	173	0	0	0	0	0	
0	10	0	0	3	3	133	255	249	255	146	16	36	0	6	0	5	0	14	160	241	255	97	11	0	0	0	0	
9	0	0	0	9	32	248	251	255	154	11	0	0	4	4	0	0	0	98	255	254	219	18	0	0	0	0	0	
0	0	9	0	43	142	254	251	234	57	0	0	10	0	0	29	84	188	241	254	231	97	0	6	0	0	0	0	
1	10	0	4	119	255	255	223	54	0	1	4	0	34	70	221	249	248	255	233	88	1	0	0	0	0	0	0	
7	0	5	12	118	246	249	198	73	13	68	200	120	208	255	244	242	255	181	44	1	0	0	8	0	0	0	0	
0	0	1	0	206	255	245	237	242	215	255	230	246	255	243	255	243	166	73	17	2	2	0	0	0	0	0	0	
14	0	23	10	155	237	255	255	250	255	246	255	255	255	249	180	69	0	0	8	0	0	25	0	0	0	0	0	
0	7	0	0	131	244	241	249	252	249	250	237	253	237	118	65	0	13	13	0	0	6	2	0	0	0	0	0	
0	4	0	0	7	133	232	255	240	255	243	117	125	0	1	1	11	0	0	14	6	0	0	1	0	0	0	0	
0	1	13	0	0	0	16	0	1	8	0	4	0	9	0	5	3	0	0	0	0	3	5	0	0	0	0	0	
0	0	0	0	0	0	0	0	0	0	0	0	0	0	0	0	0	0	0	0	0	0	0	0	0	0	0	0	
0	0	0	0	0	0	0	0	0	0	0	0	0	0	0	0	0	0	0	0	0	0	0	0	0	0	0	0	
0	0	0	0	0	0	0	0	0	0	0	0	0	0	0	0	0	0	0	0	0	0	0	0	0	0	0	0	
0	0	0	0	0	0	0	0	0	0	0	0	0	0	0	0	0	0	0	0	0	0	0	0	0	0	0	0	
