0	0	0	0	0	0	0	0	16	0	0	8	0	0	12	0	0	3	1	0	0	8	0	2	0	0	0	0	
0	0	0	0	0	0	0	0	0	8	7	1	9	2	0	2	3	5	4	3	0	8	0	0	0	0	0	0	
0	0	0	0	0	0	0	0	1	8	0	0	10	8	0	3	3	0	0	3	6	0	5	4	0	0	0	0	
0	0	0	0	0	0	0	0	3	0	4	8	0	0	6	4	2	0	6	1	1	0	10	0	0	0	0	0	
0	0	0	0	0	0	0	0	5	4	1	0	16	106	206	253	206	146	78	16	8	0	8	0	0	0	0	0	
0	0	0	0	0	0	0	0	0	7	0	15	153	250	255	255	255	237	249	244	191	69	0	8	0	0	0	0	
0	0	0	0	0	0	0	0	2	4	8	108	252	255	180	147	146	85	93	163	238	193	24	0	0	0	0	0	
0	0	0	0	0	0	0	0	0	5	111	251	255	116	8	0	3	1	0	0	132	245	95	0	0	0	0	0	
0	6	0	2	9	0	0	4	0	82	225	253	105	10	0	9	0	26	0	0	31	227	170	5	0	0	0	0	
0	1	0	0	6	0	15	5	29	223	255	189	0	8	10	0	0	0	3	3	5	201	229	37	0	0	0	0	
0	3	0	0	0	0	18	11	206	255	233	94	6	3	9	0	11	0	6	6	0	176	255	42	0	0	0	0	
2	6	3	0	0	1	0	57	255	249	203	1	0	0	0	0	4	1	3	0	5	181	250	33	0	0	0	0	
0	3	4	0	3	16	0	130	250	255	124	10	0	12	3	12	0	9	0	0	0	193	254	38	0	0	0	0	
0	0	3	0	0	5	0	180	255	203	0	7	1	0	0	0	0	0	2	0	0	192	247	31	0	0	0	0	
4	0	3	0	0	0	52	216	249	169	0	0	7	0	15	0	3	0	5	0	50	212	209	6	0	0	0	0	
6	0	3	0	8	0	133	255	255	110	2	0	0	6	0	10	0	5	3	0	145	255	175	0	0	0	0	0	
0	0	0	0	2	1	170	243	255	42	16	0	0	18	0	5	0	4	0	16	161	243	69	0	0	0	0	0	
2	0	0	0	2	0	142	255	247	57	0	7	0	0	5	3	7	0	7	170	255	188	0	1	0	0	0	0	
3	2	0	2	2	0	94	255	254	44	21	0	14	0	0	0	3	14	96	255	203	49	0	18	0	0	0	0	
0	5	0	2	1	0	43	215	255	145	0	8	0	4	0	0	18	126	255	254	130	0	14	0	0	0	0	0	
0	8	0	0	0	1	6	138	255	241	56	20	0	4	1	19	200	255	237	72	27	0	15	4	0	0	0	0	
0	5	0	0	0	4	0	61	239	255	231	71	84	87	156	230	245	159	72	0	0	8	0	1	0	0	0	0	
0	0	0	3	0	1	0	14	54	237	253	255	255	241	255	242	132	13	0	9	0	4	0	4	0	0	0	0	
5	0	0	7	0	0	3	0	7	108	183	199	251	252	166	47	9	0	6	0	4	0	1	0	0	0	0	0	
0	0	0	0	0	0	0	0	0	0	0	0	0	0	0	0	0	0	0	0	0	0	0	0	0	0	0	0	
0	0	0	0	0	0	0	0	0	0	0	0	0	0	0	0	0	0	0	0	0	0	0	0	0	0	0	0	
0	0	0	0	0	0	0	0	0	0	0	0	0	0	0	0	0	0	0	0	0	0	0	0	0	0	0	0	
0	0	0	0	0	0	0	0	0	0	0	0	0	0	0	0	0	0	0	0	0	0	0	0	0	0	0	0	
