0	0	0	0	0	0	0	0	0	8	0	1	0	1	0	6	0	3	5	0	0	2	4	0	0	0	0	0	
0	0	0	0	0	0	0	0	10	0	0	19	13	6	0	0	10	0	0	0	0	0	0	5	0	0	0	0	
0	0	0	0	0	0	0	0	1	0	0	0	0	0	9	7	1	0	0	6	13	7	0	0	0	0	0	0	
0	0	0	0	0	0	0	0	0	22	18	146	205	38	0	0	0	3	6	0	0	0	0	0	0	0	0	0	
0	0	0	0	0	0	0	0	9	2	218	218	106	59	7	4	11	5	0	0	0	0	0	1	0	0	0	0	
0	0	0	0	0	0	0	0	14	200	255	134	9	23	162	255	164	91	18	0	3	9	4	0	0	0	0	0	
0	0	0	0	0	0	0	0	32	255	211	33	1	106	224	236	255	215	133	41	0	0	0	0	0	0	0	0	
0	0	0	0	0	0	0	0	157	255	94	0	7	0	0	0	79	210	255	164	37	0	5	3	0	0	0	0	
8	0	5	0	0	0	9	100	252	254	65	13	0	1	4	0	7	29	199	255	168	14	0	13	0	0	0	0	
0	0	2	0	6	11	0	139	255	185	23	0	0	4	6	0	0	0	39	227	247	97	13	0	0	0	0	0	
1	2	0	0	5	7	0	170	245	89	0	0	1	0	5	0	0	4	18	59	250	216	18	0	0	0	0	0	
2	6	0	0	1	0	18	203	223	17	0	3	4	0	2	2	1	0	0	0	129	255	23	7	0	0	0	0	
0	2	1	0	4	0	114	247	222	0	5	5	3	0	4	0	17	0	13	2	83	243	225	9	0	0	0	0	
0	0	3	2	1	0	170	255	238	0	4	0	2	3	6	0	0	2	0	15	0	189	255	39	0	0	0	0	
4	0	3	5	0	2	158	255	237	0	1	0	3	4	0	0	12	0	2	0	12	107	239	135	0	0	0	0	
3	0	1	9	0	13	132	255	220	2	4	0	6	0	0	4	0	6	0	0	0	109	250	144	0	0	0	0	
3	0	0	0	5	0	149	249	226	5	2	0	11	7	0	12	0	15	0	1	9	96	253	150	0	0	0	0	
2	0	0	0	0	0	89	247	229	1	0	15	0	0	22	0	0	2	0	3	77	251	255	9	0	0	0	0	
0	1	0	0	0	6	19	213	255	129	0	0	12	0	0	4	14	0	5	33	243	216	216	22	0	0	0	0	
1	0	0	1	0	4	0	135	240	255	137	23	0	2	9	5	0	0	35	212	255	226	18	0	0	0	0	0	
2	0	0	2	2	0	0	43	168	245	255	204	117	22	16	109	115	205	253	255	95	7	8	0	0	0	0	0	
3	0	0	1	5	0	5	0	11	143	255	250	254	255	252	255	253	255	255	151	12	0	0	0	0	0	0	0	
2	0	4	0	2	0	5	0	6	0	93	137	144	186	215	127	133	122	21	5	15	0	0	4	0	0	0	0	
0	0	7	0	0	2	0	10	5	0	5	0	12	0	18	0	0	11	0	0	1	0	8	0	0	0	0	0	
0	0	0	0	0	0	0	0	0	0	0	0	0	0	0	0	0	0	0	0	0	0	0	0	0	0	0	0	
0	0	0	0	0	0	0	0	0	0	0	0	0	0	0	0	0	0	0	0	0	0	0	0	0	0	0	0	
0	0	0	0	0	0	0	0	0	0	0	0	0	0	0	0	0	0	0	0	0	0	0	0	0	0	0	0	
0	0	0	0	0	0	0	0	0	0	0	0	0	0	0	0	0	0	0	0	0	0	0	0	0	0	0	0	
