0	0	0	0	0	0	0	0	0	0	0	14	0	0	6	0	0	7	2	0	0	0	0	8	0	0	0	0	
0	0	0	0	0	0	0	0	0	1	0	0	7	0	0	0	4	0	0	5	4	10	10	0	0	0	0	0	
0	0	0	0	0	0	0	0	10	0	2	0	14	2	4	0	0	1	3	0	0	0	0	0	0	0	0	0	
0	0	0	0	0	0	0	0	7	0	10	0	0	0	5	3	0	11	0	0	10	3	0	19	0	0	0	0	
0	0	0	0	0	0	0	0	0	0	0	6	8	16	0	0	6	0	0	10	5	0	0	0	0	0	0	0	
0	0	0	0	0	0	0	0	0	25	0	0	20	74	96	212	223	75	8	2	0	0	25	0	0	0	0	0	
0	0	0	0	0	0	0	0	0	0	25	91	198	255	240	255	255	199	205	189	74	0	3	3	0	0	0	0	
0	0	0	0	0	0	0	0	24	27	184	251	246	255	255	238	254	252	255	255	199	69	0	0	0	0	0	0	
0	10	0	0	8	3	3	12	209	246	254	246	249	253	253	245	247	245	255	255	242	226	56	0	0	0	0	0	
9	0	5	13	0	0	27	217	251	255	255	161	137	0	255	255	255	255	252	249	255	252	124	11	0	0	0	0	
0	0	10	0	12	85	222	237	252	154	48	3	8	0	206	250	228	89	157	255	243	232	255	130	0	0	0	0	
11	0	1	0	18	201	255	255	232	0	0	11	0	0	28	60	53	0	11	195	236	255	255	251	0	0	0	0	
0	6	0	0	148	239	231	215	17	9	28	0	12	9	0	0	0	0	8	0	229	247	238	255	0	0	0	0	
0	7	9	0	255	242	255	82	15	0	0	10	0	4	0	13	18	2	0	0	82	251	249	255	0	0	0	0	
18	0	8	11	241	250	246	92	0	0	15	0	13	9	0	3	0	0	5	0	95	253	239	255	0	0	0	0	
0	19	0	0	255	243	255	72	0	0	0	6	0	0	9	0	0	4	0	0	118	255	250	248	0	0	0	0	
6	0	0	11	249	255	255	77	3	0	0	11	0	0	18	0	6	0	44	189	234	255	240	145	0	0	0	0	
8	0	0	0	251	254	252	107	8	23	0	4	11	12	0	0	2	101	223	252	255	235	235	34	0	0	0	0	
0	15	4	14	247	247	239	255	197	117	100	2	0	0	134	146	173	255	240	246	241	255	84	0	0	0	0	0	
0	0	0	0	70	236	255	239	252	255	255	253	255	252	255	251	249	249	255	255	222	19	10	0	0	0	0	0	
10	0	9	5	0	170	251	255	251	255	243	240	249	255	244	254	244	255	253	158	26	10	0	0	0	0	0	0	
0	0	2	0	8	22	89	229	255	242	255	255	238	250	255	255	221	171	48	7	4	0	9	6	0	0	0	0	
18	0	9	0	0	0	23	49	164	224	208	244	230	223	81	71	26	0	15	4	0	0	10	0	0	0	0	0	
0	11	0	0	10	4	0	9	0	1	9	0	0	11	0	8	0	17	0	0	7	11	0	1	0	0	0	0	
0	0	0	0	0	0	0	0	0	0	0	0	0	0	0	0	0	0	0	0	0	0	0	0	0	0	0	0	
0	0	0	0	0	0	0	0	0	0	0	0	0	0	0	0	0	0	0	0	0	0	0	0	0	0	0	0	
0	0	0	0	0	0	0	0	0	0	0	0	0	0	0	0	0	0	0	0	0	0	0	0	0	0	0	0	
0	0	0	0	0	0	0	0	0	0	0	0	0	0	0	0	0	0	0	0	0	0	0	0	0	0	0	0	
