0	0	0	0	0	0	0	0	0	2	7	0	2	13	0	10	0	0	4	6	0	3	4	0	0	0	0	0	
0	0	0	0	0	0	0	0	3	0	0	14	0	0	5	0	12	0	0	10	11	9	0	0	0	0	0	0	
0	0	0	0	0	0	0	0	0	6	0	0	0	4	10	7	2	0	5	2	0	2	2	0	0	0	0	0	
0	0	0	0	0	0	0	0	10	0	10	8	0	0	0	0	0	10	13	0	0	12	0	5	0	0	0	0	
0	0	0	0	0	0	0	0	0	19	0	0	11	7	5	21	206	255	231	247	255	230	79	10	0	0	0	0	
0	0	0	0	0	0	0	0	0	16	0	24	12	0	115	226	249	227	172	176	192	255	210	18	0	0	0	0	
0	0	0	0	0	0	0	0	15	0	0	0	0	143	242	126	25	0	0	0	8	148	255	103	0	0	0	0	
0	0	0	0	0	0	0	0	0	0	6	0	112	168	27	0	0	8	10	0	3	17	220	200	0	0	0	0	
0	0	6	0	0	11	2	2	0	136	119	17	169	9	0	6	3	0	10	0	8	0	225	198	0	0	0	0	
2	0	4	0	0	0	0	0	96	247	216	0	6	4	10	0	3	0	7	7	0	0	221	188	0	0	0	0	
0	0	2	6	7	1	1	38	209	244	134	16	0	6	0	0	6	0	0	0	0	11	226	202	0	0	0	0	
8	0	1	3	0	0	11	89	255	235	24	0	0	13	2	0	0	0	0	0	15	58	247	192	0	0	0	0	
3	0	0	4	1	0	63	188	240	149	0	0	0	0	1	5	0	0	9	9	7	138	255	104	0	0	0	0	
0	0	0	3	6	13	102	255	248	22	0	20	1	0	0	4	3	0	5	12	0	201	239	7	0	0	0	0	
7	3	0	0	0	0	76	240	255	22	8	0	0	17	10	0	7	0	0	0	69	238	172	0	0	0	0	0	
0	0	0	0	4	6	90	254	160	5	3	0	5	0	0	0	0	3	7	0	225	255	108	10	0	0	0	0	
0	0	0	7	4	0	100	255	177	2	6	0	0	1	0	1	0	3	0	90	255	197	5	0	0	0	0	0	
0	8	0	0	0	6	95	245	157	1	0	0	8	9	0	0	0	5	98	252	222	83	0	13	0	0	0	0	
0	6	8	0	0	7	87	255	238	26	0	17	4	0	0	2	5	56	255	247	106	1	0	7	0	0	0	0	
1	0	7	1	3	0	66	255	242	84	5	0	0	2	12	19	93	239	243	139	0	0	16	0	0	0	0	0	
1	0	5	0	3	0	30	189	255	231	107	14	11	17	80	228	255	248	191	0	0	11	0	8	0	0	0	0	
1	0	5	0	0	1	1	60	246	245	250	232	203	209	255	255	246	169	24	4	0	4	0	6	0	0	0	0	
1	5	3	0	0	4	0	0	25	214	255	238	255	255	253	235	113	17	3	0	2	4	0	0	0	0	0	0	
0	1	0	5	0	0	10	2	8	19	111	198	221	153	142	54	5	0	0	8	0	6	3	0	0	0	0	0	
0	0	0	0	0	0	0	0	0	0	0	0	0	0	0	0	0	0	0	0	0	0	0	0	0	0	0	0	
0	0	0	0	0	0	0	0	0	0	0	0	0	0	0	0	0	0	0	0	0	0	0	0	0	0	0	0	
0	0	0	0	0	0	0	0	0	0	0	0	0	0	0	0	0	0	0	0	0	0	0	0	0	0	0	0	
0	0	0	0	0	0	0	0	0	0	0	0	0	0	0	0	0	0	0	0	0	0	0	0	0	0	0	0	
