0	0	0	0	0	0	0	0	1	0	0	8	0	3	1	3	7	0	0	9	0	0	4	0	0	0	0	0	
0	0	0	0	0	0	0	0	0	4	0	4	0	9	0	0	0	13	3	0	0	12	2	0	0	0	0	0	
0	0	0	0	0	0	0	0	3	0	0	5	0	0	0	14	0	0	0	9	6	0	0	14	0	0	0	0	
0	0	0	0	0	0	0	0	0	11	11	0	0	11	2	0	17	4	3	0	0	9	15	0	0	0	0	0	
0	0	0	0	0	0	0	0	0	0	0	8	13	0	0	22	0	0	1	9	8	0	0	6	0	0	0	0	
0	0	0	0	0	0	0	0	8	0	0	0	3	2	85	197	255	255	245	253	230	84	0	11	0	0	0	0	
0	0	0	0	0	0	0	0	0	21	16	0	46	141	234	255	245	254	241	249	255	227	90	0	0	0	0	0	
0	0	0	0	0	0	0	0	2	0	0	61	207	255	255	237	255	238	255	255	236	248	187	34	0	0	0	0	
1	0	0	0	3	1	0	7	12	0	57	225	237	252	253	229	107	112	105	119	179	255	255	216	6	0	4	7	
7	0	4	0	0	1	12	0	0	51	156	236	255	245	213	45	4	0	0	0	17	248	234	235	56	0	0	7	
0	0	8	0	1	0	8	0	32	234	253	255	238	233	137	0	0	5	14	0	0	255	250	255	103	10	0	6	
0	0	4	2	0	0	0	48	171	253	249	235	158	38	0	5	0	0	0	2	0	236	255	247	100	9	0	6	
10	1	0	2	0	5	0	161	248	245	255	234	44	2	3	0	12	0	0	8	8	250	255	234	53	0	0	4	
3	0	0	8	0	0	5	206	251	245	248	217	0	7	0	13	0	0	10	7	0	255	237	218	7	0	5	1	
0	0	2	5	5	0	69	218	248	255	240	78	10	0	1	0	0	0	7	0	3	255	252	212	0	0	5	0	
7	4	2	0	5	6	167	255	254	216	102	16	5	0	0	5	5	1	0	6	96	252	250	116	1	3	2	0	
0	0	0	0	12	0	232	247	255	136	2	0	2	0	10	0	9	0	0	31	199	247	216	34	0	0	0	0	
3	7	17	0	0	104	255	255	241	8	0	18	0	0	9	0	0	0	14	181	255	252	105	0	0	0	0	0	
0	0	0	0	0	129	248	249	250	0	8	0	14	4	0	12	6	0	77	191	224	248	24	3	0	0	0	0	
4	11	0	4	22	75	255	251	255	0	11	0	0	2	0	0	0	97	240	255	255	40	1	0	0	0	0	0	
0	14	0	0	0	10	219	248	244	6	0	9	4	0	0	35	143	255	247	227	101	0	0	9	0	0	0	0	
2	6	5	5	0	7	138	255	252	139	14	0	13	46	106	214	250	255	230	52	0	5	1	0	0	0	0	0	
3	0	0	2	0	0	23	186	245	235	216	221	199	233	255	236	255	168	40	0	3	4	4	0	0	0	0	0	
0	7	12	0	13	3	0	79	223	255	243	248	255	254	230	201	65	15	0	1	0	2	0	12	0	0	0	0	
0	0	0	0	0	0	0	0	13	103	230	251	167	114	74	3	0	0	0	0	0	0	0	0	0	0	0	0	
0	0	0	0	0	0	0	0	0	0	11	12	0	0	8	0	0	0	0	0	0	0	0	0	0	0	0	0	
0	0	0	0	0	0	0	0	9	0	0	4	1	3	10	9	0	0	0	0	0	0	0	0	0	0	0	0	
0	0	0	0	0	0	0	0	0	0	4	10	5	0	0	3	0	0	0	0	0	0	0	0	0	0	0	0	
