0	0	0	0	0	0	0	0	0	0	12	0	3	1	0	3	0	9	2	0	0	0	4	0	0	0	0	0	
0	0	0	0	0	0	0	0	0	16	0	10	0	5	0	15	14	0	16	0	0	16	0	0	0	0	0	0	
0	0	0	0	0	0	0	0	13	0	22	0	0	12	2	0	0	22	0	0	0	0	0	1	0	0	0	0	
0	0	0	0	0	0	0	0	0	5	0	15	3	0	1	20	158	233	100	0	20	0	1	20	0	0	0	0	
0	0	0	0	0	0	0	0	0	0	11	2	3	0	6	185	251	255	201	0	10	0	0	0	0	0	0	0	
0	0	0	0	0	0	0	0	5	0	3	0	5	39	184	255	255	251	246	109	0	1	21	0	0	0	0	0	
0	0	0	0	0	0	0	0	12	0	0	6	26	203	255	255	255	212	249	232	32	0	12	1	0	0	0	0	
0	0	0	0	0	0	0	0	0	12	0	21	171	252	252	251	149	18	218	239	156	15	0	0	0	0	0	0	
5	0	0	6	1	0	0	0	2	0	0	160	247	255	251	149	4	6	89	254	233	0	6	0	0	0	0	0	
4	0	11	0	8	3	0	18	0	8	106	255	252	242	205	13	0	2	105	251	248	6	0	8	0	0	0	0	
1	0	12	0	4	7	0	3	6	94	255	243	250	254	29	0	6	7	7	238	246	147	0	0	0	0	0	0	
0	4	0	4	0	3	9	0	70	255	241	237	233	94	0	9	8	0	0	171	255	190	8	2	0	0	0	0	
0	3	0	11	0	1	0	44	218	242	255	251	104	0	0	7	0	0	0	163	234	226	6	4	0	0	0	0	
1	0	0	0	4	6	0	180	255	253	243	157	4	0	12	0	4	0	9	178	255	255	24	0	0	0	0	0	
0	4	0	0	4	9	105	255	232	255	148	18	0	11	3	3	0	14	38	255	233	251	4	15	0	0	0	0	
0	10	0	7	0	8	238	255	255	228	60	0	5	0	0	7	4	0	100	246	255	173	3	0	0	0	0	0	
0	12	0	3	1	36	252	251	252	82	9	0	0	0	9	3	6	28	224	247	255	160	3	0	0	0	0	0	
3	0	13	0	0	116	252	255	243	30	0	0	19	1	0	0	29	219	255	255	244	56	0	0	0	0	0	0	
0	2	0	14	6	107	255	247	106	0	5	5	0	0	5	68	228	250	248	252	134	2	15	0	0	0	0	0	
2	0	11	0	0	118	245	250	75	0	9	4	22	82	171	248	245	255	255	155	18	0	0	5	0	0	0	0	
0	0	9	0	0	100	255	255	215	171	190	234	255	237	255	247	255	209	60	0	0	11	2	3	0	0	0	0	
0	11	0	3	12	4	199	245	255	255	245	254	255	240	255	221	116	26	0	28	6	0	0	0	0	0	0	0	
13	0	14	8	1	0	44	155	244	255	255	246	227	171	100	0	0	0	5	0	0	12	0	12	0	0	0	0	
1	5	0	0	5	3	0	6	10	0	6	0	3	0	0	4	4	9	2	0	1	1	0	0	0	0	0	0	
0	0	0	0	0	0	0	0	0	0	0	0	0	0	0	0	0	0	0	0	0	0	0	0	0	0	0	0	
0	0	0	0	0	0	0	0	0	0	0	0	0	0	0	0	0	0	0	0	0	0	0	0	0	0	0	0	
0	0	0	0	0	0	0	0	0	0	0	0	0	0	0	0	0	0	0	0	0	0	0	0	0	0	0	0	
0	0	0	0	0	0	0	0	0	0	0	0	0	0	0	0	0	0	0	0	0	0	0	0	0	0	0	0	
