0	0	0	0	0	0	0	0	0	6	4	0	0	2	6	2	2	0	0	1	1	0	2	7	0	0	0	0	
0	0	0	0	0	0	0	0	0	0	0	6	8	0	0	0	4	0	3	9	0	0	2	0	0	0	0	0	
0	0	0	0	0	0	0	0	3	0	0	1	0	0	0	11	0	0	6	0	0	9	12	0	0	0	0	0	
0	0	0	0	0	0	0	0	6	5	3	0	0	0	0	0	9	0	0	5	13	0	0	21	0	0	0	0	
0	0	0	0	0	0	0	0	0	0	1	6	4	0	0	8	67	207	255	175	84	13	0	0	0	0	0	0	
0	0	0	0	0	0	0	0	0	0	0	0	0	5	80	159	242	246	244	252	239	149	44	1	0	0	0	0	
0	0	0	0	0	0	0	0	2	7	0	0	16	97	202	255	255	249	251	252	255	255	154	0	0	0	0	0	
0	0	0	0	0	0	0	0	0	7	0	7	103	230	255	239	246	242	221	116	67	203	248	96	0	0	0	0	
5	1	0	12	0	0	0	11	4	0	26	173	255	239	255	254	242	46	0	0	10	92	250	220	0	0	0	0	
3	0	16	0	0	2	2	0	0	43	128	240	255	255	246	225	46	0	24	0	0	44	238	254	0	0	0	0	
0	1	5	0	19	4	4	5	10	149	255	236	255	247	154	36	1	0	0	16	0	111	255	251	0	0	0	0	
0	14	0	0	14	0	0	0	176	247	241	255	255	169	10	0	0	25	0	0	11	146	242	255	0	0	0	0	
1	3	5	7	0	0	16	59	251	255	255	245	223	65	12	0	0	0	0	16	4	234	252	169	0	0	0	0	
0	0	11	0	7	8	0	192	250	255	240	255	101	0	0	3	18	0	3	4	5	243	255	134	0	0	0	0	
3	0	2	0	9	0	14	245	254	255	226	94	0	0	27	0	0	0	4	3	235	255	197	15	0	0	0	0	
3	0	11	5	0	48	205	255	254	215	103	7	0	7	0	9	0	10	9	179	252	255	172	8	0	0	0	0	
0	1	4	0	4	195	240	255	255	120	0	0	0	3	0	0	0	11	91	255	250	230	61	2	0	0	0	0	
0	14	0	3	168	241	255	240	130	14	3	0	0	4	18	5	10	126	250	241	255	82	10	0	0	0	0	0	
0	13	5	0	191	255	240	192	3	0	10	0	6	2	0	43	147	241	255	250	99	16	0	0	0	0	0	0	
24	0	12	13	250	241	233	1	5	0	0	16	0	60	119	232	248	255	241	183	9	0	6	1	0	0	0	0	
1	0	0	0	255	255	54	2	0	19	16	113	135	218	243	255	252	245	148	0	16	13	0	2	0	0	0	0	
4	14	7	9	231	251	198	163	151	253	250	251	255	252	255	247	246	35	0	14	0	0	2	3	0	0	0	0	
0	1	0	0	112	255	255	248	254	240	252	255	246	248	252	149	32	7	14	0	7	0	6	0	0	0	0	0	
5	4	3	0	7	128	255	249	255	255	251	235	152	89	28	4	5	0	0	15	0	0	19	0	0	0	0	0	
0	0	0	0	0	0	0	0	0	0	0	0	0	0	0	0	0	0	0	0	0	0	0	0	0	0	0	0	
0	0	0	0	0	0	0	0	0	0	0	0	0	0	0	0	0	0	0	0	0	0	0	0	0	0	0	0	
0	0	0	0	0	0	0	0	0	0	0	0	0	0	0	0	0	0	0	0	0	0	0	0	0	0	0	0	
0	0	0	0	0	0	0	0	0	0	0	0	0	0	0	0	0	0	0	0	0	0	0	0	0	0	0	0	
