0	0	0	0	0	0	0	0	0	0	0	0	0	5	0	0	2	3	2	0	0	0	0	0	0	0	0	0	
0	0	0	0	0	0	0	0	3	10	18	0	0	6	1	1	0	0	0	3	4	0	0	9	0	0	0	0	
0	0	0	0	0	0	0	0	3	0	0	1	0	0	0	6	2	10	10	0	0	0	2	2	0	0	0	0	
0	0	0	0	0	0	0	0	3	0	3	0	0	5	0	5	0	0	0	3	6	2	0	0	0	0	0	0	
0	0	0	0	0	0	0	0	1	2	0	3	107	240	250	196	76	17	0	1	15	0	0	4	0	0	0	0	
0	0	0	0	0	0	0	0	11	2	0	0	101	241	255	250	255	185	83	4	0	0	4	4	0	0	0	0	
0	0	0	0	0	0	0	0	0	0	14	10	14	50	101	159	251	255	217	103	15	0	5	0	0	0	0	0	
0	0	0	0	0	0	0	0	10	0	0	0	2	6	0	5	43	153	255	251	133	16	0	7	0	0	0	0	
5	0	0	3	3	12	0	9	0	15	82	0	1	0	3	0	5	0	120	255	230	8	11	0	0	0	0	0	
0	0	2	2	0	3	2	2	21	184	233	30	7	10	0	0	0	6	11	200	234	158	3	0	0	0	0	0	
0	1	4	0	0	0	8	0	65	252	174	2	0	1	0	10	14	0	0	30	255	226	50	3	0	0	0	0	
2	0	0	0	0	1	0	18	188	247	40	2	1	2	0	9	0	0	15	0	248	255	51	0	0	0	0	0	
3	0	0	4	1	5	0	120	248	153	0	6	1	5	8	0	5	14	0	0	132	255	57	14	0	0	0	0	
0	0	0	6	0	4	59	235	244	15	2	0	0	0	2	0	0	0	0	7	141	249	62	0	0	0	0	0	
0	2	3	0	0	3	147	255	229	0	18	0	11	3	0	7	7	6	0	23	170	254	60	3	0	0	0	0	
0	2	0	0	6	3	206	244	125	3	0	0	0	4	5	0	0	14	4	48	255	248	53	0	0	0	0	0	
0	8	6	0	0	31	237	238	2	0	5	0	7	0	0	5	0	6	0	173	255	196	28	0	0	0	0	0	
10	0	0	13	0	126	255	133	0	2	12	3	0	5	0	9	5	11	159	242	215	42	0	15	0	0	0	0	
5	0	0	4	0	177	249	135	14	0	0	3	0	20	9	0	1	166	242	217	118	0	0	0	0	0	0	0	
0	9	0	0	0	177	249	149	0	0	0	20	15	0	0	106	185	253	255	83	0	0	10	7	0	0	0	0	
3	0	2	8	0	140	255	144	0	0	11	0	11	114	220	254	247	214	2	5	7	21	0	2	0	0	0	0	
1	0	0	7	0	41	208	252	154	54	100	180	246	255	255	177	88	0	1	6	0	0	7	0	0	0	0	0	
0	5	0	0	2	0	86	243	250	255	246	239	255	194	73	34	0	13	0	3	0	0	22	0	0	0	0	0	
5	0	2	0	7	5	0	28	141	141	180	152	25	9	11	0	0	2	0	0	11	0	0	0	0	0	0	0	
0	0	0	0	0	0	0	0	0	0	0	0	0	0	0	0	0	0	0	0	0	0	0	0	0	0	0	0	
0	0	0	0	0	0	0	0	0	0	0	0	0	0	0	0	0	0	0	0	0	0	0	0	0	0	0	0	
0	0	0	0	0	0	0	0	0	0	0	0	0	0	0	0	0	0	0	0	0	0	0	0	0	0	0	0	
0	0	0	0	0	0	0	0	0	0	0	0	0	0	0	0	0	0	0	0	0	0	0	0	0	0	0	0	
