0	0	0	0	0	0	0	0	1	0	7	0	0	10	0	0	0	4	0	0	0	11	0	3	0	0	0	0	
0	0	0	0	0	0	0	0	2	0	0	10	10	0	0	0	0	4	0	19	9	0	0	0	0	0	0	0	
0	0	0	0	0	0	0	0	6	2	3	0	0	6	13	0	13	0	11	0	0	6	0	7	0	0	0	0	
0	0	0	0	0	0	0	0	0	0	5	14	12	0	9	0	0	8	0	0	2	0	25	0	0	0	0	0	
0	0	0	0	0	0	0	0	0	15	0	0	1	72	230	252	184	141	135	52	11	0	0	14	0	0	0	0	
0	0	0	0	0	0	0	0	6	0	23	6	100	236	255	255	242	255	241	228	160	32	0	0	0	0	0	0	
0	0	0	0	0	0	0	0	21	21	175	187	225	255	233	212	255	254	255	255	253	165	26	0	0	0	0	0	
0	0	0	0	0	0	0	0	105	233	255	241	253	255	255	34	36	56	44	138	255	255	109	2	0	0	0	0	
0	11	0	0	13	0	0	126	253	250	252	239	247	255	241	113	0	3	13	0	144	255	212	19	0	0	0	0	
0	1	4	0	0	0	82	200	235	255	255	241	219	109	19	0	6	0	0	0	40	226	247	110	0	2	6	0	
0	0	6	2	0	20	196	255	255	255	188	29	0	0	0	9	13	0	5	6	0	182	249	184	9	0	4	0	
7	0	1	0	2	102	252	255	241	133	98	15	0	7	3	2	0	1	0	7	7	143	252	247	56	0	4	0	
3	0	0	0	5	195	255	243	188	0	0	5	0	0	0	0	0	2	0	0	5	70	254	255	123	11	6	0	
0	6	3	0	0	251	251	254	148	2	0	0	0	15	10	10	17	0	10	3	0	38	255	244	147	0	0	0	
0	3	1	0	0	255	250	255	161	16	0	0	0	0	0	2	0	0	6	7	1	108	255	253	139	0	0	0	
7	0	0	7	1	252	249	248	155	5	0	7	1	5	15	0	0	14	0	0	15	179	241	254	142	0	16	3	
0	17	0	0	2	228	251	243	82	0	10	5	0	16	1	0	0	0	12	1	19	249	248	248	123	13	0	9	
0	0	0	14	4	120	255	227	7	12	0	0	6	0	6	0	2	0	3	0	161	255	255	255	59	0	0	4	
12	0	1	0	0	30	255	183	13	0	14	0	8	0	0	2	10	0	4	149	255	246	245	149	5	0	1	0	
2	0	3	0	13	30	249	250	113	0	0	2	0	11	3	6	58	125	236	255	251	238	255	109	0	1	3	0	
2	0	3	2	0	0	81	233	255	158	37	46	41	82	164	160	232	255	255	252	235	255	105	4	0	5	0	0	
0	6	5	2	5	11	2	167	230	255	255	255	255	249	255	252	255	252	248	246	254	92	5	2	0	4	0	4	
0	19	2	0	0	11	0	20	90	157	255	236	255	253	254	246	251	255	200	207	104	0	7	2	0	5	0	9	
0	0	0	6	1	0	9	0	6	0	25	30	109	127	250	188	143	45	18	15	0	6	0	0	0	6	0	3	
0	0	0	0	0	0	0	0	0	0	0	0	0	0	0	0	0	0	0	0	0	0	0	0	0	0	0	0	
0	0	0	0	0	0	0	0	0	0	0	0	0	0	0	0	0	0	0	0	0	0	0	0	0	0	0	0	
0	0	0	0	0	0	0	0	0	0	0	0	0	0	0	0	0	0	0	0	0	0	0	0	0	0	0	0	
0	0	0	0	0	0	0	0	0	0	0	0	0	0	0	0	0	0	0	0	0	0	0	0	0	0	0	0	
