0	0	0	0	0	0	0	0	0	4	7	0	0	0	2	2	0	1	5	5	1	0	0	3	0	0	0	0	
0	0	0	0	0	0	0	0	0	0	0	0	3	5	0	0	1	0	0	0	0	1	1	1	0	0	0	0	
0	0	0	0	0	0	0	0	8	3	0	0	0	5	9	8	2	0	0	0	0	2	3	3	0	0	0	0	
0	0	0	0	0	0	0	0	0	3	8	5	0	0	0	0	0	2	6	5	0	0	0	0	0	0	0	0	
0	0	0	0	0	0	0	0	0	0	3	4	3	1	4	9	0	0	0	0	2	5	5	4	0	0	0	0	
0	0	0	0	0	0	0	0	7	1	0	0	0	0	0	0	22	11	0	0	1	4	0	0	0	0	0	0	
0	0	0	0	0	0	0	0	0	1	6	8	2	0	4	17	6	12	16	10	0	0	0	8	0	0	0	0	
0	0	0	0	0	0	0	0	0	0	0	0	3	55	149	227	254	255	255	193	98	23	0	0	0	0	0	0	
2	0	2	0	0	2	3	0	0	5	7	62	182	235	255	243	255	245	255	241	255	235	68	6	4	0	5	13	
0	0	3	0	3	0	24	0	5	0	9	207	251	255	247	252	255	250	214	149	184	244	233	112	2	0	0	0	
0	12	3	0	22	1	0	4	7	28	96	255	247	237	172	134	33	38	15	0	24	109	255	241	72	10	0	0	
11	0	11	11	0	3	0	48	34	181	255	193	99	33	4	0	6	7	2	0	0	0	167	255	193	18	1	0	
0	5	4	0	6	0	57	186	255	230	147	16	5	0	8	1	0	2	6	0	6	0	83	255	255	0	0	0	
1	0	3	5	0	15	219	255	207	70	9	0	0	0	8	1	0	0	0	0	2	3	59	252	252	0	0	6	
0	8	0	0	7	124	255	246	73	0	1	13	0	0	0	0	6	2	0	3	0	0	130	252	131	0	1	9	
9	0	1	11	0	240	244	148	0	0	8	0	6	1	0	8	0	3	0	8	0	24	234	231	2	0	0	2	
0	7	0	0	11	250	249	153	0	7	3	0	9	9	0	8	4	0	3	0	21	143	255	88	0	0	0	0	
0	0	11	2	0	255	242	144	1	0	12	6	0	3	6	0	0	3	14	5	57	238	174	10	0	0	0	0	
0	0	3	6	0	240	255	167	12	0	4	0	0	0	0	8	7	0	1	118	240	227	5	0	0	0	0	0	
6	0	0	2	18	125	255	246	137	24	0	3	0	8	6	0	2	47	205	241	230	26	4	0	0	0	0	0	
3	13	0	0	0	12	166	255	255	241	161	76	55	38	45	124	179	249	222	189	32	0	7	0	0	0	0	0	
0	8	3	3	0	1	27	138	217	239	255	242	242	255	255	247	251	191	63	0	20	11	0	3	0	0	0	0	
0	0	0	4	3	19	0	12	1	88	167	190	204	182	117	91	23	0	0	3	0	1	1	8	0	0	0	0	
4	4	0	0	5	0	0	0	11	0	2	6	0	0	5	2	3	0	1	1	1	0	5	0	0	0	0	0	
0	0	0	0	0	0	0	0	0	0	0	0	0	0	0	0	0	0	0	0	0	0	0	0	0	0	0	0	
0	0	0	0	0	0	0	0	0	0	0	0	0	0	0	0	0	0	0	0	0	0	0	0	0	0	0	0	
0	0	0	0	0	0	0	0	0	0	0	0	0	0	0	0	0	0	0	0	0	0	0	0	0	0	0	0	
0	0	0	0	0	0	0	0	0	0	0	0	0	0	0	0	0	0	0	0	0	0	0	0	0	0	0	0	
