0	0	0	0	0	0	0	0	0	0	2	0	0	5	6	0	11	0	10	8	4	0	5	3	0	0	0	0	
0	0	0	0	0	0	0	0	14	0	12	5	0	4	0	0	0	0	0	0	0	6	13	0	0	0	0	0	
0	0	0	0	0	0	0	0	0	0	3	2	0	0	0	8	10	6	7	1	10	0	0	2	0	0	0	0	
0	0	0	0	0	0	0	0	0	0	0	0	0	5	16	0	0	6	6	0	5	10	1	0	0	0	0	0	
0	0	0	0	0	0	0	0	10	0	2	53	244	255	52	8	7	8	0	0	0	0	0	19	0	0	0	0	
0	0	0	0	0	0	0	0	0	4	57	205	255	239	249	165	194	129	40	8	4	11	0	0	0	0	0	0	
0	0	0	0	0	0	0	0	16	45	227	255	239	255	243	255	230	255	244	119	0	0	9	1	0	0	0	0	
0	0	0	0	0	0	0	0	17	150	237	255	255	253	246	233	227	242	255	239	115	29	0	4	0	0	0	0	
1	0	4	6	0	0	24	0	201	250	248	252	138	128	130	43	2	101	255	248	255	201	0	10	0	0	0	0	
0	0	7	0	3	5	0	1	187	255	248	124	6	0	5	0	0	36	103	206	255	241	126	0	0	0	0	0	
1	1	5	0	11	5	0	87	232	245	110	0	7	0	0	0	16	0	0	66	246	243	255	25	0	0	0	0	
5	0	0	0	11	0	25	211	254	255	35	0	22	0	11	1	2	3	0	7	106	229	255	149	0	0	0	0	
3	3	0	7	2	0	113	255	247	255	56	1	0	0	9	0	0	2	16	0	11	230	247	191	0	0	0	0	
0	9	0	1	0	4	177	255	255	185	28	5	0	19	5	0	8	0	9	0	0	212	255	164	0	0	0	0	
0	6	0	0	0	1	190	242	255	125	0	2	0	0	0	2	0	6	3	24	13	211	254	182	0	0	0	0	
0	0	4	1	11	0	179	255	247	134	0	0	8	0	15	0	8	0	0	0	133	251	255	172	0	0	0	0	
10	0	0	5	7	0	188	255	252	222	35	1	0	0	5	0	3	0	3	37	216	255	250	58	0	0	0	0	
0	0	6	0	3	5	175	244	255	243	49	0	12	6	0	0	0	8	0	30	255	251	255	14	0	0	0	0	
1	3	6	0	0	17	161	255	255	228	80	4	0	0	18	4	7	0	61	187	243	255	104	3	0	0	0	0	
5	0	1	0	0	1	102	241	249	255	217	147	34	1	10	0	0	29	245	255	246	202	0	8	0	0	0	0	
0	0	0	6	0	0	14	106	219	255	255	234	211	224	214	228	222	235	249	244	255	161	0	0	0	0	0	0	
0	2	0	0	6	4	0	1	212	246	255	255	249	255	255	255	245	239	255	254	185	12	8	0	0	0	0	0	
2	9	0	0	6	7	5	0	17	81	231	254	255	247	255	243	255	240	186	161	0	0	12	0	0	0	0	0	
0	0	0	0	5	0	5	3	0	4	84	83	240	250	255	252	97	83	0	0	16	0	6	0	0	0	0	0	
0	0	0	0	0	0	0	0	0	0	0	0	0	0	0	0	0	0	0	0	0	0	0	0	0	0	0	0	
0	0	0	0	0	0	0	0	0	0	0	0	0	0	0	0	0	0	0	0	0	0	0	0	0	0	0	0	
0	0	0	0	0	0	0	0	0	0	0	0	0	0	0	0	0	0	0	0	0	0	0	0	0	0	0	0	
0	0	0	0	0	0	0	0	0	0	0	0	0	0	0	0	0	0	0	0	0	0	0	0	0	0	0	0	
