0	0	0	0	0	0	0	0	0	0	17	0	7	0	0	0	0	0	5	12	0	0	22	0	0	0	0	0	
0	0	0	0	0	0	0	0	0	0	6	0	12	1	4	0	13	0	19	0	19	13	0	2	0	0	0	0	
0	0	0	0	0	0	0	0	8	0	0	15	0	0	0	0	0	32	0	4	0	7	0	7	0	0	0	0	
0	0	0	0	0	0	0	0	0	12	0	0	1	0	0	3	3	0	0	12	3	2	0	0	0	0	0	0	
0	0	0	0	0	0	0	0	0	6	0	38	222	246	255	251	250	124	3	3	1	0	1	9	0	0	0	0	
0	0	0	0	0	0	0	0	8	0	39	206	249	242	252	255	255	243	35	10	2	1	8	0	0	0	0	0	
0	0	0	0	0	0	0	0	6	0	45	255	255	255	255	235	242	255	217	9	0	11	0	3	0	0	0	0	
0	0	0	0	0	0	0	0	0	123	214	239	242	217	255	241	182	242	255	109	2	0	0	3	0	0	0	0	
0	0	6	6	3	0	17	0	18	225	253	197	33	65	138	25	65	248	252	143	10	0	5	3	0	0	0	0	
0	2	0	0	0	0	8	4	107	229	206	44	0	22	12	5	8	124	255	218	24	0	0	0	0	0	0	0	
0	7	0	0	1	1	0	22	214	255	105	0	5	0	0	5	4	17	236	254	110	4	4	2	0	0	0	0	
0	5	0	0	12	6	8	85	255	203	4	10	6	0	29	0	10	0	184	255	250	35	0	0	0	0	0	0	
5	6	1	0	0	0	23	134	249	69	0	14	0	5	0	0	0	2	82	238	255	32	0	3	0	0	0	0	
0	0	0	7	14	16	144	255	186	6	11	0	9	8	0	11	0	4	0	226	233	100	4	4	0	0	0	0	
8	0	1	0	0	0	164	228	72	2	0	0	16	0	0	9	0	1	0	224	255	226	18	0	0	0	0	0	
0	0	7	0	3	18	216	234	1	3	2	0	2	0	0	0	6	0	0	131	243	252	0	11	0	0	0	0	
0	0	6	7	0	16	253	230	9	0	0	1	1	0	0	2	0	0	0	103	250	255	1	0	0	0	0	0	
4	7	2	0	5	16	254	179	0	5	12	0	0	6	11	1	4	5	0	107	236	207	35	0	0	0	0	0	
0	0	5	0	5	110	255	226	8	0	0	5	6	0	0	0	0	12	0	156	255	243	0	0	0	0	0	0	
4	0	5	0	0	102	224	255	136	51	0	0	11	5	0	7	0	4	194	237	255	255	7	5	0	0	0	0	
2	6	0	0	16	0	216	255	255	230	167	82	2	0	17	73	148	229	255	255	251	84	0	8	0	0	0	0	
0	0	0	0	14	0	151	231	252	251	253	254	248	240	240	246	255	245	249	243	144	31	0	0	0	0	0	0	
5	0	4	1	0	3	20	106	252	255	251	242	243	253	255	252	255	247	205	42	11	0	3	4	0	0	0	0	
0	2	2	0	13	0	0	0	21	133	216	222	230	252	210	131	121	29	13	0	0	23	0	5	0	0	0	0	
0	0	0	0	0	0	0	0	0	0	0	0	0	0	0	0	0	0	0	0	0	0	0	0	0	0	0	0	
0	0	0	0	0	0	0	0	0	0	0	0	0	0	0	0	0	0	0	0	0	0	0	0	0	0	0	0	
0	0	0	0	0	0	0	0	0	0	0	0	0	0	0	0	0	0	0	0	0	0	0	0	0	0	0	0	
0	0	0	0	0	0	0	0	0	0	0	0	0	0	0	0	0	0	0	0	0	0	0	0	0	0	0	0	
