0	0	0	0	0	0	0	0	0	0	5	0	8	1	0	7	0	1	2	0	0	4	5	0	0	0	0	0	
0	0	0	0	0	0	0	0	3	0	7	1	0	0	18	0	7	2	0	2	0	0	0	0	0	0	0	0	
0	0	0	0	0	0	0	0	2	0	0	0	2	5	19	1	0	0	0	2	9	8	4	0	0	0	0	0	
0	0	0	0	0	0	0	0	7	0	15	11	0	0	0	0	2	10	6	0	0	0	4	0	0	0	0	0	
0	0	0	0	0	0	0	0	0	14	196	188	11	0	14	2	0	0	3	5	2	0	0	0	0	0	0	0	
0	0	0	0	0	0	0	0	2	84	250	224	61	122	161	161	85	32	0	0	12	9	0	0	0	0	0	0	
0	0	0	0	0	0	0	0	0	155	235	240	169	255	255	247	255	179	78	7	0	0	0	4	0	0	0	0	
0	0	0	0	0	0	0	0	31	234	255	208	0	40	142	218	253	255	221	104	14	0	4	0	0	0	0	0	
1	0	0	4	0	0	13	0	98	249	252	107	1	0	0	35	137	221	254	246	48	9	0	3	0	0	0	0	
6	0	0	3	0	1	4	0	101	246	255	68	7	7	0	0	0	0	143	255	255	23	21	0	0	0	0	0	
2	2	0	1	0	2	2	4	161	252	234	10	0	2	14	0	8	7	34	205	255	120	0	0	0	0	0	0	
0	4	4	0	0	0	6	47	237	255	185	0	0	0	9	6	0	12	0	47	246	234	39	18	0	0	0	0	
0	5	0	1	0	2	1	70	255	255	132	5	8	0	0	1	0	3	4	0	255	255	103	0	0	0	0	0	
3	3	0	3	3	8	0	83	251	255	75	8	0	4	2	0	5	2	0	12	241	255	196	4	0	0	0	0	
3	3	0	6	2	5	0	128	251	253	23	0	0	0	10	0	0	2	8	5	251	239	202	0	0	0	0	0	
0	3	0	8	0	0	10	184	254	244	0	6	3	0	6	0	0	6	0	0	255	255	167	17	0	0	0	0	
5	5	0	3	4	3	0	183	242	210	0	0	18	2	0	0	9	0	18	26	255	247	96	6	0	0	0	0	
0	2	0	5	1	3	9	199	255	250	3	0	4	0	5	10	0	12	8	149	246	185	5	0	0	0	0	0	
0	3	0	3	0	0	0	160	239	255	0	11	0	8	0	0	9	28	138	255	248	39	3	5	0	0	0	0	
4	3	0	2	3	0	0	92	254	255	31	0	0	0	0	0	15	201	255	227	110	8	3	0	0	0	0	0	
1	0	0	2	7	6	0	63	252	238	124	0	26	0	41	54	199	255	249	193	0	0	3	0	0	0	0	0	
0	1	6	0	0	0	2	50	235	255	253	180	176	179	212	247	255	234	154	32	0	14	6	0	0	0	0	0	
0	3	8	0	0	0	0	18	133	217	247	255	242	255	252	255	184	74	10	9	0	0	0	6	0	0	0	0	
4	0	3	0	4	7	0	0	0	90	200	243	255	166	127	23	3	16	0	0	4	3	0	5	0	0	0	0	
0	0	0	0	0	0	0	0	0	0	0	0	0	0	0	0	0	0	0	0	0	0	0	0	0	0	0	0	
0	0	0	0	0	0	0	0	0	0	0	0	0	0	0	0	0	0	0	0	0	0	0	0	0	0	0	0	
0	0	0	0	0	0	0	0	0	0	0	0	0	0	0	0	0	0	0	0	0	0	0	0	0	0	0	0	
0	0	0	0	0	0	0	0	0	0	0	0	0	0	0	0	0	0	0	0	0	0	0	0	0	0	0	0	
