0	0	0	0	0	0	0	0	0	0	0	10	0	0	11	0	0	4	13	0	7	0	4	0	0	0	0	0	
0	0	0	0	0	0	0	0	0	17	0	0	0	5	0	4	8	1	0	9	0	0	2	0	0	0	0	0	
0	0	0	0	0	0	0	0	0	1	0	4	8	3	0	2	0	0	19	14	0	2	6	0	0	0	0	0	
0	0	0	0	0	0	0	0	10	0	2	0	6	10	3	6	2	11	0	0	0	0	5	0	0	0	0	0	
0	0	0	0	0	0	0	0	0	11	20	0	70	133	212	255	255	223	15	3	5	0	13	0	0	0	0	0	
0	0	0	0	0	0	0	0	3	0	0	64	248	255	255	254	238	254	206	35	1	0	0	9	0	0	0	0	
0	0	0	0	0	0	0	0	4	0	18	175	255	242	249	244	255	242	255	39	0	14	0	0	0	0	0	0	
0	0	0	0	0	0	0	0	7	0	54	252	249	252	220	60	207	255	254	206	20	4	0	1	0	0	0	0	
0	0	0	0	0	0	0	0	0	7	159	255	248	255	113	0	32	214	255	249	111	0	0	2	0	0	0	0	
0	0	0	0	0	0	0	0	9	13	222	255	239	110	9	0	0	135	242	243	165	0	0	0	0	0	0	0	
0	0	0	0	0	0	0	0	0	48	255	250	248	79	0	10	0	83	251	251	227	11	2	0	0	0	0	0	
0	0	0	0	0	0	0	0	10	144	255	251	250	96	0	0	4	56	255	253	254	20	3	3	0	0	0	0	
0	0	0	0	0	0	0	0	0	189	237	255	240	55	0	18	0	7	205	244	255	26	0	5	0	0	0	0	
0	0	0	0	0	0	0	0	34	251	255	250	215	0	0	0	0	0	170	249	255	29	0	3	0	0	0	0	
0	0	0	0	0	0	0	0	22	254	255	239	207	2	17	4	9	27	206	255	249	23	1	0	0	0	0	0	
0	0	0	0	0	0	0	0	26	249	255	255	200	5	0	0	0	73	255	255	217	8	18	0	0	0	0	0	
0	0	0	0	0	0	0	0	18	255	252	244	114	0	4	0	8	74	247	255	156	0	0	4	0	0	0	0	
0	0	0	0	0	0	0	0	88	250	248	255	72	0	0	11	0	130	255	238	164	0	18	6	0	0	0	0	
0	0	0	0	0	0	0	0	36	244	255	248	82	7	3	0	126	242	252	255	46	4	0	0	0	0	0	0	
0	0	0	0	0	0	0	0	31	255	239	255	191	0	0	30	214	250	242	132	0	1	10	0	0	0	0	0	
0	0	0	0	0	0	0	0	2	253	254	255	247	93	142	229	246	255	212	17	21	1	0	0	0	0	0	0	
0	0	0	0	0	0	0	0	33	205	255	255	254	252	247	251	251	220	31	0	0	3	0	5	0	0	0	0	
0	0	0	0	0	0	0	0	0	56	185	255	249	242	252	255	248	131	0	16	1	0	8	1	0	0	0	0	
0	0	0	0	0	0	0	0	8	0	37	139	255	255	255	155	30	0	0	0	2	4	0	0	0	0	0	0	
0	0	0	0	0	0	0	0	0	0	0	0	0	0	0	0	0	0	0	0	0	0	0	0	0	0	0	0	
0	0	0	0	0	0	0	0	0	0	0	0	0	0	0	0	0	0	0	0	0	0	0	0	0	0	0	0	
0	0	0	0	0	0	0	0	0	0	0	0	0	0	0	0	0	0	0	0	0	0	0	0	0	0	0	0	
0	0	0	0	0	0	0	0	0	0	0	0	0	0	0	0	0	0	0	0	0	0	0	0	0	0	0	0	
