0	0	0	0	0	0	0	0	0	2	4	0	0	4	0	0	0	0	3	3	3	3	0	0	0	0	0	0	
0	0	0	0	0	0	0	0	6	8	0	3	5	0	3	0	3	10	3	0	0	7	9	0	0	0	0	0	
0	0	0	0	0	0	0	0	0	0	3	9	3	4	0	6	3	0	0	11	12	0	0	10	0	0	0	0	
0	0	0	0	0	0	0	0	7	0	6	1	0	0	0	0	0	5	7	0	0	0	1	0	0	0	0	0	
0	0	0	0	0	0	0	0	10	0	0	137	255	255	199	87	8	0	0	0	5	2	0	1	0	0	0	0	
0	0	0	0	0	0	0	0	0	18	132	222	255	246	206	245	133	97	46	8	0	0	3	6	0	0	0	0	
0	0	0	0	0	0	0	0	6	125	255	255	226	159	151	255	249	255	189	58	0	1	12	0	0	0	0	0	
0	0	0	0	0	0	0	0	29	241	237	253	175	49	146	168	210	226	252	233	131	14	0	12	0	0	0	0	
0	0	0	0	0	0	0	0	53	236	255	255	68	2	19	0	9	10	188	254	239	41	0	0	0	0	0	0	
0	0	0	0	0	0	0	0	90	253	255	202	3	0	0	7	0	0	132	252	255	35	14	13	0	0	0	0	
0	0	0	0	0	0	0	0	127	241	253	120	4	15	0	0	5	9	124	249	246	0	0	0	0	0	0	0	
0	0	0	0	0	0	0	0	198	255	255	25	4	5	3	0	0	0	178	250	227	0	6	0	0	0	0	0	
0	0	0	0	0	0	0	0	168	255	255	9	2	0	6	0	3	0	241	255	225	7	9	4	0	0	0	0	
0	0	0	0	0	0	0	0	116	246	249	43	11	0	2	1	11	0	250	251	229	3	0	0	0	0	0	0	
0	0	0	0	0	0	0	0	176	255	243	32	0	3	0	0	0	54	233	244	235	1	0	6	0	0	0	0	
0	0	0	0	0	0	0	0	191	254	255	25	4	4	0	4	7	171	255	255	238	0	2	0	0	0	0	0	
0	0	0	0	0	0	0	0	183	255	249	35	1	1	0	0	4	178	255	255	232	0	0	0	0	0	0	0	
0	0	0	0	0	0	0	0	72	239	255	184	0	13	8	6	16	209	249	255	214	8	8	1	0	0	0	0	
0	0	0	0	0	0	0	0	2	110	226	255	106	0	0	0	39	238	250	255	158	0	2	0	0	0	0	0	
0	0	0	0	0	0	0	0	0	21	254	251	243	114	17	6	142	255	255	253	89	0	7	0	0	0	0	0	
0	0	0	0	0	0	0	0	8	2	19	193	255	249	169	0	247	255	242	215	23	5	6	0	0	0	0	0	
0	0	0	0	0	0	0	0	0	0	17	10	225	255	225	233	255	246	252	197	0	0	0	0	0	0	0	0	
0	0	0	0	0	0	0	0	5	0	0	8	13	185	240	254	246	255	251	164	5	3	1	10	0	0	0	0	
0	0	0	0	0	0	0	0	0	6	0	9	0	10	79	186	255	255	188	76	0	1	3	0	0	0	0	0	
0	0	0	0	0	0	0	0	0	0	0	0	0	0	0	0	0	0	0	0	0	0	0	0	0	0	0	0	
0	0	0	0	0	0	0	0	0	0	0	0	0	0	0	0	0	0	0	0	0	0	0	0	0	0	0	0	
0	0	0	0	0	0	0	0	0	0	0	0	0	0	0	0	0	0	0	0	0	0	0	0	0	0	0	0	
0	0	0	0	0	0	0	0	0	0	0	0	0	0	0	0	0	0	0	0	0	0	0	0	0	0	0	0	
