0	0	0	0	0	0	0	0	0	11	0	0	3	1	4	1	2	0	0	6	2	0	1	0	0	0	0	0	
0	0	0	0	0	0	0	0	0	0	15	13	0	1	0	2	0	5	14	0	0	0	13	0	0	0	0	0	
0	0	0	0	0	0	0	0	5	0	0	0	0	0	11	0	0	0	5	7	10	0	4	1	0	0	0	0	
0	0	0	0	0	0	0	0	0	4	0	16	2	0	18	6	4	13	0	6	0	9	1	0	0	0	0	0	
0	0	0	0	0	0	0	0	0	16	0	0	0	4	0	12	82	224	255	232	91	62	51	9	0	0	0	0	
0	0	0	0	0	0	0	0	9	0	9	7	0	3	0	197	255	255	252	242	248	255	219	44	0	0	0	0	
0	0	0	0	0	0	0	0	3	3	0	0	72	238	218	251	246	241	255	255	255	249	247	81	0	0	0	0	
0	0	0	0	0	0	0	0	0	7	18	140	210	255	255	252	255	255	247	255	232	255	255	70	0	0	0	0	
0	0	5	0	7	3	0	4	0	35	60	247	255	246	255	252	247	255	255	236	255	239	255	76	0	0	0	0	
0	7	4	7	0	0	0	0	13	180	255	250	255	245	255	216	137	231	233	253	255	255	248	175	0	0	0	0	
0	0	0	0	3	5	0	42	200	249	240	255	238	238	230	47	0	88	229	233	230	254	244	247	0	0	0	0	
9	0	0	0	11	8	4	182	255	250	255	236	253	105	1	0	0	0	9	0	118	249	255	255	0	0	0	0	
0	0	17	0	0	0	88	255	246	251	243	255	115	0	1	0	0	19	0	10	31	196	255	241	0	0	0	0	
0	0	1	2	1	56	223	248	255	247	214	0	12	0	0	0	9	5	0	0	41	208	255	251	0	0	0	0	
10	5	0	7	61	193	255	245	241	255	146	0	0	1	0	8	0	3	9	26	208	255	237	253	0	0	0	0	
0	0	6	0	83	255	243	255	211	6	0	12	0	5	9	0	13	0	0	204	253	244	255	87	0	0	0	0	
0	18	0	0	88	252	249	253	211	3	0	3	9	0	8	0	0	1	85	218	252	255	246	68	0	0	0	0	
0	0	7	0	243	255	249	255	39	0	11	0	0	8	0	13	33	96	246	255	248	244	170	20	0	0	0	0	
8	0	1	8	253	251	250	239	45	0	0	22	1	3	0	125	214	248	241	250	255	137	80	0	0	0	0	0	
0	4	0	15	227	255	255	254	57	39	33	21	52	200	224	253	238	253	255	241	211	67	0	4	0	0	0	0	
0	7	0	0	255	250	249	253	255	241	255	255	247	255	240	247	255	248	242	131	7	0	16	10	0	0	0	0	
6	0	0	0	228	255	255	237	241	255	255	234	251	251	255	255	245	212	72	7	11	0	0	0	0	0	0	0	
5	0	0	13	101	225	255	255	245	255	242	251	255	255	238	154	164	0	9	10	0	10	8	5	0	0	0	0	
2	0	0	2	16	85	120	245	255	253	251	248	129	63	91	0	4	0	10	0	14	0	0	0	0	0	0	0	
0	0	0	0	0	0	0	0	0	0	0	0	0	0	0	0	0	0	0	0	0	0	0	0	0	0	0	0	
0	0	0	0	0	0	0	0	0	0	0	0	0	0	0	0	0	0	0	0	0	0	0	0	0	0	0	0	
0	0	0	0	0	0	0	0	0	0	0	0	0	0	0	0	0	0	0	0	0	0	0	0	0	0	0	0	
0	0	0	0	0	0	0	0	0	0	0	0	0	0	0	0	0	0	0	0	0	0	0	0	0	0	0	0	
