0	0	0	0	0	0	0	0	2	0	0	9	2	0	12	0	0	4	0	3	0	0	16	0	0	0	0	0	
0	0	0	0	0	0	0	0	0	16	2	0	0	0	0	0	3	7	0	5	2	0	0	6	0	0	0	0	
0	0	0	0	0	0	0	0	0	10	0	0	13	10	5	1	0	0	0	0	0	14	1	5	0	0	0	0	
0	0	0	0	0	0	0	0	2	0	0	0	3	0	0	0	15	0	0	7	1	0	10	0	0	0	0	0	
0	0	0	0	0	0	0	0	6	0	9	6	0	0	10	10	0	20	120	253	255	56	0	6	0	0	0	0	
0	0	0	0	0	0	0	0	0	0	9	4	0	15	8	0	0	186	255	255	255	120	11	0	0	0	0	0	
0	0	0	0	0	0	0	0	0	0	0	0	6	0	0	18	194	255	255	241	242	136	0	10	0	0	0	0	
0	0	0	0	0	0	0	0	0	5	0	0	17	0	16	185	255	242	255	255	255	255	62	0	0	0	0	0	
0	0	0	0	0	0	0	0	0	3	4	0	3	63	255	254	246	255	246	255	253	254	136	0	0	0	0	0	
0	0	0	0	0	0	0	0	3	1	5	1	127	255	228	251	255	247	203	0	255	255	127	9	0	0	0	0	
0	0	0	0	0	0	0	0	0	0	0	84	177	243	255	248	246	190	64	0	179	255	180	0	0	0	0	0	
0	0	0	0	0	0	0	0	9	7	0	255	255	250	255	250	190	15	0	0	255	240	132	8	0	0	0	0	
0	0	0	0	0	0	0	0	0	10	195	255	242	255	234	208	0	6	10	59	244	246	116	11	0	0	0	0	
0	0	0	0	0	0	0	0	0	206	245	254	255	197	11	0	7	0	0	204	253	255	141	0	0	0	0	0	
0	0	0	0	0	0	0	0	133	255	238	255	187	0	0	10	6	6	131	253	252	255	54	9	0	0	0	0	
0	0	0	0	0	0	0	0	249	255	255	184	3	1	0	4	0	0	196	243	255	122	0	4	0	0	0	0	
2	0	0	0	11	3	0	130	255	254	179	6	0	0	17	0	0	255	241	255	250	73	0	8	0	0	0	0	
0	0	8	0	0	0	21	255	249	255	133	13	0	0	0	6	197	246	255	249	193	0	1	0	0	0	0	0	
5	0	4	0	6	1	169	245	255	186	0	0	0	1	209	242	236	255	250	196	0	0	0	8	0	0	0	0	
0	0	10	0	0	64	255	251	243	58	2	149	139	255	226	255	255	255	178	0	14	4	0	0	0	0	0	0	
1	1	0	8	3	178	241	255	245	208	111	254	238	255	255	253	255	114	13	11	0	5	8	0	0	0	0	0	
2	1	0	0	7	195	255	248	255	255	255	248	255	255	255	180	64	15	0	4	9	0	0	25	0	0	0	0	
0	9	10	0	0	78	255	255	255	229	250	255	239	255	129	1	0	0	17	0	7	10	5	0	0	0	0	0	
3	1	5	0	14	0	50	136	182	255	242	255	140	0	0	6	8	0	5	0	0	9	0	8	0	0	0	0	
0	0	0	0	0	0	0	0	0	0	0	0	0	0	0	0	0	0	0	0	0	0	0	0	0	0	0	0	
0	0	0	0	0	0	0	0	0	0	0	0	0	0	0	0	0	0	0	0	0	0	0	0	0	0	0	0	
0	0	0	0	0	0	0	0	0	0	0	0	0	0	0	0	0	0	0	0	0	0	0	0	0	0	0	0	
0	0	0	0	0	0	0	0	0	0	0	0	0	0	0	0	0	0	0	0	0	0	0	0	0	0	0	0	
