0	0	0	0	0	0	0	0	1	0	10	0	0	16	0	0	0	0	4	0	8	2	1	2	0	0	0	0	
0	0	0	0	0	0	0	0	0	10	0	7	12	0	3	16	7	4	3	18	0	0	0	0	0	0	0	0	
0	0	0	0	0	0	0	0	0	4	0	4	0	0	9	0	3	0	0	0	9	0	0	0	0	0	0	0	
0	0	0	0	0	0	0	0	5	0	2	0	1	8	0	13	0	13	9	0	14	0	0	5	0	0	0	0	
0	0	0	0	0	0	0	0	0	2	1	0	13	0	15	178	255	206	121	25	0	19	3	0	0	0	0	0	
0	0	0	0	0	0	0	0	1	0	0	9	0	16	163	255	251	244	243	188	0	0	2	0	0	0	0	0	
0	0	0	0	0	0	0	0	9	0	0	2	0	127	255	241	251	255	255	255	98	0	8	0	0	0	0	0	
0	0	0	0	0	0	0	0	0	5	6	0	78	228	255	249	253	255	238	247	212	0	4	0	0	0	0	0	
0	0	0	0	0	0	0	0	8	0	13	0	178	255	248	255	236	125	220	255	240	59	1	0	0	0	0	0	
0	0	0	0	0	0	0	0	0	17	0	52	255	255	240	255	135	10	210	255	246	76	26	0	0	0	0	0	
0	0	0	0	0	0	0	0	5	0	0	136	255	233	255	207	59	0	220	252	255	84	0	0	0	0	0	0	
0	0	0	0	0	0	0	0	0	10	152	255	251	255	232	0	0	9	212	248	243	78	0	22	0	0	0	0	
0	0	0	0	0	0	0	0	0	0	184	244	244	250	129	3	3	49	236	255	193	16	0	0	0	0	0	0	
0	0	0	0	0	0	0	0	15	24	215	255	255	160	0	0	0	109	251	249	189	0	19	1	0	0	0	0	
0	0	0	0	0	0	0	0	0	124	255	255	243	106	20	0	58	227	255	247	148	0	0	1	0	0	0	0	
0	0	0	0	0	0	0	0	5	204	249	250	230	4	0	6	104	255	251	255	64	9	0	12	0	0	0	0	
0	0	0	0	0	0	0	0	71	248	254	253	178	6	6	30	230	254	255	198	10	0	0	4	0	0	0	0	
0	0	0	0	0	0	0	0	78	251	255	223	73	0	3	248	255	234	255	172	0	3	24	0	0	0	0	0	
0	0	0	0	0	0	0	0	70	255	255	219	0	43	117	255	251	245	157	55	0	0	3	0	0	0	0	0	
0	0	0	0	0	0	0	0	96	252	248	216	65	162	255	243	252	255	36	0	5	4	0	8	0	0	0	0	
0	0	0	0	0	0	0	0	76	239	255	255	243	255	245	255	239	156	2	1	0	9	6	3	0	0	0	0	
0	0	0	0	0	0	0	0	67	255	252	240	255	255	252	252	127	3	9	0	0	0	0	0	0	0	0	0	
0	0	0	0	0	0	0	0	1	191	238	255	255	248	255	113	20	0	8	0	7	4	0	8	0	0	0	0	
0	0	0	0	0	0	0	0	0	45	215	255	244	176	124	0	0	17	0	5	0	0	9	0	0	0	0	0	
0	0	0	0	0	0	0	0	0	0	0	0	0	0	0	0	0	0	0	0	0	0	0	0	0	0	0	0	
0	0	0	0	0	0	0	0	0	0	0	0	0	0	0	0	0	0	0	0	0	0	0	0	0	0	0	0	
0	0	0	0	0	0	0	0	0	0	0	0	0	0	0	0	0	0	0	0	0	0	0	0	0	0	0	0	
0	0	0	0	0	0	0	0	0	0	0	0	0	0	0	0	0	0	0	0	0	0	0	0	0	0	0	0	
