0	0	0	0	0	0	0	0	0	0	6	4	1	1	0	0	9	0	0	4	0	4	5	0	0	0	0	0	
0	0	0	0	0	0	0	0	11	0	0	0	1	3	4	5	0	0	2	0	0	1	0	0	0	0	0	0	
0	0	0	0	0	0	0	0	7	0	0	0	5	0	0	0	0	5	2	2	6	2	0	6	0	0	0	0	
0	0	0	0	0	0	0	0	0	0	2	4	2	0	0	3	0	13	0	0	0	0	0	6	0	0	0	0	
0	0	0	0	0	0	0	0	0	4	4	0	0	4	9	5	0	8	0	6	18	0	0	0	0	0	0	0	
0	0	0	0	0	0	0	0	2	5	3	0	0	3	0	0	9	0	0	88	104	24	0	13	0	0	0	0	
0	0	0	0	0	0	0	0	2	0	3	8	3	0	4	20	0	39	122	255	255	151	53	0	0	0	0	0	
0	0	0	0	0	0	0	0	5	0	0	4	0	0	49	119	177	247	254	244	245	255	229	93	0	0	0	0	
0	1	1	3	8	2	0	0	0	5	10	0	4	0	215	251	250	252	253	246	255	249	252	250	24	1	2	6	
1	4	0	0	0	0	0	6	0	0	0	27	136	107	252	245	255	247	250	251	254	255	239	255	73	0	0	5	
0	1	0	0	8	9	5	9	2	9	81	199	241	255	245	255	242	255	248	255	255	219	134	252	163	0	0	6	
0	3	0	0	3	0	0	0	0	48	216	247	255	255	244	255	255	233	244	251	236	72	21	153	209	9	7	1	
3	1	0	0	1	0	0	13	32	234	252	255	243	254	247	229	169	67	32	235	56	17	71	255	160	0	4	0	
0	0	0	5	4	0	9	47	228	244	252	245	246	255	221	0	0	0	25	84	0	9	159	213	78	0	7	0	
1	0	3	6	0	0	30	108	251	249	208	255	248	203	26	0	9	0	0	0	27	59	145	177	22	0	10	0	
2	0	0	1	0	25	137	255	253	81	15	231	195	95	0	2	0	2	8	3	142	244	184	2	0	5	2	0	
0	0	6	0	9	39	255	246	167	23	0	75	147	15	0	9	0	16	49	111	255	222	102	0	0	0	0	0	
9	0	1	4	0	222	243	204	12	0	10	2	0	10	15	0	15	0	176	253	238	64	0	8	0	0	0	0	
0	12	5	0	5	231	247	122	15	0	5	9	0	0	0	18	54	172	255	142	61	0	0	0	0	0	0	0	
0	5	0	1	6	255	153	0	0	7	1	0	1	10	51	174	242	251	146	84	4	0	22	7	0	0	0	0	
0	9	0	0	0	255	154	18	2	9	0	52	177	217	234	251	255	205	11	0	8	0	0	0	0	0	0	0	
0	15	6	0	1	254	255	191	43	98	174	244	254	230	255	254	182	32	4	7	0	0	19	4	0	0	0	0	
1	0	0	7	0	255	242	255	255	251	247	255	251	255	200	83	10	0	18	0	0	6	0	0	0	0	0	0	
1	4	1	0	3	55	220	251	244	255	255	245	187	161	37	0	0	0	0	1	0	0	2	6	0	0	0	0	
6	0	0	7	0	0	36	99	140	125	94	54	17	0	0	3	0	0	0	0	0	0	0	0	0	0	0	0	
1	0	0	7	4	0	0	12	4	6	6	0	0	0	0	5	0	0	0	0	0	0	0	0	0	0	0	0	
2	3	0	0	0	4	0	0	0	0	0	2	1	0	0	0	0	0	0	0	0	0	0	0	0	0	0	0	
0	6	3	0	0	3	9	6	7	6	4	4	4	3	2	1	0	0	0	0	0	0	0	0	0	0	0	0	
