0	0	0	0	0	0	0	0	8	0	7	4	2	0	4	0	2	0	15	1	0	0	1	4	0	0	0	0	
0	0	0	0	0	0	0	0	5	0	0	0	12	6	10	0	0	11	0	9	0	15	0	2	0	0	0	0	
0	0	0	0	0	0	0	0	0	9	21	0	0	0	1	0	3	0	5	1	16	1	11	0	0	0	0	0	
0	0	0	0	0	0	0	0	7	1	0	0	9	2	0	9	0	0	0	13	0	0	16	0	0	0	0	0	
0	0	0	0	0	0	0	0	0	11	7	1	4	3	0	6	5	5	4	0	8	0	8	0	0	0	0	0	
0	0	0	0	0	0	0	0	6	0	0	16	0	0	48	148	150	218	255	152	157	34	0	15	0	0	0	0	
0	0	0	0	0	0	0	0	0	15	0	0	42	171	239	247	237	255	248	250	254	221	34	0	0	0	0	0	
0	0	0	0	0	0	0	0	10	0	44	199	255	255	245	255	253	205	236	255	249	253	94	0	0	0	0	0	
0	9	0	0	0	3	3	0	0	104	214	246	255	235	255	236	70	0	21	141	250	244	250	179	102	10	0	12	
0	4	0	6	0	2	0	0	42	245	247	250	255	255	255	92	0	0	1	18	247	255	244	244	27	0	0	10	
0	0	0	8	1	2	0	17	154	250	243	255	248	133	104	40	11	0	21	0	164	243	255	248	0	0	7	7	
6	0	0	4	0	1	6	63	238	237	255	255	190	18	12	40	1	0	0	0	85	232	231	248	0	8	5	0	
4	0	0	4	0	0	9	95	255	255	252	245	111	0	17	7	12	0	0	11	67	249	255	242	0	2	0	0	
0	0	2	7	0	0	1	97	255	251	242	220	24	0	0	0	2	0	2	0	89	235	255	159	0	0	0	1	
0	0	4	4	0	0	0	92	248	255	255	213	31	12	0	0	0	21	0	3	211	255	246	114	0	3	7	6	
3	1	1	0	0	6	0	94	255	250	244	255	152	0	10	0	12	0	0	74	246	248	236	21	4	0	0	0	
0	4	4	0	0	7	3	93	255	255	253	144	56	8	0	4	7	11	30	254	249	254	68	0	0	0	0	0	
0	5	2	0	0	0	0	89	246	232	255	86	0	12	0	1	0	35	216	250	253	124	0	10	0	0	0	0	
0	0	0	1	0	0	2	106	255	255	243	64	1	0	6	0	66	255	251	245	125	10	0	0	0	0	0	0	
0	0	0	3	2	0	5	116	255	233	251	34	0	0	0	106	223	255	228	44	16	1	0	6	0	0	0	0	
4	0	0	1	0	0	0	103	254	255	248	54	0	16	150	243	255	211	38	18	0	0	7	1	0	0	0	0	
2	0	0	0	0	0	0	97	255	233	255	88	36	153	251	255	206	93	2	12	7	0	2	0	0	0	0	0	
0	0	0	0	4	8	2	92	249	255	255	204	208	244	255	169	58	0	6	0	0	1	3	4	0	0	0	0	
0	4	0	0	0	4	0	73	233	251	245	244	255	183	56	2	0	0	0	7	0	15	0	0	0	0	0	0	
0	0	0	0	0	0	0	0	42	149	231	195	90	13	0	7	0	0	0	0	0	0	0	0	0	0	0	0	
0	0	0	0	0	0	0	0	0	5	2	0	0	6	0	0	0	0	0	0	0	0	0	0	0	0	0	0	
0	0	0	0	0	0	0	0	0	1	0	0	3	7	5	0	0	0	0	0	0	0	0	0	0	0	0	0	
0	0	0	0	0	0	0	0	3	0	0	0	0	0	0	0	0	0	0	0	0	0	0	0	0	0	0	0	
