0	0	0	0	0	0	0	0	3	0	1	5	2	0	0	6	0	7	0	0	7	0	0	0	0	0	0	0	
0	0	0	0	0	0	0	0	0	1	0	0	0	13	6	0	8	6	5	0	0	13	15	0	0	0	0	0	
0	0	0	0	0	0	0	0	8	2	4	9	0	0	0	14	0	0	0	9	4	0	0	5	0	0	0	0	
0	0	0	0	0	0	0	0	0	0	0	0	5	11	3	0	0	15	6	0	5	11	0	5	0	0	0	0	
0	0	0	0	0	0	0	0	5	0	0	6	0	0	18	62	138	231	239	126	5	0	16	7	0	0	0	0	
0	0	0	0	0	0	0	0	5	6	6	0	0	40	150	251	255	244	251	255	127	0	6	0	0	0	0	0	
0	0	0	0	0	0	0	0	0	4	0	0	87	213	252	212	91	37	58	241	207	4	0	18	0	0	0	0	
0	0	0	0	0	0	0	0	12	0	7	128	241	232	110	0	0	24	0	154	232	66	4	0	0	0	0	0	
0	0	0	0	0	0	0	0	0	15	92	242	241	19	0	3	4	0	6	67	255	118	0	5	0	0	0	0	
0	0	0	0	0	0	0	0	9	1	113	255	164	2	0	0	0	7	0	51	255	165	0	0	0	0	0	0	
0	0	0	0	0	0	0	0	0	3	176	255	74	0	5	1	0	9	0	9	239	200	1	3	0	0	0	0	
0	0	0	0	0	0	0	0	0	62	235	215	15	0	6	0	9	0	0	0	225	222	16	4	0	0	0	0	
0	0	0	0	0	0	0	0	11	148	254	102	0	8	1	0	1	0	5	9	190	254	33	0	0	0	0	0	
0	0	0	0	0	0	0	0	0	202	254	33	0	3	0	6	0	9	0	6	134	255	40	0	0	0	0	0	
0	0	0	0	0	0	0	0	25	230	226	13	8	0	0	9	1	8	0	0	143	239	28	0	0	0	0	0	
0	0	0	0	0	0	0	0	127	255	176	0	5	0	4	0	1	0	7	6	215	213	11	0	0	0	0	0	
0	1	2	0	0	2	1	0	201	255	53	0	3	0	5	0	5	1	0	82	248	162	9	0	0	0	0	0	
0	0	1	1	0	0	3	5	195	255	39	0	8	4	0	0	0	11	20	255	239	30	0	0	0	0	0	0	
2	0	0	3	1	0	5	17	252	209	0	7	0	0	5	0	0	19	224	233	157	0	9	10	0	0	0	0	
4	0	0	5	1	0	6	26	253	226	1	0	2	6	0	15	45	212	255	209	0	15	0	0	0	0	0	0	
4	0	0	5	1	0	6	26	250	145	0	29	0	0	32	113	255	221	68	21	0	0	24	0	0	0	0	0	
2	0	0	3	1	0	5	17	242	208	11	0	92	233	252	238	140	32	15	0	5	0	0	10	0	0	0	0	
0	0	1	1	0	0	3	5	170	255	255	242	255	255	196	117	11	0	0	0	0	0	6	0	0	0	0	0	
0	1	2	0	0	2	1	0	16	167	250	255	235	115	16	0	0	10	7	0	5	1	0	5	0	0	0	0	
0	0	0	0	0	0	0	0	0	0	0	0	0	0	0	0	0	0	0	0	0	0	0	0	0	0	0	0	
0	0	0	0	0	0	0	0	0	0	0	0	0	0	0	0	0	0	0	0	0	0	0	0	0	0	0	0	
0	0	0	0	0	0	0	0	0	0	0	0	0	0	0	0	0	0	0	0	0	0	0	0	0	0	0	0	
0	0	0	0	0	0	0	0	0	0	0	0	0	0	0	0	0	0	0	0	0	0	0	0	0	0	0	0	
