0	0	0	0	0	0	0	0	0	2	3	0	1	5	4	0	0	3	0	0	8	5	0	5	0	0	0	0	
0	0	0	0	0	0	0	0	2	2	3	0	0	0	0	3	4	4	13	10	0	0	5	0	0	0	0	0	
0	0	0	0	0	0	0	0	2	0	0	6	12	7	3	6	0	0	0	0	0	0	3	4	0	0	0	0	
0	0	0	0	0	0	0	0	3	0	0	0	3	0	0	0	14	0	1	4	0	5	6	0	0	0	0	0	
0	0	0	0	0	0	0	0	0	3	7	0	0	0	4	7	0	0	0	14	0	0	13	0	0	0	0	0	
0	0	0	0	0	0	0	0	0	0	3	6	7	5	0	0	0	28	2	0	5	4	0	14	0	0	0	0	
0	0	0	0	0	0	0	0	12	0	0	2	0	0	14	47	94	190	204	195	233	187	65	1	0	0	0	0	
0	0	0	0	0	0	0	0	0	0	1	6	0	9	121	247	255	246	255	255	236	255	222	57	0	0	0	0	
0	9	0	0	21	0	0	23	0	5	0	15	36	236	248	255	251	255	249	253	253	255	249	164	0	0	0	0	
0	0	4	0	0	0	25	0	0	1	14	143	230	255	245	244	254	252	255	247	253	253	255	248	0	0	0	0	
0	0	0	3	20	4	0	11	10	66	180	255	255	255	255	255	255	143	192	255	255	254	255	252	0	0	0	0	
3	1	11	3	0	8	0	41	95	255	255	255	249	248	253	208	123	16	102	251	255	249	255	255	0	0	0	0	
4	6	0	1	18	0	42	198	255	234	255	255	248	243	126	40	0	0	47	210	255	255	241	255	0	0	0	0	
0	0	16	0	0	48	255	252	255	255	250	255	253	89	3	0	3	0	51	228	255	252	252	255	0	0	0	0	
9	0	1	0	8	96	255	255	245	255	250	191	103	3	0	21	0	0	133	255	252	231	255	249	0	0	0	0	
4	0	9	1	12	201	248	255	254	255	75	22	0	2	12	0	13	40	204	248	255	255	237	129	0	0	0	0	
0	8	0	6	105	246	255	255	255	100	12	0	0	0	5	6	67	255	242	255	255	252	55	0	0	0	0	0	
0	3	6	0	255	245	230	255	217	26	0	10	17	7	2	62	226	254	250	246	219	115	0	13	0	0	0	0	
0	0	19	4	231	255	255	246	106	15	8	0	0	6	151	245	234	255	255	242	73	3	17	0	0	0	0	0	
7	5	0	0	115	233	254	248	63	0	0	16	70	246	236	255	255	255	205	21	10	7	0	0	0	0	0	0	
0	7	2	0	34	201	255	255	224	220	228	207	239	233	255	251	234	187	7	0	0	6	0	10	0	0	0	0	
0	0	12	6	0	111	216	255	255	248	255	248	252	255	250	237	87	0	13	18	1	0	1	9	0	0	0	0	
8	8	0	13	3	0	6	183	247	255	239	255	255	165	126	10	0	21	0	3	0	8	0	0	0	0	0	0	
2	0	8	0	0	0	7	11	43	135	105	180	50	0	0	9	5	0	8	1	0	0	6	0	0	0	0	0	
0	0	0	0	0	0	0	0	0	0	0	0	0	0	0	0	0	0	0	0	0	0	0	0	0	0	0	0	
0	0	0	0	0	0	0	0	0	0	0	0	0	0	0	0	0	0	0	0	0	0	0	0	0	0	0	0	
0	0	0	0	0	0	0	0	0	0	0	0	0	0	0	0	0	0	0	0	0	0	0	0	0	0	0	0	
0	0	0	0	0	0	0	0	0	0	0	0	0	0	0	0	0	0	0	0	0	0	0	0	0	0	0	0	
