0	0	0	0	0	0	0	0	0	9	0	0	1	8	0	8	8	0	1	0	3	0	11	0	0	0	0	0	
0	0	0	0	0	0	0	0	0	2	0	7	4	0	0	3	0	10	7	0	7	2	0	2	0	0	0	0	
0	0	0	0	0	0	0	0	3	4	0	0	0	0	15	0	1	4	0	0	2	4	0	3	0	0	0	0	
0	0	0	0	0	0	0	0	0	9	0	0	0	7	0	0	6	0	8	10	0	3	2	0	0	0	0	0	
0	0	0	0	0	0	0	0	0	5	2	10	0	8	0	63	125	184	249	193	85	0	0	9	0	0	0	0	
0	0	0	0	0	0	0	0	4	0	0	8	0	2	56	192	232	205	209	248	255	196	40	0	0	0	0	0	
0	0	0	0	0	0	0	0	8	0	0	0	0	0	127	190	11	9	43	124	157	252	129	7	0	0	0	0	
0	0	0	0	0	0	0	0	0	4	9	3	8	0	139	64	33	169	255	191	2	232	225	39	0	0	0	0	
0	0	0	0	0	0	0	0	0	0	2	0	9	0	15	183	254	213	37	0	0	113	251	46	0	0	0	0	
0	0	0	0	0	0	0	0	1	0	0	0	13	55	190	255	233	58	0	18	2	55	251	126	0	0	0	0	
0	0	0	0	0	0	0	0	2	0	25	2	82	241	244	206	79	0	3	0	6	68	250	80	0	0	0	0	
0	0	0	0	0	0	0	0	0	0	0	90	225	248	137	22	11	2	0	0	0	110	245	35	0	0	0	0	
0	0	0	0	0	0	0	0	14	0	39	230	255	121	0	0	9	0	5	7	0	203	231	7	0	0	0	0	
0	0	0	0	0	0	0	0	0	56	254	253	190	12	0	14	0	0	20	0	27	255	141	0	0	0	0	0	
0	0	0	0	0	0	0	0	8	240	249	212	11	7	8	0	10	0	0	0	138	243	28	18	0	0	0	0	
0	0	0	0	0	0	0	0	176	255	223	31	3	0	7	3	0	0	6	93	250	209	12	0	0	0	0	0	
10	0	0	5	6	0	3	56	255	255	98	0	1	13	0	0	0	3	55	253	233	40	13	0	0	0	0	0	
0	0	12	0	7	5	24	207	253	132	0	27	0	0	7	4	0	55	223	250	117	3	0	18	0	0	0	0	
0	0	17	0	0	3	92	255	227	9	12	0	0	0	0	0	53	237	255	102	7	4	6	0	0	0	0	0	
9	0	0	3	0	0	200	237	154	0	0	10	0	0	12	95	224	255	84	0	7	0	21	0	0	0	0	0	
6	0	0	5	2	2	255	236	54	0	4	0	62	162	202	244	252	92	0	3	8	0	0	5	0	0	0	0	
0	0	5	0	9	0	189	255	164	49	135	137	251	255	245	237	88	7	3	0	0	9	0	1	0	0	0	0	
0	8	2	0	4	0	73	239	255	255	239	255	255	176	135	36	0	3	0	0	10	0	0	10	0	0	0	0	
0	17	0	8	1	0	12	161	252	254	255	180	165	18	7	0	3	0	4	4	0	3	3	0	0	0	0	0	
0	0	0	0	0	0	0	0	0	0	0	0	0	0	0	0	0	0	0	0	0	0	0	0	0	0	0	0	
0	0	0	0	0	0	0	0	0	0	0	0	0	0	0	0	0	0	0	0	0	0	0	0	0	0	0	0	
0	0	0	0	0	0	0	0	0	0	0	0	0	0	0	0	0	0	0	0	0	0	0	0	0	0	0	0	
0	0	0	0	0	0	0	0	0	0	0	0	0	0	0	0	0	0	0	0	0	0	0	0	0	0	0	0	
