0	0	0	0	0	0	0	0	4	0	0	13	0	1	7	1	1	0	9	1	0	6	0	0	0	0	0	0	
0	0	0	0	0	0	0	0	9	0	0	12	16	0	0	0	10	0	0	4	12	0	11	4	0	0	0	0	
0	0	0	0	0	0	0	0	0	0	1	0	2	0	5	12	0	14	2	0	11	0	0	0	0	0	0	0	
0	0	0	0	0	0	0	0	16	2	3	0	14	10	6	0	2	0	11	0	2	14	0	4	0	0	0	0	
0	0	0	0	0	0	0	0	0	0	3	6	0	23	130	207	110	7	0	19	0	0	8	0	0	0	0	0	
0	0	0	0	0	0	0	0	4	6	0	4	32	164	244	254	255	193	48	1	1	0	4	0	0	0	0	0	
0	0	0	0	0	0	0	0	0	10	0	8	123	251	255	241	213	255	202	24	13	6	6	4	0	0	0	0	
0	0	0	0	0	0	0	0	3	0	0	74	250	255	172	117	7	81	255	85	0	0	6	0	0	0	0	0	
0	0	0	0	0	0	0	0	0	0	7	119	255	246	35	4	7	0	251	157	0	0	0	7	0	0	0	0	
0	0	0	0	0	0	0	0	6	0	1	201	255	206	7	0	0	7	186	243	45	4	3	0	0	0	0	0	
0	0	0	0	0	0	0	0	2	0	77	255	242	102	0	1	0	19	116	255	61	0	0	0	0	0	0	0	
0	0	0	0	0	0	0	0	0	5	192	255	215	9	14	0	0	0	142	250	154	0	7	0	0	0	0	0	
0	0	0	0	0	0	0	0	4	37	245	247	158	0	13	0	0	0	100	246	180	5	0	5	0	0	0	0	
0	0	0	0	0	0	0	0	0	106	249	254	69	2	0	4	5	7	68	251	163	5	0	9	0	0	0	0	
0	0	0	0	0	0	0	0	0	182	249	218	3	0	0	10	5	0	188	248	172	0	15	0	0	0	0	0	
0	0	0	0	0	0	0	0	12	227	248	143	0	0	22	0	0	2	250	246	52	4	0	4	0	0	0	0	
0	0	0	0	0	0	0	0	10	255	252	125	0	7	0	2	2	49	225	250	26	0	0	7	0	0	0	0	
0	0	0	0	0	0	0	0	28	255	245	126	13	0	2	0	0	90	255	134	7	3	0	0	0	0	0	0	
0	0	0	0	0	0	0	0	20	244	252	128	8	3	0	1	44	247	236	45	4	8	0	2	0	0	0	0	
0	0	0	0	0	0	0	0	36	251	255	135	0	21	0	70	209	253	161	6	0	0	15	0	0	0	0	0	
0	0	0	0	0	0	0	0	10	245	253	142	0	0	22	193	255	242	0	15	2	0	0	0	0	0	0	0	
0	0	0	0	0	0	0	0	36	246	250	196	168	167	228	255	222	49	16	0	0	0	4	0	0	0	0	0	
0	0	0	0	0	0	0	0	0	144	251	255	251	245	255	204	78	19	0	0	3	9	0	9	0	0	0	0	
0	0	0	0	0	0	0	0	12	0	130	233	251	251	111	15	0	0	7	0	4	5	0	1	0	0	0	0	
0	0	0	0	0	0	0	0	0	0	0	0	0	0	0	0	0	0	0	0	0	0	0	0	0	0	0	0	
0	0	0	0	0	0	0	0	0	0	0	0	0	0	0	0	0	0	0	0	0	0	0	0	0	0	0	0	
0	0	0	0	0	0	0	0	0	0	0	0	0	0	0	0	0	0	0	0	0	0	0	0	0	0	0	0	
0	0	0	0	0	0	0	0	0	0	0	0	0	0	0	0	0	0	0	0	0	0	0	0	0	0	0	0	
