0	0	0	0	0	0	0	0	9	2	0	0	5	0	4	0	5	0	5	0	4	0	8	0	0	0	0	0	
0	0	0	0	0	0	0	0	0	0	11	5	0	0	16	0	0	11	0	2	15	0	12	0	0	0	0	0	
0	0	0	0	0	0	0	0	1	0	0	4	2	4	12	0	1	0	15	0	0	15	0	10	0	0	0	0	
0	0	0	0	0	0	0	0	1	9	0	18	0	0	0	9	0	7	11	1	2	2	2	0	0	0	0	0	
0	0	0	0	0	0	0	0	0	9	0	2	0	0	0	1	8	0	0	2	0	0	9	5	0	0	0	0	
0	0	0	0	0	0	0	0	11	0	10	0	7	88	255	251	240	102	18	5	1	10	0	0	0	0	0	0	
0	0	0	0	0	0	0	0	0	21	0	39	218	255	246	255	255	202	0	0	3	0	21	0	0	0	0	0	
0	0	0	0	0	0	0	0	0	18	108	255	248	255	255	253	244	255	102	10	2	0	0	0	0	0	0	0	
6	0	4	2	0	4	0	8	0	118	230	255	255	234	196	255	255	250	242	115	17	3	0	2	0	0	0	0	
2	0	0	5	0	7	1	0	42	204	255	246	93	35	82	250	237	255	255	248	187	30	0	14	0	0	0	0	
1	7	0	5	0	1	0	0	181	255	248	65	0	9	45	238	255	227	244	255	247	97	0	0	0	0	0	0	
0	8	0	4	0	0	4	83	255	255	174	13	20	6	0	216	143	12	203	255	251	230	0	15	0	0	0	0	
0	0	0	1	7	3	32	209	239	200	6	1	0	0	16	188	142	4	15	200	252	238	51	0	0	0	0	0	
0	0	3	0	5	0	75	255	255	124	0	15	0	9	0	0	43	0	0	174	248	255	32	12	0	0	0	0	
5	1	2	0	0	0	144	255	230	15	8	0	9	0	0	4	0	9	0	181	255	249	30	0	0	0	0	0	
1	2	0	2	0	15	215	242	78	0	1	0	3	4	2	0	0	0	38	244	255	184	13	6	0	0	0	0	
0	0	5	0	2	37	252	254	55	0	0	5	0	0	0	2	2	9	122	254	255	119	0	0	0	0	0	0	
0	5	4	5	0	23	255	254	34	3	3	0	0	0	0	10	0	5	252	255	180	21	0	10	0	0	0	0	
0	0	0	13	2	11	233	249	116	0	0	9	0	12	4	0	10	94	254	234	194	0	0	0	0	0	0	0	
1	0	0	7	6	0	167	246	201	24	0	6	0	4	0	2	127	246	241	229	37	0	0	3	0	0	0	0	
7	2	0	0	3	0	94	255	255	120	15	0	12	0	13	155	245	255	247	62	0	3	11	0	0	0	0	0	
0	2	11	0	0	0	55	254	248	255	179	59	70	155	204	238	244	245	121	16	0	10	0	21	0	0	0	0	
0	0	4	2	0	5	23	150	250	247	251	255	245	244	255	255	255	98	0	0	2	0	16	0	0	0	0	0	
5	0	0	8	0	4	0	15	215	255	252	255	255	240	255	242	112	0	18	0	4	4	0	12	0	0	0	0	
0	0	0	0	0	0	0	0	11	127	234	255	254	214	115	10	0	0	0	0	0	0	0	0	0	0	0	0	
0	0	0	0	0	0	0	0	0	9	11	0	0	0	3	3	0	0	0	0	0	0	0	0	0	0	0	0	
0	0	0	0	0	0	0	0	0	0	0	6	4	0	0	2	0	0	0	0	0	0	0	0	0	0	0	0	
0	0	0	0	0	0	0	0	0	2	1	0	0	5	5	0	0	0	0	0	0	0	0	0	0	0	0	0	
