0	0	0	0	0	0	0	0	0	3	10	0	3	3	0	17	0	0	0	3	6	1	0	1	0	0	0	0	
0	0	0	0	0	0	0	0	9	0	0	0	0	14	4	0	2	18	0	0	0	0	0	9	0	0	0	0	
0	0	0	0	0	0	0	0	3	0	0	8	7	0	0	8	1	0	0	0	15	2	15	0	0	0	0	0	
0	0	0	0	0	0	0	0	2	7	0	14	13	0	5	0	0	12	5	5	0	0	0	8	0	0	0	0	
0	0	0	0	0	0	0	0	0	0	1	0	0	35	175	185	250	222	95	0	11	6	0	8	0	0	0	0	
0	0	0	0	0	0	0	0	4	20	0	58	181	222	226	255	252	255	233	114	0	0	13	0	0	0	0	0	
0	0	0	0	0	0	0	0	1	0	104	223	252	255	255	238	218	246	253	250	16	17	0	0	0	0	0	0	
0	0	0	0	0	0	0	0	2	135	254	255	235	164	72	71	22	95	252	255	219	24	0	1	0	0	0	0	
0	0	0	0	0	0	0	0	0	228	246	135	45	18	149	204	14	0	92	248	255	78	12	0	0	0	0	0	
0	0	0	0	0	0	0	0	0	231	180	22	5	212	247	247	103	2	36	255	241	124	0	2	0	0	0	0	
0	0	0	0	0	0	0	0	7	44	88	1	122	237	255	255	109	0	44	239	255	191	2	10	0	0	0	0	
0	0	0	0	0	0	0	0	1	0	2	153	249	255	255	121	0	16	30	246	241	79	9	0	0	0	0	0	
0	0	0	0	0	0	0	0	0	12	108	245	252	240	126	6	0	1	23	255	252	95	0	21	0	0	0	0	
0	0	0	0	0	0	0	0	1	50	255	249	247	85	0	3	0	8	46	249	255	90	0	0	0	0	0	0	
0	0	0	0	0	0	0	0	11	199	252	249	173	16	13	0	9	64	238	255	153	49	0	1	0	0	0	0	
0	0	0	0	0	0	0	0	0	203	248	187	5	0	0	7	0	110	247	255	27	0	12	0	0	0	0	0	
3	0	0	0	2	0	0	33	203	236	251	103	0	4	0	0	15	213	255	253	23	17	0	6	0	0	0	0	
3	0	2	0	1	0	0	34	243	255	212	29	5	0	0	1	128	255	237	216	0	0	11	0	0	0	0	0	
2	0	4	0	0	0	2	36	255	248	106	0	0	9	0	41	231	255	252	89	0	0	12	0	0	0	0	0	
0	0	5	0	0	0	4	38	238	255	80	0	9	0	6	193	251	252	198	0	10	0	0	1	0	0	0	0	
0	0	5	0	0	3	5	36	255	234	93	4	1	0	111	246	255	251	57	0	2	0	1	0	0	0	0	0	
0	0	4	0	1	5	3	28	250	255	245	226	193	209	255	253	255	158	0	13	0	0	8	0	0	0	0	0	
0	0	4	0	2	5	0	16	90	241	255	248	247	255	233	255	181	39	7	0	5	0	4	0	0	0	0	0	
3	1	5	0	3	5	0	7	8	85	226	248	255	253	232	116	30	4	0	0	2	0	5	0	0	0	0	0	
0	0	0	0	0	0	0	0	0	0	0	0	0	0	0	0	0	0	0	0	0	0	0	0	0	0	0	0	
0	0	0	0	0	0	0	0	0	0	0	0	0	0	0	0	0	0	0	0	0	0	0	0	0	0	0	0	
0	0	0	0	0	0	0	0	0	0	0	0	0	0	0	0	0	0	0	0	0	0	0	0	0	0	0	0	
0	0	0	0	0	0	0	0	0	0	0	0	0	0	0	0	0	0	0	0	0	0	0	0	0	0	0	0	
