0	0	0	0	0	0	0	0	0	13	2	2	0	0	19	0	1	0	9	2	3	0	3	1	0	0	0	0	
0	0	0	0	0	0	0	0	2	0	0	9	0	21	0	8	12	0	0	0	8	0	17	0	0	0	0	0	
0	0	0	0	0	0	0	0	4	2	3	0	0	2	0	10	0	0	5	13	0	0	0	8	0	0	0	0	
0	0	0	0	0	0	0	0	0	0	0	9	18	0	17	0	0	0	0	0	0	12	0	9	0	0	0	0	
0	0	0	0	0	0	0	0	0	1	6	17	0	0	132	192	255	255	91	9	0	2	9	0	0	0	0	0	
0	0	0	0	0	0	0	0	1	0	0	3	13	186	252	255	250	239	255	43	0	0	0	12	0	0	0	0	
0	0	0	0	0	0	0	0	4	6	9	0	109	255	255	181	7	149	167	255	11	1	0	0	0	0	0	0	
0	0	0	0	0	0	0	0	2	0	6	53	255	255	180	6	6	0	140	255	58	5	0	2	0	0	0	0	
9	0	8	0	6	0	0	2	0	2	0	255	253	200	0	3	9	0	0	244	148	0	0	0	0	0	0	0	
0	6	14	0	0	0	1	9	0	0	207	255	177	5	0	12	0	0	71	255	237	0	18	0	0	0	0	0	
0	13	2	0	14	0	0	0	4	135	249	245	131	3	1	0	2	5	127	255	255	0	2	4	0	0	0	0	
0	5	0	0	15	0	0	0	1	236	255	193	3	5	1	3	8	0	60	253	251	66	0	5	0	0	0	0	
3	0	0	5	0	0	7	7	131	255	248	0	5	17	0	9	0	0	61	255	255	77	0	1	0	0	0	0	
1	0	2	2	0	11	0	0	255	255	200	0	0	0	13	2	0	7	137	255	255	1	0	9	0	0	0	0	
1	0	2	0	4	14	0	74	255	255	54	20	4	0	3	0	2	0	126	238	255	0	10	7	0	0	0	0	
1	3	9	0	0	0	14	247	249	199	2	0	1	4	2	0	0	10	121	255	248	2	0	0	0	0	0	0	
0	8	5	0	0	19	118	251	250	128	0	2	4	17	0	11	7	0	143	245	190	6	10	5	0	0	0	0	
4	0	0	6	0	0	130	255	255	127	0	5	0	13	13	0	0	0	255	255	57	0	0	0	0	0	0	0	
0	2	0	0	3	0	145	237	243	144	0	5	2	0	0	0	0	206	245	254	3	0	18	4	0	0	0	0	
0	7	0	0	3	6	130	247	255	124	0	13	0	0	13	7	5	248	249	203	0	8	0	0	0	0	0	0	
3	2	0	4	0	0	69	255	236	199	72	0	0	10	57	186	253	255	194	0	11	0	0	9	0	0	0	0	
0	3	0	7	0	2	4	165	255	255	233	194	201	245	252	255	254	255	61	14	0	7	0	19	0	0	0	0	
0	2	2	1	0	15	0	19	183	247	255	255	255	255	255	254	116	17	0	0	0	11	18	0	0	0	0	0	
12	0	0	8	0	0	4	0	0	79	186	253	193	125	128	63	13	0	5	0	0	1	0	9	0	0	0	0	
0	0	0	0	0	0	0	0	0	0	0	0	0	0	0	0	0	0	0	0	0	0	0	0	0	0	0	0	
0	0	0	0	0	0	0	0	0	0	0	0	0	0	0	0	0	0	0	0	0	0	0	0	0	0	0	0	
0	0	0	0	0	0	0	0	0	0	0	0	0	0	0	0	0	0	0	0	0	0	0	0	0	0	0	0	
0	0	0	0	0	0	0	0	0	0	0	0	0	0	0	0	0	0	0	0	0	0	0	0	0	0	0	0	
