0	0	0	0	0	0	0	0	0	8	0	6	9	0	0	9	0	17	0	12	9	0	5	0	0	0	0	0	
0	0	0	0	0	0	0	0	0	0	0	0	0	0	11	0	8	0	0	0	6	0	0	1	0	0	0	0	
0	0	0	0	0	0	0	0	7	0	17	0	15	0	0	0	4	0	0	0	0	9	0	4	0	0	0	0	
0	0	0	0	0	0	0	0	0	10	0	4	0	13	0	0	0	9	3	11	0	4	0	0	0	0	0	0	
0	0	0	0	0	0	0	0	0	18	0	7	5	43	255	253	195	191	193	52	6	0	23	2	0	0	0	0	
0	0	0	0	0	0	0	0	8	0	2	0	201	255	248	179	186	244	255	186	1	12	0	1	0	0	0	0	
0	0	0	0	0	0	0	0	6	0	7	196	238	252	200	8	0	35	187	244	191	8	5	7	0	0	0	0	
0	0	0	0	0	0	0	0	0	0	198	251	255	116	9	0	4	0	0	255	244	4	1	4	0	0	0	0	
12	0	0	6	7	0	9	1	0	65	249	255	186	0	0	2	10	0	11	196	245	0	7	0	0	0	0	0	
9	0	1	0	2	0	12	0	0	198	255	237	0	3	0	15	0	8	1	115	255	22	0	0	0	0	0	0	
1	0	4	0	0	3	6	0	0	253	255	85	1	0	7	0	0	4	0	60	255	187	1	8	0	0	0	0	
0	0	5	0	3	1	0	8	121	255	173	0	12	3	0	4	0	3	0	12	246	245	130	0	0	0	0	0	
0	0	1	0	3	0	0	62	255	255	134	13	0	0	0	13	4	0	0	7	126	255	121	8	0	0	0	0	
4	0	0	0	1	0	6	120	255	248	112	5	8	0	0	0	0	9	0	0	125	232	137	0	0	0	0	0	
2	2	0	0	1	0	4	139	241	255	20	0	0	9	0	3	1	1	0	15	64	255	109	6	0	0	0	0	
0	3	1	1	4	0	0	127	255	253	0	9	5	0	13	0	0	0	11	0	0	249	133	5	0	0	0	0	
0	16	0	0	0	7	0	135	255	248	129	0	16	1	0	9	0	4	0	0	8	255	61	0	0	0	0	0	
0	8	0	2	6	9	0	120	251	252	138	0	1	2	0	0	2	0	6	0	125	254	0	11	0	0	0	0	
0	6	0	6	0	0	4	140	250	255	136	13	0	0	26	0	6	0	7	62	255	255	0	0	0	0	0	0	
0	7	0	3	0	0	7	112	255	250	199	0	14	0	0	13	0	2	2	199	242	195	5	11	0	0	0	0	
0	3	0	0	6	10	0	17	250	255	230	202	0	4	7	0	7	0	180	254	255	0	2	0	0	0	0	0	
0	3	0	0	1	8	0	0	72	250	255	255	250	108	72	133	122	255	255	184	0	26	1	0	0	0	0	0	
0	2	2	0	0	0	8	9	0	0	192	245	255	255	244	253	254	255	196	53	7	0	0	2	0	0	0	0	
2	0	0	6	6	0	3	0	0	8	0	69	254	249	255	255	192	138	0	5	7	6	0	0	0	0	0	0	
0	0	0	0	0	0	0	0	0	0	0	0	0	0	0	0	0	0	0	0	0	0	0	0	0	0	0	0	
0	0	0	0	0	0	0	0	0	0	0	0	0	0	0	0	0	0	0	0	0	0	0	0	0	0	0	0	
0	0	0	0	0	0	0	0	0	0	0	0	0	0	0	0	0	0	0	0	0	0	0	0	0	0	0	0	
0	0	0	0	0	0	0	0	0	0	0	0	0	0	0	0	0	0	0	0	0	0	0	0	0	0	0	0	
