0	0	0	0	0	0	0	0	6	0	0	3	0	0	7	0	0	0	0	0	6	4	5	0	0	0	0	0	
0	0	0	0	0	0	0	0	2	0	5	11	0	0	0	7	4	0	0	12	0	0	0	1	0	0	0	0	
0	0	0	0	0	0	0	0	0	5	5	0	6	16	2	0	4	0	5	0	0	14	8	14	0	0	0	0	
0	0	0	0	0	0	0	0	1	7	0	0	0	0	0	24	13	0	12	0	3	0	0	0	0	0	0	0	
0	0	0	0	0	0	0	0	0	13	3	0	4	6	0	0	14	164	247	127	0	5	21	0	0	0	0	0	
0	0	0	0	0	0	0	0	0	2	3	0	1	2	2	8	174	244	255	235	42	6	0	7	0	0	0	0	
0	0	0	0	0	0	0	0	14	0	0	12	0	0	84	205	247	255	244	252	78	4	0	5	0	0	0	0	
0	0	0	0	0	0	0	0	0	6	4	0	13	131	236	255	250	249	249	253	130	0	8	0	0	0	0	0	
5	0	0	0	1	0	0	2	0	8	0	0	84	243	255	246	203	149	146	255	205	42	2	4	0	0	0	0	
0	0	0	3	2	0	0	0	1	0	7	70	197	255	255	191	29	3	164	249	164	0	0	0	0	0	0	0	
0	0	4	2	0	0	0	0	5	3	0	199	251	247	222	4	12	0	124	255	172	42	18	0	0	0	0	0	
0	3	2	0	0	1	5	4	0	56	255	255	253	126	0	1	0	1	129	255	220	2	10	0	0	0	0	0	
1	2	0	0	0	0	0	0	0	130	237	255	197	3	0	12	0	16	93	240	97	0	0	20	0	0	0	0	
0	0	0	2	1	0	0	0	146	238	253	224	26	0	22	0	0	0	176	234	74	13	8	0	0	0	0	0	
0	0	0	6	1	0	5	25	215	255	251	29	0	9	0	0	12	29	236	255	22	8	0	5	0	0	0	0	
2	0	0	5	0	0	23	63	255	245	196	0	4	0	0	6	0	52	254	255	77	0	0	4	0	0	0	0	
12	0	0	2	0	0	0	251	253	184	0	10	0	9	4	6	0	178	255	255	14	1	0	0	0	0	0	0	
0	0	9	0	9	2	17	227	247	200	24	0	4	0	0	0	124	247	240	209	12	18	0	15	0	0	0	0	
3	0	0	6	0	0	118	243	254	57	2	0	0	29	0	83	206	255	242	83	0	0	0	0	0	0	0	0	
0	0	14	0	0	9	56	255	245	104	0	4	0	4	23	232	255	251	196	8	0	0	10	0	0	0	0	0	
0	0	0	22	0	0	78	253	254	196	131	107	97	205	246	255	255	155	61	8	0	13	0	8	0	0	0	0	
5	6	0	0	0	23	11	238	254	249	255	240	255	255	233	255	121	29	0	0	0	2	0	0	0	0	0	0	
0	7	0	15	0	0	0	55	192	253	250	249	254	242	255	141	3	0	7	0	8	0	21	0	0	0	0	0	
0	8	0	0	6	4	8	2	92	144	189	219	164	97	29	0	4	10	0	12	0	0	3	3	0	0	0	0	
0	0	0	0	0	0	0	0	0	0	0	0	0	0	0	0	0	0	0	0	0	0	0	0	0	0	0	0	
0	0	0	0	0	0	0	0	0	0	0	0	0	0	0	0	0	0	0	0	0	0	0	0	0	0	0	0	
0	0	0	0	0	0	0	0	0	0	0	0	0	0	0	0	0	0	0	0	0	0	0	0	0	0	0	0	
0	0	0	0	0	0	0	0	0	0	0	0	0	0	0	0	0	0	0	0	0	0	0	0	0	0	0	0	
