0	0	0	0	0	0	0	0	3	0	2	2	12	0	0	5	5	0	3	0	8	0	7	0	0	0	0	0	
0	0	0	0	0	0	0	0	0	11	1	0	0	11	23	0	0	13	0	3	4	0	0	14	0	0	0	0	
0	0	0	0	0	0	0	0	0	10	0	0	6	0	0	20	13	0	0	0	0	11	0	0	0	0	0	0	
0	0	0	0	0	0	0	0	12	0	10	8	10	8	7	0	0	0	17	4	0	0	6	0	0	0	0	0	
0	0	0	0	0	0	0	0	0	0	2	0	0	27	93	255	241	255	62	19	15	0	25	0	0	0	0	0	
0	0	0	0	0	0	0	0	6	5	9	1	0	181	238	255	255	249	246	191	4	0	0	5	0	0	0	0	
0	0	0	0	0	0	0	0	0	7	0	0	81	235	255	199	131	255	237	250	170	18	0	2	0	0	0	0	
0	0	0	0	0	0	0	0	0	0	6	11	150	243	255	18	9	28	228	254	231	94	9	0	0	0	0	0	
0	0	0	0	0	0	0	0	0	0	3	124	255	236	157	0	6	0	116	255	245	222	0	0	0	0	0	0	
0	0	0	0	0	0	0	0	0	9	0	204	255	233	51	9	0	0	52	225	255	232	63	0	0	0	0	0	
0	0	0	0	0	0	0	0	15	0	78	230	243	88	0	0	6	1	0	158	240	235	119	7	0	0	0	0	
0	0	0	0	0	0	0	0	0	9	175	255	226	30	14	13	4	0	9	156	253	255	129	1	0	0	0	0	
0	0	0	0	0	0	0	0	1	131	252	255	226	16	0	0	0	0	3	156	253	255	127	0	0	0	0	0	
0	0	0	0	0	0	0	0	0	176	249	230	133	1	5	2	0	9	0	171	253	234	130	5	0	0	0	0	
0	0	0	0	0	0	0	0	61	248	239	188	0	0	0	3	0	16	50	242	255	233	87	0	0	0	0	0	
0	0	0	0	0	0	0	0	89	255	247	56	0	0	2	1	0	0	92	249	240	201	10	0	0	0	0	0	
4	1	6	0	0	4	0	69	245	239	255	77	0	0	2	0	4	52	241	255	207	28	1	5	0	0	0	0	
0	0	0	1	3	7	10	119	242	255	230	32	0	13	0	15	17	255	248	241	116	0	7	0	0	0	0	0	
10	7	0	4	1	0	0	129	255	255	153	3	0	0	8	0	134	235	255	143	4	0	0	13	0	0	0	0	
0	4	0	0	4	0	9	131	255	229	160	1	10	8	65	255	255	255	200	10	2	0	5	0	0	0	0	0	
0	7	0	0	6	6	11	93	231	255	231	50	0	68	219	255	248	141	34	0	0	2	15	0	0	0	0	0	
1	18	0	0	0	0	0	20	231	254	249	148	204	255	255	242	221	1	13	22	2	5	0	9	0	0	0	0	
0	2	0	3	0	0	0	0	164	255	251	239	255	228	254	127	28	0	0	0	14	0	0	9	0	0	0	0	
6	1	0	15	2	5	2	0	75	239	253	255	253	108	95	0	0	11	0	10	0	0	12	0	0	0	0	0	
0	0	0	0	0	0	0	0	0	0	0	0	0	0	0	0	0	0	0	0	0	0	0	0	0	0	0	0	
0	0	0	0	0	0	0	0	0	0	0	0	0	0	0	0	0	0	0	0	0	0	0	0	0	0	0	0	
0	0	0	0	0	0	0	0	0	0	0	0	0	0	0	0	0	0	0	0	0	0	0	0	0	0	0	0	
0	0	0	0	0	0	0	0	0	0	0	0	0	0	0	0	0	0	0	0	0	0	0	0	0	0	0	0	
