0	0	0	0	0	0	0	0	2	0	11	4	0	2	2	0	0	0	3	0	0	9	0	13	0	0	0	0	
0	0	0	0	0	0	0	0	6	0	1	0	8	6	0	4	6	0	0	5	4	9	0	0	0	0	0	0	
0	0	0	0	0	0	0	0	2	0	5	0	14	4	0	5	0	0	0	0	0	0	7	2	0	0	0	0	
0	0	0	0	0	0	0	0	0	6	10	0	0	1	0	3	3	0	11	10	0	0	0	4	0	0	0	0	
0	0	0	0	0	0	0	0	6	0	0	24	0	21	1	4	4	0	2	5	2	5	0	3	0	0	0	0	
0	0	0	0	0	0	0	0	0	23	1	0	32	224	255	202	106	60	0	0	0	15	0	4	0	0	0	0	
0	0	0	0	0	0	0	0	1	0	0	51	184	255	252	254	254	199	12	1	0	2	0	0	0	0	0	0	
0	0	0	0	0	0	0	0	2	2	5	37	219	255	245	255	255	229	0	5	0	0	10	1	0	0	0	0	
0	0	0	0	0	0	0	0	0	0	7	0	60	93	240	253	255	210	11	0	0	0	9	1	0	0	0	0	
0	0	0	0	0	0	0	0	0	15	0	11	0	0	255	252	249	223	0	5	10	4	1	0	0	0	0	0	
0	0	0	0	0	0	0	0	0	2	0	6	0	76	255	246	246	230	0	0	0	3	4	1	0	0	0	0	
0	0	0	0	0	0	0	0	0	0	17	0	33	237	241	255	255	211	22	0	0	0	5	0	0	0	0	0	
0	0	0	0	0	0	0	0	3	3	0	0	25	236	230	255	235	93	5	0	3	0	4	0	0	0	0	0	
0	0	0	0	0	0	0	0	4	0	0	0	14	219	246	254	208	2	0	0	12	0	0	3	0	0	0	0	
0	0	0	0	0	0	0	0	1	0	17	0	97	255	255	239	179	17	2	7	8	0	0	0	0	0	0	0	
0	0	0	0	0	0	0	0	1	1	0	22	214	249	255	252	55	0	1	1	0	2	9	0	0	0	0	0	
0	0	0	0	0	0	0	0	0	1	0	64	249	242	255	167	0	0	0	0	0	0	0	0	0	0	0	0	
0	0	0	0	0	0	0	0	7	0	0	64	253	255	253	51	0	0	0	0	0	0	0	0	0	0	0	0	
0	0	0	0	0	0	0	0	0	0	11	133	249	255	249	33	0	0	0	0	0	0	0	0	0	0	0	0	
0	0	0	0	0	0	0	0	0	15	0	214	255	242	192	6	0	0	0	0	0	0	0	0	0	0	0	0	
0	0	0	0	0	0	0	0	13	0	147	249	244	243	12	1	0	0	0	0	0	0	0	0	0	0	0	0	
0	0	0	0	0	0	0	0	0	12	229	255	249	145	0	4	0	0	0	0	0	0	0	0	0	0	0	0	
0	0	0	0	0	0	0	0	1	0	218	229	248	118	0	0	0	0	0	0	0	0	0	0	0	0	0	0	
0	0	0	0	0	0	0	0	4	0	230	255	247	99	0	2	0	0	0	0	0	0	0	0	0	0	0	0	
0	0	0	0	0	0	0	0	0	23	213	250	153	0	14	4	0	0	0	0	0	0	0	0	0	0	0	0	
0	0	0	0	0	0	0	0	9	0	6	8	5	0	2	0	0	0	0	0	0	0	0	0	0	0	0	0	
0	0	0	0	0	0	0	0	0	16	0	0	0	14	4	12	0	0	0	0	0	0	0	0	0	0	0	0	
0	0	0	0	0	0	0	0	0	8	0	6	0	2	0	2	0	0	0	0	0	0	0	0	0	0	0	0	
