0	0	0	0	0	0	0	0	7	11	0	0	5	0	0	7	5	0	0	1	0	0	0	6	0	0	0	0	
0	0	0	0	0	0	0	0	0	0	21	6	0	11	7	0	0	0	0	4	6	4	1	1	0	0	0	0	
0	0	0	0	0	0	0	0	12	0	0	0	3	0	0	14	0	0	0	0	1	4	0	0	0	0	0	0	
0	0	0	0	0	0	0	0	5	10	4	18	0	11	0	0	0	2	0	0	0	0	0	0	0	0	0	0	
0	0	0	0	0	0	0	0	0	0	0	0	255	130	57	6	0	4	6	1	0	0	2	3	0	0	0	0	
0	0	0	0	0	0	0	0	1	6	7	7	133	239	255	136	0	0	1	5	3	0	0	0	0	0	0	0	
0	0	0	0	0	0	0	0	8	0	0	17	52	253	255	180	15	0	0	2	4	0	0	0	0	0	0	0	
0	0	0	0	0	0	0	0	0	3	1	0	0	255	255	254	51	17	0	0	5	0	0	8	0	0	0	0	
0	0	0	0	0	0	0	0	0	6	0	0	78	253	240	255	133	2	8	0	10	1	0	4	0	0	0	0	
0	0	0	0	0	0	0	0	1	0	12	0	119	250	255	255	120	0	7	0	6	0	0	6	0	0	0	0	
0	0	0	0	0	0	0	0	2	0	17	0	136	252	255	246	129	0	2	0	3	0	0	1	0	0	0	0	
0	0	0	0	0	0	0	0	1	0	0	4	120	255	255	250	141	6	0	0	2	3	4	0	0	0	0	0	
0	0	0	0	0	0	0	0	0	5	0	7	132	255	254	255	102	2	0	3	0	1	3	0	0	0	0	0	
0	0	0	0	0	0	0	0	0	0	5	2	192	251	255	255	30	0	3	9	0	0	0	2	0	0	0	0	
0	0	0	0	0	0	0	0	2	0	12	0	246	253	255	254	0	0	3	4	0	0	0	3	0	0	0	0	
0	0	0	0	0	0	0	0	3	0	2	0	255	255	255	252	5	6	0	0	0	9	0	0	0	0	0	0	
0	0	0	0	0	0	0	0	0	0	10	0	253	255	255	253	1	2	2	0	0	0	0	0	0	0	0	0	
0	0	0	0	0	0	0	0	0	15	0	9	255	255	239	207	0	0	0	2	2	1	0	0	0	0	0	0	
0	0	0	0	0	0	0	0	24	0	1	57	247	255	255	126	7	4	1	0	0	0	0	2	0	0	0	0	
0	0	0	0	0	0	0	0	0	0	0	8	255	248	252	179	5	1	0	0	0	0	0	0	0	0	0	0	
0	0	0	0	0	0	0	0	0	16	10	0	251	253	254	255	0	0	0	5	9	3	0	0	0	0	0	0	
0	0	0	0	0	0	0	0	7	0	0	10	186	255	255	250	16	4	0	0	1	0	0	3	0	0	0	0	
0	0	0	0	0	0	0	0	0	12	0	14	140	240	255	255	39	18	0	0	0	0	0	10	0	0	0	0	
0	0	0	0	0	0	0	0	5	0	14	3	0	79	252	191	11	0	0	4	8	1	0	0	0	0	0	0	
0	0	0	0	0	0	0	0	0	0	0	0	0	0	0	0	0	0	0	0	0	0	0	0	0	0	0	0	
0	0	0	0	0	0	0	0	0	0	0	0	0	0	0	0	0	0	0	0	0	0	0	0	0	0	0	0	
0	0	0	0	0	0	0	0	0	0	0	0	0	0	0	0	0	0	0	0	0	0	0	0	0	0	0	0	
0	0	0	0	0	0	0	0	0	0	0	0	0	0	0	0	0	0	0	0	0	0	0	0	0	0	0	0	
