0	0	0	0	0	0	0	0	5	9	0	9	5	0	0	7	4	0	4	2	0	2	0	3	0	0	0	0	
0	0	0	0	0	0	0	0	0	8	0	2	1	0	16	9	2	7	0	3	9	0	0	3	0	0	0	0	
0	0	0	0	0	0	0	0	0	4	4	0	9	0	6	0	0	10	0	0	14	0	0	0	0	0	0	0	
0	0	0	0	0	0	0	0	1	0	6	0	11	0	0	28	10	1	0	0	2	0	5	0	0	0	0	0	
0	0	0	0	0	0	0	0	0	0	13	0	0	0	11	193	117	0	5	5	0	0	5	2	0	0	0	0	
0	0	0	0	0	0	0	0	3	0	6	0	0	2	28	255	201	0	0	8	4	0	0	0	0	0	0	0	
0	0	0	0	0	0	0	0	10	0	0	0	4	0	64	243	157	0	0	0	4	0	1	0	0	0	0	0	
0	0	0	0	0	0	0	0	2	0	0	1	0	0	127	255	59	0	9	0	1	0	23	0	0	0	0	0	
0	0	0	0	0	0	0	0	3	0	0	0	0	8	67	243	24	12	0	0	0	4	1	0	0	0	0	0	
0	0	0	0	0	0	0	0	0	2	5	0	0	0	87	216	9	3	0	0	2	5	4	0	0	0	0	0	
0	0	0	0	0	0	0	0	0	2	6	0	0	1	149	202	0	0	0	0	3	4	2	0	0	0	0	0	
0	0	0	0	0	0	0	0	0	3	1	0	2	11	212	178	0	0	1	2	1	0	0	0	0	0	0	0	
0	0	0	0	0	0	0	0	3	5	0	0	1	13	236	115	1	3	3	2	0	0	0	0	0	0	0	0	
0	0	0	0	0	0	0	0	0	3	0	0	7	25	247	63	2	2	1	0	0	0	2	4	0	0	0	0	
0	0	0	0	0	0	0	0	0	3	0	3	7	38	255	47	1	0	0	0	1	2	2	2	0	0	0	0	
0	0	0	0	0	0	0	0	0	8	0	0	0	37	255	41	2	0	0	1	2	2	0	0	0	0	0	0	
0	0	0	0	0	0	0	0	0	1	4	1	0	87	255	40	0	0	0	0	0	0	0	0	0	0	0	0	
0	0	0	0	0	0	0	0	4	0	0	4	7	120	249	35	0	0	0	0	0	0	0	0	0	0	0	0	
0	0	0	0	0	0	0	0	10	0	0	0	0	143	209	1	0	0	0	0	0	0	0	0	0	0	0	0	
0	0	0	0	0	0	0	0	0	0	6	2	5	197	211	7	0	0	0	0	0	0	0	0	0	0	0	0	
0	0	0	0	0	0	0	0	0	0	7	0	18	245	212	0	0	0	0	0	0	0	0	0	0	0	0	0	
0	0	0	0	0	0	0	0	8	1	0	0	33	255	208	0	0	0	0	0	0	0	0	0	0	0	0	0	
0	0	0	0	0	0	0	0	0	0	0	0	40	250	201	20	0	0	0	0	0	0	0	0	0	0	0	0	
0	0	0	0	0	0	0	0	0	0	8	0	3	168	128	0	0	0	0	0	0	0	0	0	0	0	0	0	
0	0	0	0	0	0	0	0	0	0	0	0	0	0	0	0	0	0	0	0	0	0	0	0	0	0	0	0	
0	0	0	0	0	0	0	0	0	0	0	0	0	0	0	0	0	0	0	0	0	0	0	0	0	0	0	0	
0	0	0	0	0	0	0	0	0	0	0	0	0	0	0	0	0	0	0	0	0	0	0	0	0	0	0	0	
0	0	0	0	0	0	0	0	0	0	0	0	0	0	0	0	0	0	0	0	0	0	0	0	0	0	0	0	
