0	0	0	0	0	0	0	0	0	0	0	0	0	0	0	0	0	14	0	0	3	0	8	0	0	0	0	0	
0	0	0	0	0	0	0	0	0	0	0	0	0	0	0	0	11	0	0	14	9	2	0	15	0	0	0	0	
0	0	0	0	0	0	0	0	0	0	0	0	0	0	0	0	0	4	2	0	0	8	0	0	0	0	0	0	
0	0	0	0	0	0	0	0	0	0	0	0	0	0	0	0	0	17	0	23	10	0	6	1	0	0	0	0	
0	0	0	0	0	0	0	0	0	0	0	0	0	0	0	0	0	5	44	226	229	58	0	0	0	0	0	0	
0	0	0	0	0	0	0	0	0	0	0	0	0	0	0	0	0	59	144	252	255	104	0	0	0	0	0	0	
0	0	0	0	0	0	0	0	0	0	0	0	0	0	0	0	51	192	255	253	245	109	20	0	0	0	0	0	
0	0	0	0	0	0	0	0	0	0	0	0	0	0	0	0	122	253	255	252	222	8	0	4	0	0	0	0	
0	0	0	0	0	0	0	0	4	1	0	6	4	0	4	91	237	255	249	244	99	0	1	0	0	0	0	0	
0	0	0	0	0	0	0	0	0	5	0	30	0	12	0	217	255	248	255	205	24	6	0	6	0	0	0	0	
0	0	0	0	0	0	0	0	6	9	0	0	4	0	14	242	255	245	239	97	0	0	8	0	0	0	0	0	
0	0	0	0	0	0	0	0	5	0	26	13	0	14	181	250	242	255	147	7	6	0	18	0	0	0	0	0	
0	0	0	0	0	0	0	0	2	14	0	0	9	157	253	251	249	220	28	0	0	1	4	0	0	0	0	0	
0	0	0	0	0	0	0	0	0	7	4	0	1	195	252	254	254	97	0	7	0	0	0	7	0	0	0	0	
0	0	0	0	0	0	0	0	0	4	0	10	156	249	245	255	181	1	8	0	9	0	1	4	0	0	0	0	
0	0	0	0	0	0	0	0	6	0	0	107	249	247	255	249	74	0	10	0	2	6	0	0	0	0	0	0	
0	0	0	0	0	0	0	0	0	1	20	204	255	245	252	177	5	4	1	0	0	0	0	0	0	0	0	0	
0	0	0	0	0	0	0	0	11	0	104	255	252	254	246	3	4	2	0	0	0	0	0	0	0	0	0	0	
0	0	0	0	0	0	0	0	5	12	198	248	241	255	123	0	2	1	0	0	0	0	1	2	0	0	0	0	
0	0	0	0	0	0	0	0	0	196	255	251	255	197	46	0	0	0	0	0	0	0	2	2	0	0	0	0	
0	0	0	0	0	0	0	0	13	219	234	253	255	65	0	0	0	0	0	0	0	1	2	2	0	0	0	0	
0	0	0	0	0	0	0	0	0	216	255	235	244	60	12	13	0	0	0	0	0	1	1	1	0	0	0	0	
0	0	0	0	0	0	0	0	14	234	244	247	183	0	2	0	0	0	0	0	1	1	0	0	0	0	0	0	
0	0	0	0	0	0	0	0	128	250	246	174	0	1	7	0	0	0	0	1	1	0	0	0	0	0	0	0	
0	0	0	0	0	0	0	0	0	0	0	0	0	0	0	0	0	0	0	0	0	0	0	0	0	0	0	0	
0	0	0	0	0	0	0	0	0	0	0	0	0	0	0	0	0	0	0	0	0	0	0	0	0	0	0	0	
0	0	0	0	0	0	0	0	0	0	0	0	0	0	0	0	0	0	0	0	0	0	0	0	0	0	0	0	
0	0	0	0	0	0	0	0	0	0	0	0	0	0	0	0	0	0	0	0	0	0	0	0	0	0	0	0	
