0	0	0	0	0	0	0	0	15	0	0	3	3	0	17	0	5	0	1	0	0	0	4	0	0	0	0	0	
0	0	0	0	0	0	0	0	0	0	10	6	0	0	0	0	2	0	1	2	0	0	3	0	0	0	0	0	
0	0	0	0	0	0	0	0	1	5	0	0	0	17	0	9	0	0	1	4	0	0	3	0	0	0	0	0	
0	0	0	0	0	0	0	0	0	3	4	1	0	0	0	0	1	0	1	6	0	0	2	0	0	0	0	0	
0	0	0	0	0	0	0	0	1	3	0	0	0	12	174	196	9	0	0	5	0	0	2	0	0	0	0	0	
0	0	0	0	0	0	0	0	0	0	2	8	2	2	207	215	22	3	0	3	0	0	2	0	0	0	0	0	
0	0	0	0	0	0	0	0	6	2	0	0	5	19	215	253	36	9	0	0	0	0	2	0	0	0	0	0	
0	0	0	0	0	0	0	0	0	9	1	4	0	11	177	255	45	13	0	0	0	0	2	0	0	0	0	0	
0	0	0	0	0	0	0	0	0	0	0	7	2	0	196	255	51	0	0	9	1	0	8	0	0	0	0	0	
0	0	0	0	0	0	0	0	3	0	0	6	0	0	194	253	52	6	0	9	0	0	4	0	0	0	0	0	
0	0	0	0	0	0	0	0	3	0	0	4	0	27	210	242	43	7	0	8	0	0	2	0	0	0	0	0	
0	0	0	0	0	0	0	0	0	3	0	2	0	91	245	218	21	0	0	6	0	0	3	3	0	0	0	0	
0	0	0	0	0	0	0	0	0	5	0	0	8	159	255	167	3	0	0	4	1	0	1	2	0	0	0	0	
0	0	0	0	0	0	0	0	0	6	0	0	9	194	255	99	0	0	0	2	3	0	0	0	0	0	0	0	
0	0	0	0	0	0	0	0	0	3	0	3	2	193	233	44	0	3	0	0	3	2	0	0	0	0	0	0	
0	0	0	0	0	0	0	0	0	0	0	9	0	182	209	17	0	6	0	0	2	5	0	2	0	0	0	0	
0	0	0	0	0	0	0	0	0	17	0	0	4	193	173	4	0	0	0	0	0	0	0	0	0	0	0	0	
0	0	0	0	0	0	0	0	2	0	6	1	45	233	205	0	0	0	0	0	0	0	0	0	0	0	0	0	
0	0	0	0	0	0	0	0	7	0	5	0	57	255	196	0	0	0	0	0	0	0	0	0	0	0	0	0	
0	0	0	0	0	0	0	0	2	0	0	1	58	249	129	1	0	0	0	0	0	0	0	0	0	0	0	0	
0	0	0	0	0	0	0	0	0	8	0	12	126	244	69	1	0	0	0	0	0	0	0	0	0	0	0	0	
0	0	0	0	0	0	0	0	0	3	9	30	236	255	57	0	0	0	0	0	0	0	0	0	0	0	0	0	
0	0	0	0	0	0	0	0	0	0	12	42	255	255	63	0	0	0	0	0	0	0	0	0	0	0	0	0	
0	0	0	0	0	0	0	0	2	3	0	46	252	243	62	4	0	0	0	0	0	0	0	0	0	0	0	0	
0	0	0	0	0	0	0	0	0	0	0	0	0	0	0	0	0	0	0	0	0	0	0	0	0	0	0	0	
0	0	0	0	0	0	0	0	0	0	0	0	0	0	0	0	0	0	0	0	0	0	0	0	0	0	0	0	
0	0	0	0	0	0	0	0	0	0	0	0	0	0	0	0	0	0	0	0	0	0	0	0	0	0	0	0	
0	0	0	0	0	0	0	0	0	0	0	0	0	0	0	0	0	0	0	0	0	0	0	0	0	0	0	0	
