0	0	0	0	0	0	0	0	1	0	13	0	6	0	0	0	1	0	0	5	0	0	3	0	0	0	0	0	
0	0	0	0	0	0	0	0	5	0	6	0	6	0	4	3	1	0	0	5	3	0	2	0	0	0	0	0	
0	0	0	0	0	0	0	0	6	0	0	3	5	0	7	0	0	5	0	2	0	0	8	1	0	0	0	0	
0	0	0	0	0	0	0	0	2	1	0	3	3	0	7	0	0	17	0	5	0	0	6	7	0	0	0	0	
0	0	0	0	0	0	0	0	0	7	0	0	2	3	1	3	0	14	0	9	13	5	0	0	0	0	0	0	
0	0	0	0	0	0	0	0	0	7	1	0	1	5	0	53	243	177	16	0	0	0	4	6	0	0	0	0	
0	0	0	0	0	0	0	0	0	3	3	0	1	1	0	132	254	179	3	0	3	5	1	0	0	0	0	0	
0	0	0	0	0	0	0	0	2	0	3	0	2	0	0	194	251	179	1	0	0	0	0	7	0	0	0	0	
0	0	0	0	0	0	0	0	0	5	6	0	0	6	54	250	255	75	17	10	0	1	2	0	0	0	0	0	
0	0	0	0	0	0	0	0	18	0	0	0	0	4	165	255	205	31	0	6	0	3	0	1	0	0	0	0	
0	0	0	0	0	0	0	0	0	0	0	14	10	0	222	243	159	11	0	9	3	1	0	0	0	0	0	0	
0	0	0	0	0	0	0	0	0	10	0	2	6	37	233	255	117	13	0	9	1	0	0	0	0	0	0	0	
0	0	0	0	0	0	0	0	9	2	0	0	1	161	255	241	48	3	0	0	0	0	2	0	0	0	0	0	
0	0	0	0	0	0	0	0	0	0	14	5	0	242	255	158	0	0	1	0	0	2	3	0	0	0	0	0	
0	0	0	0	0	0	0	0	4	0	11	0	26	249	254	92	0	3	2	1	3	1	0	0	0	0	0	0	
0	0	0	0	0	0	0	0	0	12	0	0	138	255	231	33	0	5	0	0	4	0	0	4	0	0	0	0	
0	0	0	0	0	0	0	0	10	0	3	10	207	248	196	0	0	0	0	0	0	0	0	0	0	0	0	0	
0	0	0	0	0	0	0	0	0	5	4	51	255	250	78	0	0	0	0	0	0	0	0	0	0	0	0	0	
0	0	0	0	0	0	0	0	0	7	0	87	255	232	0	4	0	0	0	0	0	0	0	0	0	0	0	0	
0	0	0	0	0	0	0	0	7	1	10	153	248	148	0	6	0	0	0	0	0	0	0	0	0	0	0	0	
0	0	0	0	0	0	0	0	0	2	61	243	251	42	1	0	0	0	0	0	0	0	0	0	0	0	0	0	
0	0	0	0	0	0	0	0	0	2	75	255	238	0	0	0	0	0	0	0	0	0	0	0	0	0	0	0	
0	0	0	0	0	0	0	0	9	0	92	244	136	6	0	7	0	0	0	0	0	0	0	0	0	0	0	0	
0	0	0	0	0	0	0	0	0	0	145	239	11	1	0	6	0	0	0	0	0	0	0	0	0	0	0	0	
0	0	0	0	0	0	0	0	0	7	136	228	0	0	21	0	0	0	0	0	0	0	0	0	0	0	0	0	
0	0	0	0	0	0	0	0	9	5	0	17	0	9	0	0	0	0	0	0	0	0	0	0	0	0	0	0	
0	0	0	0	0	0	0	0	0	0	0	0	11	2	0	5	0	0	0	0	0	0	0	0	0	0	0	0	
0	0	0	0	0	0	0	0	11	0	12	7	0	0	14	0	0	0	0	0	0	0	0	0	0	0	0	0	
