0	0	0	0	0	0	0	0	0	1	3	4	0	0	3	0	0	0	0	0	0	0	0	0	0	0	0	0	
0	0	0	0	0	0	0	0	0	0	7	0	6	5	8	0	0	0	0	0	0	0	0	0	0	0	0	0	
0	0	0	0	0	0	0	0	10	0	0	0	7	0	0	13	0	0	0	0	0	0	0	0	0	0	0	0	
0	0	0	0	0	0	0	0	0	2	0	3	0	9	0	0	0	0	0	0	0	0	0	0	0	0	0	0	
0	0	0	0	0	0	0	0	14	0	66	255	248	161	41	7	0	0	0	0	0	0	0	0	0	0	0	0	
0	0	0	0	0	0	0	0	0	9	67	252	248	255	158	0	0	0	0	0	0	0	0	0	0	0	0	0	
0	0	0	0	0	0	0	0	3	4	66	249	249	255	239	4	0	0	0	0	0	0	0	0	0	0	0	0	
0	0	0	0	0	0	0	0	4	0	77	255	246	241	255	0	0	0	0	0	0	0	0	0	0	0	0	0	
0	0	0	0	0	0	0	0	5	0	80	255	239	255	255	0	0	2	0	10	0	4	0	0	0	0	0	0	
0	0	0	0	0	0	0	0	0	0	80	255	250	249	240	9	6	9	0	3	0	0	0	4	0	0	0	0	
0	0	0	0	0	0	0	0	4	6	65	237	255	255	251	102	0	0	0	7	0	3	0	0	0	0	0	0	
0	0	0	0	0	0	0	0	0	0	18	170	243	249	246	176	5	0	2	9	0	5	0	0	0	0	0	0	
0	0	0	0	0	0	0	0	2	5	10	127	253	255	250	226	56	5	4	0	0	0	1	0	0	0	0	0	
0	0	0	0	0	0	0	0	0	0	0	48	225	247	243	244	87	1	0	0	0	1	0	1	0	0	0	0	
0	0	0	0	0	0	0	0	3	9	0	6	220	254	255	255	120	4	0	0	6	3	0	0	0	0	0	0	
0	0	0	0	0	0	0	0	0	7	3	0	222	250	249	246	179	33	5	0	2	0	0	3	0	0	0	0	
0	0	0	0	0	0	0	0	2	0	0	10	51	255	255	251	245	36	7	0	7	4	2	0	0	0	0	0	
0	0	0	0	0	0	0	0	0	0	7	7	35	241	239	255	255	37	1	7	0	6	0	6	0	0	0	0	
0	0	0	0	0	0	0	0	3	0	0	0	42	248	255	255	248	163	0	0	6	0	4	0	0	0	0	0	
0	0	0	0	0	0	0	0	0	1	13	0	0	133	228	244	244	240	3	0	20	0	0	0	0	0	0	0	
0	0	0	0	0	0	0	0	8	0	0	0	12	103	255	255	255	210	84	0	0	6	0	12	0	0	0	0	
0	0	0	0	0	0	0	0	0	0	15	6	0	6	201	249	255	254	157	3	0	9	0	2	0	0	0	0	
0	0	0	0	0	0	0	0	3	0	0	0	9	19	148	255	247	250	127	0	1	4	2	0	0	0	0	0	
0	0	0	0	0	0	0	0	0	9	0	0	0	0	61	250	248	102	43	4	0	6	0	12	0	0	0	0	
0	0	0	0	0	0	0	0	0	0	0	0	0	0	0	0	0	0	0	0	0	0	0	0	0	0	0	0	
0	0	0	0	0	0	0	0	0	0	0	0	0	0	0	0	0	0	0	0	0	0	0	0	0	0	0	0	
0	0	0	0	0	0	0	0	0	0	0	0	0	0	0	0	0	0	0	0	0	0	0	0	0	0	0	0	
0	0	0	0	0	0	0	0	0	0	0	0	0	0	0	0	0	0	0	0	0	0	0	0	0	0	0	0	
