0	0	0	0	0	0	0	0	0	0	5	0	1	12	0	9	0	7	1	0	0	0	0	7	0	0	0	0	
0	0	0	0	0	0	0	0	2	0	0	9	0	0	0	0	7	0	0	0	16	10	0	0	0	0	0	0	
0	0	0	0	0	0	0	0	3	0	0	10	0	0	25	0	0	0	9	6	0	0	0	5	0	0	0	0	
0	0	0	0	0	0	0	0	0	2	0	0	0	5	12	0	8	4	0	0	0	10	10	0	0	0	0	0	
0	0	0	0	0	0	0	0	0	2	6	0	8	0	0	20	0	0	0	15	6	0	0	0	0	0	0	0	
0	0	0	0	0	0	0	0	3	0	3	0	8	0	25	176	255	101	0	0	3	0	0	7	0	0	0	0	
0	0	0	0	0	0	0	0	6	0	0	1	1	1	107	255	254	98	0	6	7	0	0	4	0	0	0	0	
0	0	0	0	0	0	0	0	0	5	0	9	0	3	130	248	255	121	12	0	0	5	9	0	0	0	0	0	
0	0	0	0	0	0	0	0	0	0	0	8	0	7	106	255	255	0	6	7	0	0	0	7	0	0	0	0	
0	0	0	0	0	0	0	0	4	0	0	3	5	0	166	240	253	2	1	0	0	5	0	0	0	0	0	0	
0	0	0	0	0	0	0	0	0	5	1	0	1	0	246	255	184	11	0	0	3	4	5	0	0	0	0	0	
0	0	0	0	0	0	0	0	0	4	7	0	1	61	255	255	71	0	1	0	4	0	6	0	0	0	0	0	
0	0	0	0	0	0	0	0	0	0	0	0	12	186	251	243	0	0	0	1	3	0	5	0	0	0	0	0	
0	0	0	0	0	0	0	0	2	0	0	0	3	255	248	255	0	1	0	0	3	0	4	0	0	0	0	0	
0	0	0	0	0	0	0	0	0	3	8	0	0	255	255	255	5	4	0	0	1	3	1	0	0	0	0	0	
0	0	0	0	0	0	0	0	0	0	5	0	10	242	255	186	0	0	3	2	0	0	0	5	0	0	0	0	
0	0	0	0	0	0	0	0	0	13	0	10	0	253	255	129	0	0	0	0	0	0	0	0	0	0	0	0	
0	0	0	0	0	0	0	0	4	0	14	0	71	255	240	129	0	0	0	0	0	0	0	0	0	0	0	0	
0	0	0	0	0	0	0	0	8	0	7	1	116	255	255	52	0	0	0	0	0	0	0	0	0	0	0	0	
0	0	0	0	0	0	0	0	2	5	0	13	118	255	245	0	0	0	0	0	0	0	0	0	0	0	0	0	
0	0	0	0	0	0	0	0	0	0	7	2	130	255	127	16	0	0	0	0	0	0	0	0	0	0	0	0	
0	0	0	0	0	0	0	0	3	0	7	0	123	255	162	1	0	0	0	0	0	0	0	0	0	0	0	0	
0	0	0	0	0	0	0	0	5	7	0	1	64	255	255	0	0	0	0	0	0	0	0	0	0	0	0	0	
0	0	0	0	0	0	0	0	0	3	0	0	3	248	250	65	0	0	0	0	0	0	0	0	0	0	0	0	
0	0	0	0	0	0	0	0	0	0	13	0	0	141	172	9	0	0	0	0	0	0	0	0	0	0	0	0	
0	0	0	0	0	0	0	0	5	5	0	0	0	3	3	0	0	0	0	0	0	0	0	0	0	0	0	0	
0	0	0	0	0	0	0	0	0	10	0	0	16	0	0	18	0	0	0	0	0	0	0	0	0	0	0	0	
0	0	0	0	0	0	0	0	4	0	0	0	4	12	9	0	0	0	0	0	0	0	0	0	0	0	0	0	
