0	0	0	0	0	0	0	0	2	0	2	0	0	14	0	0	0	0	0	0	0	0	0	0	0	0	0	0	
0	0	0	0	0	0	0	0	0	0	7	12	2	0	8	4	0	0	0	0	0	0	0	0	0	0	0	0	
0	0	0	0	0	0	0	0	4	2	0	0	5	8	1	0	0	0	0	0	0	0	0	0	0	0	0	0	
0	0	0	0	0	0	0	0	0	7	0	0	2	14	0	13	0	0	0	0	0	0	0	0	0	0	0	0	
0	0	0	0	0	0	0	0	1	0	2	8	0	0	99	156	0	0	0	0	0	0	0	0	0	0	0	0	
0	0	0	0	0	0	0	0	8	0	0	0	0	28	255	141	0	0	0	0	0	0	0	0	0	0	0	0	
0	0	0	0	0	0	0	0	0	0	4	0	16	93	252	40	0	0	0	0	0	0	0	0	0	0	0	0	
0	0	0	0	0	0	0	0	0	5	3	0	3	136	240	181	0	0	0	0	0	0	0	0	0	0	0	0	
0	0	0	0	0	0	0	0	0	3	0	0	0	126	251	162	0	0	0	0	0	1	1	1	0	0	0	0	
0	0	0	0	0	0	0	0	0	3	0	0	0	128	253	165	0	0	0	0	0	1	1	1	0	0	0	0	
0	0	0	0	0	0	0	0	2	2	0	0	1	129	253	166	0	0	0	0	0	0	1	1	0	0	0	0	
0	0	0	0	0	0	0	0	2	1	0	1	3	128	250	163	0	0	0	0	0	0	0	0	0	0	0	0	
0	0	0	0	0	0	0	0	0	0	0	4	4	125	247	163	0	0	0	0	0	0	0	0	0	0	0	0	
0	0	0	0	0	0	0	0	0	0	0	5	2	122	249	172	1	1	0	0	0	0	0	0	0	0	0	0	
0	0	0	0	0	0	0	0	0	0	0	4	0	121	255	190	1	1	1	0	0	0	0	0	0	0	0	0	
0	0	0	0	0	0	0	0	0	0	0	1	0	121	255	204	1	1	1	0	0	0	0	0	0	0	0	0	
0	0	0	0	0	0	0	0	9	0	0	0	12	41	255	219	15	1	0	2	0	0	2	0	0	0	0	0	
0	0	0	0	0	0	0	0	0	0	9	0	0	22	255	241	15	1	0	2	0	0	2	0	0	0	0	0	
0	0	0	0	0	0	0	0	0	0	10	0	0	15	252	255	15	1	0	2	0	0	2	0	0	0	0	0	
0	0	0	0	0	0	0	0	1	0	0	0	2	21	239	255	15	1	0	2	0	0	2	0	0	0	0	0	
0	0	0	0	0	0	0	0	5	0	0	0	4	14	211	255	15	1	0	2	0	0	2	0	0	0	0	0	
0	0	0	0	0	0	0	0	0	2	2	3	0	0	178	250	15	1	0	2	0	0	2	0	0	0	0	0	
0	0	0	0	0	0	0	0	0	2	1	6	0	0	162	253	15	1	0	2	0	0	2	0	0	0	0	0	
0	0	0	0	0	0	0	0	0	0	0	3	7	0	164	255	15	1	0	2	0	0	2	0	0	0	0	0	
0	0	0	0	0	0	0	0	0	0	0	0	0	0	0	0	0	0	0	0	0	0	0	0	0	0	0	0	
0	0	0	0	0	0	0	0	0	0	0	0	0	0	0	0	0	0	0	0	0	0	0	0	0	0	0	0	
0	0	0	0	0	0	0	0	0	0	0	0	0	0	0	0	0	0	0	0	0	0	0	0	0	0	0	0	
0	0	0	0	0	0	0	0	0	0	0	0	0	0	0	0	0	0	0	0	0	0	0	0	0	0	0	0	
