0	0	0	0	0	0	0	0	0	0	0	0	0	0	0	0	5	0	0	5	0	13	0	6	0	0	0	0	
0	0	0	0	0	0	0	0	0	0	0	0	0	0	0	0	0	8	15	0	0	0	0	13	0	0	0	0	
0	0	0	0	0	0	0	0	0	0	0	0	0	0	0	0	3	0	0	3	7	0	0	0	0	0	0	0	
0	0	0	0	0	0	0	0	0	0	0	0	0	0	0	0	0	25	0	0	0	5	1	0	0	0	0	0	
0	0	0	0	0	0	0	0	0	0	0	0	0	0	0	0	16	0	125	255	143	0	15	0	0	0	0	0	
0	0	0	0	0	0	0	0	0	0	0	0	0	0	0	0	0	134	242	255	206	2	0	7	0	0	0	0	
0	0	0	0	0	0	0	0	0	0	0	0	0	0	0	0	41	221	255	246	164	9	0	0	0	0	0	0	
0	0	0	0	0	0	0	0	0	0	0	0	0	0	0	0	91	255	245	204	17	0	21	0	0	0	0	0	
0	0	0	0	0	0	0	0	0	7	10	0	4	3	0	9	195	255	255	169	0	8	0	2	0	0	0	0	
0	0	0	0	0	0	0	0	0	3	0	20	0	14	0	172	251	247	162	24	8	0	12	0	0	0	0	0	
0	0	0	0	0	0	0	0	0	4	6	3	0	0	85	245	255	246	66	0	6	0	3	0	0	0	0	0	
0	0	0	0	0	0	0	0	10	0	2	0	8	18	204	255	237	194	18	12	0	7	0	2	0	0	0	0	
0	0	0	0	0	0	0	0	0	7	0	0	4	137	249	244	215	78	2	0	1	0	10	0	0	0	0	0	
0	0	0	0	0	0	0	0	0	10	5	0	96	244	244	255	142	0	1	0	0	0	13	0	0	0	0	0	
0	0	0	0	0	0	0	0	18	0	0	40	252	255	253	255	44	0	6	6	0	1	0	6	0	0	0	0	
0	0	0	0	0	0	0	0	0	15	2	27	248	248	255	86	0	0	7	0	14	6	0	5	0	0	0	0	
0	0	0	0	0	9	0	6	0	16	59	182	249	253	205	15	0	0	0	0	0	0	0	0	0	0	0	0	
6	3	0	14	0	0	4	6	0	15	186	249	255	223	13	0	0	0	0	0	0	0	0	0	0	0	0	0	
0	7	0	14	0	0	5	0	26	98	255	255	247	114	0	11	0	0	0	0	0	0	0	0	0	0	0	0	
0	10	0	1	0	0	0	16	56	255	255	228	200	25	0	0	0	0	0	0	0	0	0	0	0	0	0	0	
0	8	4	0	3	5	4	131	198	255	241	220	0	2	5	5	0	0	0	0	0	0	0	0	0	0	0	0	
6	0	3	0	1	0	13	211	250	239	255	232	0	18	0	3	0	0	0	0	0	0	0	0	0	0	0	0	
6	0	0	3	0	0	6	133	255	248	237	146	4	0	21	0	0	0	0	0	0	0	0	0	0	0	0	0	
1	1	4	10	0	11	0	0	124	255	140	3	8	0	3	0	0	0	0	0	0	0	0	0	0	0	0	0	
0	0	0	0	0	0	0	0	0	0	0	0	0	0	0	0	0	0	0	0	0	0	0	0	0	0	0	0	
0	0	0	0	0	0	0	0	0	0	0	0	0	0	0	0	0	0	0	0	0	0	0	0	0	0	0	0	
0	0	0	0	0	0	0	0	0	0	0	0	0	0	0	0	0	0	0	0	0	0	0	0	0	0	0	0	
0	0	0	0	0	0	0	0	0	0	0	0	0	0	0	0	0	0	0	0	0	0	0	0	0	0	0	0	
