0	0	0	0	0	0	0	0	0	6	0	2	9	0	0	2	16	0	4	8	0	0	0	9	0	0	0	0	
0	0	0	0	0	0	0	0	0	9	0	0	0	0	0	3	0	0	0	0	4	6	0	4	0	0	0	0	
0	0	0	0	0	0	0	0	0	9	0	0	4	3	4	0	4	20	0	0	8	9	6	0	0	0	0	0	
0	0	0	0	0	0	0	0	0	4	0	11	11	0	0	2	0	0	7	4	3	0	0	2	0	0	0	0	
0	0	0	0	0	0	0	0	4	7	0	0	0	11	132	254	137	0	3	1	0	2	0	3	0	0	0	0	
0	0	0	0	0	0	0	0	0	1	2	12	0	0	122	255	247	13	0	0	0	13	1	0	0	0	0	0	
0	0	0	0	0	0	0	0	2	2	0	7	0	10	126	253	135	0	11	10	2	0	0	3	0	0	0	0	
0	0	0	0	0	0	0	0	0	5	0	2	0	5	127	254	126	3	0	0	8	0	12	2	0	0	0	0	
0	0	0	0	0	0	0	0	0	9	2	0	0	9	114	255	255	0	6	3	0	2	0	0	0	0	0	0	
0	0	0	0	0	0	0	0	11	5	0	0	0	0	162	233	255	2	0	0	0	7	1	0	0	0	0	0	
0	0	0	0	0	0	0	0	7	0	0	8	15	0	255	255	192	0	6	6	0	0	0	2	0	0	0	0	
0	0	0	0	0	0	0	0	0	0	1	6	0	0	255	250	134	0	7	9	0	0	0	3	0	0	0	0	
0	0	0	0	0	0	0	0	0	0	4	0	0	21	249	247	124	7	0	0	0	7	0	0	0	0	0	0	
0	0	0	0	0	0	0	0	0	0	0	0	15	107	255	255	66	6	0	0	2	5	0	0	0	0	0	0	
0	0	0	0	0	0	0	0	7	2	0	0	8	131	248	253	0	0	2	8	4	0	0	3	0	0	0	0	
0	0	0	0	0	0	0	0	2	0	3	0	2	133	255	254	0	4	0	0	3	1	0	1	0	0	0	0	
0	0	0	0	0	0	0	0	0	6	0	0	8	197	245	255	0	0	0	0	0	0	0	0	0	0	0	0	
0	0	0	0	0	0	0	0	7	0	1	0	14	247	255	255	0	0	0	0	0	0	0	0	0	0	0	0	
0	0	0	0	0	0	0	0	0	0	16	7	0	255	255	245	0	0	0	0	0	0	0	0	0	0	0	0	
0	0	0	0	0	0	0	0	14	0	0	0	0	255	248	140	0	0	0	0	0	0	0	0	0	0	0	0	
0	0	0	0	0	0	0	0	4	0	0	2	13	249	250	76	0	0	0	0	0	0	0	0	0	0	0	0	
0	0	0	0	0	0	0	0	0	6	13	3	1	231	255	106	0	0	0	0	0	0	0	0	0	0	0	0	
0	0	0	0	0	0	0	0	6	2	0	0	0	255	255	72	0	0	0	0	0	0	0	0	0	0	0	0	
0	0	0	0	0	0	0	0	0	3	6	8	0	253	189	0	0	0	0	0	0	0	0	0	0	0	0	0	
0	0	0	0	0	0	0	0	0	0	0	0	0	0	0	0	0	0	0	0	0	0	0	0	0	0	0	0	
0	0	0	0	0	0	0	0	0	0	0	0	0	0	0	0	0	0	0	0	0	0	0	0	0	0	0	0	
0	0	0	0	0	0	0	0	0	0	0	0	0	0	0	0	0	0	0	0	0	0	0	0	0	0	0	0	
0	0	0	0	0	0	0	0	0	0	0	0	0	0	0	0	0	0	0	0	0	0	0	0	0	0	0	0	
