0	0	0	0	0	0	0	0	0	0	7	6	0	0	0	5	4	0	6	0	0	6	1	1	0	0	0	0	
0	0	0	0	0	0	0	0	7	0	1	0	6	9	12	0	2	2	9	7	0	0	0	3	0	0	0	0	
0	0	0	0	0	0	0	0	3	3	0	15	0	0	0	0	0	6	0	0	3	0	0	6	0	0	0	0	
0	0	0	0	0	0	0	0	0	8	0	0	0	0	17	5	0	11	0	0	3	2	6	0	0	0	0	0	
0	0	0	0	0	0	0	0	4	0	1	0	225	252	222	0	0	10	4	0	0	4	4	0	0	0	0	0	
0	0	0	0	0	0	0	0	5	3	8	34	221	234	233	53	0	0	8	3	0	1	0	0	0	0	0	0	
0	0	0	0	0	0	0	0	0	4	0	167	254	255	255	213	68	0	0	2	0	6	0	7	0	0	0	0	
0	0	0	0	0	0	0	0	3	4	0	189	254	240	250	251	173	13	0	3	0	15	0	1	0	0	0	0	
0	0	0	0	0	0	0	0	0	0	1	181	253	249	252	249	182	0	3	0	3	0	0	0	0	0	0	0	
0	0	0	0	0	0	0	0	0	0	1	181	253	249	252	249	182	0	3	0	3	0	0	0	0	0	0	0	
0	0	0	0	0	0	0	0	0	0	1	181	253	249	252	249	182	0	3	0	3	0	0	0	0	0	0	0	
0	0	0	0	0	0	0	0	0	0	1	181	253	249	252	249	182	0	3	0	3	0	0	0	0	0	0	0	
0	0	0	0	0	0	0	0	0	0	1	181	253	249	252	249	182	0	3	0	3	0	0	0	0	0	0	0	
0	0	0	0	0	0	0	0	0	0	1	181	253	249	252	249	182	0	3	0	3	0	0	0	0	0	0	0	
0	0	0	0	0	0	0	0	0	0	1	181	253	249	252	249	182	0	3	0	3	0	0	0	0	0	0	0	
0	0	0	0	0	0	0	0	0	0	1	181	253	249	252	249	182	0	3	0	3	0	0	0	0	0	0	0	
0	0	0	0	0	0	0	0	0	0	2	177	249	255	239	255	180	2	0	0	0	7	0	5	0	0	0	0	
0	0	0	0	0	0	0	0	0	0	72	203	254	239	255	238	187	0	9	5	2	3	0	1	0	0	0	0	
0	0	0	0	0	0	0	0	1	4	160	243	255	234	243	252	181	0	0	1	0	0	0	2	0	0	0	0	
0	0	0	0	0	0	0	0	7	0	75	217	241	251	247	255	227	81	8	7	1	1	0	0	0	0	0	0	
0	0	0	0	0	0	0	0	0	0	7	189	250	254	255	231	251	159	0	0	0	6	0	2	0	0	0	0	
0	0	0	0	0	0	0	0	0	13	0	34	213	248	244	255	248	175	0	0	0	6	0	4	0	0	0	0	
0	0	0	0	0	0	0	0	0	0	11	6	216	245	249	251	247	139	11	6	10	0	0	0	0	0	0	0	
0	0	0	0	0	0	0	0	8	0	0	6	16	8	255	242	181	36	0	0	5	0	0	6	0	0	0	0	
0	0	0	0	0	0	0	0	0	0	0	0	0	0	0	0	0	0	0	0	0	0	0	0	0	0	0	0	
0	0	0	0	0	0	0	0	0	0	0	0	0	0	0	0	0	0	0	0	0	0	0	0	0	0	0	0	
0	0	0	0	0	0	0	0	0	0	0	0	0	0	0	0	0	0	0	0	0	0	0	0	0	0	0	0	
0	0	0	0	0	0	0	0	0	0	0	0	0	0	0	0	0	0	0	0	0	0	0	0	0	0	0	0	
