0	0	0	0	0	0	0	0	0	0	0	0	0	0	0	1	0	6	0	0	5	0	0	1	0	0	0	0	
0	0	0	0	0	0	0	0	0	0	0	0	0	0	0	0	7	0	9	0	5	0	0	0	0	0	0	0	
0	0	0	0	0	0	0	0	0	0	0	0	0	0	0	0	0	0	1	0	0	0	4	0	0	0	0	0	
0	0	0	0	0	0	0	0	0	0	1	1	1	0	0	0	0	24	0	3	0	0	6	0	0	0	0	0	
0	0	0	0	0	0	0	0	0	0	1	1	1	0	0	0	37	105	0	15	0	0	0	0	0	0	0	0	
0	0	0	0	0	0	0	0	0	0	0	0	0	1	2	3	102	143	0	15	0	0	0	0	0	0	0	0	
0	0	0	0	0	0	0	0	1	0	0	0	0	1	5	7	171	117	0	3	0	0	4	0	0	0	0	0	
0	0	0	0	0	0	0	0	1	0	0	0	0	2	6	9	228	85	0	0	0	0	6	0	0	0	0	0	
0	0	0	0	0	0	0	0	9	0	4	2	0	0	14	101	250	30	6	1	10	0	0	0	0	0	0	0	
0	0	0	0	0	0	0	0	0	0	4	5	5	4	0	135	198	8	0	0	5	0	0	4	0	0	0	0	
0	0	0	0	0	0	0	0	0	6	0	0	0	0	0	201	147	3	2	0	3	0	1	1	0	0	0	0	
0	0	0	0	0	0	0	0	0	6	0	1	0	6	80	255	95	2	11	1	2	0	0	0	0	0	0	0	
0	0	0	0	0	0	0	0	0	4	2	14	0	0	138	213	35	0	4	0	0	3	2	1	0	0	0	0	
0	0	0	0	0	0	0	0	3	1	0	6	0	18	197	143	5	0	2	0	0	4	0	1	0	0	0	0	
0	0	0	0	0	0	0	0	0	0	0	2	0	107	255	114	1	3	6	0	0	4	0	0	0	0	0	0	
0	0	0	0	0	0	0	0	0	4	4	0	0	142	231	21	0	4	3	0	0	5	0	1	0	0	0	0	
0	0	0	0	0	0	0	0	3	0	10	0	16	221	180	6	0	0	0	0	0	0	0	0	0	0	0	0	
0	0	0	0	0	0	0	0	10	0	6	0	104	244	136	0	0	0	0	0	0	0	0	0	0	0	0	0	
0	0	0	0	0	0	0	0	0	0	7	0	131	251	91	0	0	0	0	0	0	0	0	0	0	0	0	0	
0	0	0	0	0	0	0	0	0	1	0	5	100	254	71	0	0	0	0	0	0	0	0	0	0	0	0	0	
0	0	0	0	0	0	0	0	6	5	0	0	121	242	42	0	0	0	0	0	0	0	0	0	0	0	0	0	
0	0	0	0	0	0	0	0	0	7	2	0	167	180	0	5	0	0	0	0	0	0	0	0	0	0	0	0	
0	0	0	0	0	0	0	0	0	2	9	0	156	128	0	8	0	0	0	0	0	0	0	0	0	0	0	0	
0	0	0	0	0	0	0	0	11	0	0	4	113	131	14	0	0	0	0	0	0	0	0	0	0	0	0	0	
0	0	0	0	0	0	0	0	0	0	0	0	0	0	0	0	0	0	0	0	0	0	0	0	0	0	0	0	
0	0	0	0	0	0	0	0	0	0	0	0	0	0	0	0	0	0	0	0	0	0	0	0	0	0	0	0	
0	0	0	0	0	0	0	0	0	0	0	0	0	0	0	0	0	0	0	0	0	0	0	0	0	0	0	0	
0	0	0	0	0	0	0	0	0	0	0	0	0	0	0	0	0	0	0	0	0	0	0	0	0	0	0	0	
