0	0	0	0	0	0	0	0	2	1	0	0	0	0	0	0	0	0	7	0	4	5	0	7	0	0	0	0	
0	0	0	0	0	0	0	0	0	0	0	0	0	0	0	1	23	0	0	14	4	0	21	0	0	0	0	0	
0	0	0	0	0	0	0	0	0	0	0	0	0	0	0	0	0	13	0	0	6	0	0	0	0	0	0	0	
0	0	0	0	0	0	0	0	0	0	0	0	0	0	0	0	5	0	3	0	0	9	7	7	0	0	0	0	
0	0	0	0	0	0	0	0	0	0	0	0	0	0	0	0	0	12	0	2	9	0	0	5	0	0	0	0	
0	0	0	0	0	0	0	0	2	1	0	0	0	0	0	0	4	24	224	136	0	31	0	6	0	0	0	0	
0	0	0	0	0	0	0	0	2	0	0	0	0	2	5	7	26	203	255	149	11	0	17	0	0	0	0	0	
0	0	0	0	0	0	0	0	0	0	0	0	0	4	9	12	218	255	198	35	0	10	0	15	0	0	0	0	
0	0	0	0	0	0	0	0	0	0	13	0	1	10	0	61	250	255	62	10	0	0	6	0	0	0	0	0	
0	0	0	0	0	0	0	0	0	25	0	0	7	0	56	243	255	149	13	0	4	3	8	0	0	0	0	0	
0	0	0	0	0	0	0	0	0	9	0	15	2	0	115	255	255	47	0	0	14	0	3	0	0	0	0	0	
0	0	0	0	0	0	0	0	5	0	3	2	0	41	215	242	179	3	0	4	8	0	0	3	0	0	0	0	
0	0	0	0	0	0	0	0	0	1	10	0	4	138	255	242	58	0	0	5	0	0	3	4	0	0	0	0	
0	0	0	0	0	0	0	0	2	0	5	2	0	186	255	198	0	11	0	1	0	8	3	0	0	0	0	0	
0	0	0	0	0	0	0	0	18	0	0	1	27	223	255	129	0	10	2	1	0	10	0	0	0	0	0	0	
0	0	0	0	0	0	0	0	0	10	9	0	150	253	191	0	8	0	2	0	0	1	0	13	0	0	0	0	
0	0	0	0	0	0	0	0	1	0	12	0	226	254	142	4	0	0	0	0	0	0	0	0	0	0	0	0	
0	0	0	0	0	0	0	0	7	0	0	30	226	255	102	0	0	0	0	0	0	0	0	0	0	0	0	0	
0	0	0	0	0	0	0	0	2	6	0	130	234	201	27	0	0	0	0	0	0	0	0	0	0	0	0	0	
0	0	0	0	0	0	0	0	0	2	27	232	255	108	0	13	0	0	0	0	0	0	0	0	0	0	0	0	
0	0	0	0	0	0	0	0	0	0	54	255	255	53	0	6	0	0	0	0	0	0	0	0	0	0	0	0	
0	0	0	0	0	0	0	0	1	4	117	249	187	13	15	0	0	0	0	0	0	0	0	0	0	0	0	0	
0	0	0	0	0	0	0	0	0	13	193	251	79	0	9	0	0	0	0	0	0	0	0	0	0	0	0	0	
0	0	0	0	0	0	0	0	0	0	222	255	20	0	0	5	0	0	0	0	0	0	0	0	0	0	0	0	
0	0	0	0	0	0	0	0	4	0	109	250	15	2	11	0	0	0	0	0	0	0	0	0	0	0	0	0	
0	0	0	0	0	0	0	0	6	3	0	11	0	4	0	4	0	0	0	0	0	0	0	0	0	0	0	0	
0	0	0	0	0	0	0	0	0	7	11	0	2	0	1	8	0	0	0	0	0	0	0	0	0	0	0	0	
0	0	0	0	0	0	0	0	14	0	2	17	0	0	4	0	0	0	0	0	0	0	0	0	0	0	0	0	
