0	0	0	0	0	0	0	0	3	0	9	2	0	0	11	0	0	0	8	0	0	5	0	1	0	0	0	0	
0	0	0	0	0	0	0	0	8	0	0	3	10	5	7	0	10	0	0	0	2	1	0	5	0	0	0	0	
0	0	0	0	0	0	0	0	3	0	0	0	0	3	0	1	6	1	0	2	7	0	0	0	0	0	0	0	
0	0	0	0	0	0	0	0	0	9	5	0	0	7	4	2	0	2	8	0	0	0	9	0	0	0	0	0	
0	0	0	0	0	0	0	0	0	0	5	13	5	0	4	0	15	0	0	0	0	0	14	0	0	0	0	0	
0	0	0	0	0	0	0	0	14	0	0	0	0	12	174	255	129	2	0	0	9	0	5	0	0	0	0	0	
0	0	0	0	0	0	0	0	0	0	1	13	2	0	209	255	220	16	0	2	10	0	0	0	0	0	0	0	
0	0	0	0	0	0	0	0	0	6	0	0	13	33	255	246	229	10	7	0	0	0	6	0	0	0	0	0	
0	0	0	0	0	0	0	0	2	0	0	0	15	99	243	255	249	72	0	0	0	0	10	0	0	0	0	0	
0	0	0	0	0	0	0	0	7	0	24	0	0	176	255	248	250	59	0	0	5	0	5	0	0	0	0	0	
0	0	0	0	0	0	0	0	0	0	0	12	3	230	252	255	255	47	0	4	4	1	0	0	0	0	0	0	
0	0	0	0	0	0	0	0	17	0	0	7	190	226	255	240	255	37	1	2	0	1	0	5	0	0	0	0	
0	0	0	0	0	0	0	0	0	1	5	0	121	111	237	254	208	19	0	0	0	2	0	7	0	0	0	0	
0	0	0	0	0	0	0	0	10	18	0	4	0	180	247	255	128	0	0	0	3	2	0	2	0	0	0	0	
0	0	0	0	0	0	0	0	0	0	41	20	0	217	255	249	63	0	0	0	5	0	0	0	0	0	0	0	
0	0	0	0	0	0	0	0	7	0	1	3	7	222	245	255	37	4	3	0	3	0	3	0	0	0	0	0	
0	0	0	0	0	0	0	0	4	2	0	10	26	252	246	224	0	0	0	0	0	0	0	0	0	0	0	0	
0	0	0	0	0	0	0	0	3	0	0	6	56	249	255	138	0	0	0	0	0	0	0	0	0	0	0	0	
0	0	0	0	0	0	0	0	1	5	1	0	159	255	255	109	0	0	0	0	0	0	0	0	0	0	0	0	
0	0	0	0	0	0	0	0	0	10	0	0	229	245	255	104	0	0	0	0	0	0	0	0	0	0	0	0	
0	0	0	0	0	0	0	0	4	0	0	39	242	246	254	61	0	0	0	0	0	0	0	0	0	0	0	0	
0	0	0	0	0	0	0	0	0	13	0	84	254	255	182	10	0	0	0	0	0	0	0	0	0	0	0	0	
0	0	0	0	0	0	0	0	0	13	0	142	255	255	74	0	0	0	0	0	0	0	0	0	0	0	0	0	
0	0	0	0	0	0	0	0	11	0	1	235	248	244	45	7	0	0	0	0	0	0	0	0	0	0	0	0	
0	0	0	0	0	0	0	0	7	2	6	125	255	187	32	0	0	0	0	0	0	0	0	0	0	0	0	0	
0	0	0	0	0	0	0	0	0	0	0	0	10	0	0	10	0	0	0	0	0	0	0	0	0	0	0	0	
0	0	0	0	0	0	0	0	8	7	11	1	0	1	12	0	0	0	0	0	0	0	0	0	0	0	0	0	
0	0	0	0	0	0	0	0	0	0	0	8	0	0	1	0	0	0	0	0	0	0	0	0	0	0	0	0	
