0	0	0	0	0	0	0	0	1	0	4	0	0	0	16	0	0	10	4	0	0	10	0	0	0	0	0	0	
0	0	0	0	0	0	0	0	6	0	0	9	12	0	0	0	21	0	0	10	0	1	16	6	0	0	0	0	
0	0	0	0	0	0	0	0	0	2	4	0	0	4	0	13	0	0	20	5	0	0	0	0	0	0	0	0	
0	0	0	0	0	0	0	0	4	0	0	0	6	13	0	0	4	0	6	0	6	10	3	11	0	0	0	0	
0	0	0	0	0	0	0	0	1	0	4	6	0	0	91	248	197	11	0	9	0	0	0	0	0	0	0	0	
0	0	0	0	0	0	0	0	4	0	0	4	8	0	121	242	255	35	0	0	7	0	10	13	0	0	0	0	
0	0	0	0	0	0	0	0	0	9	11	0	0	1	176	255	248	61	16	0	8	0	0	0	0	0	0	0	
0	0	0	0	0	0	0	0	0	0	2	0	10	0	176	248	255	10	0	4	4	0	10	0	0	0	0	0	
0	0	0	0	0	0	0	0	6	0	0	0	0	33	217	248	184	12	0	3	4	0	0	7	0	0	0	0	
0	0	0	0	0	0	0	0	0	7	0	9	13	130	255	254	114	0	0	1	4	1	0	0	0	0	0	0	
0	0	0	0	0	0	0	0	4	0	10	0	10	126	247	250	43	0	5	0	0	7	1	0	0	0	0	0	
0	0	0	0	0	0	0	0	2	0	5	0	4	155	251	255	15	0	8	0	0	6	0	1	0	0	0	0	
0	0	0	0	0	0	0	0	0	16	0	4	0	241	253	207	12	6	4	0	0	4	0	4	0	0	0	0	
0	0	0	0	0	0	0	0	0	14	0	3	20	245	249	170	7	1	0	8	1	3	0	0	0	0	0	0	
0	0	0	0	0	0	0	0	3	0	3	0	86	239	255	156	1	0	0	12	0	3	0	0	0	0	0	0	
0	0	0	0	0	0	0	0	1	5	1	2	102	255	249	62	2	0	0	11	0	1	5	0	0	0	0	0	
0	0	0	0	0	0	0	0	4	0	1	0	184	246	244	57	0	0	0	0	0	0	0	0	0	0	0	0	
0	0	0	0	0	0	0	0	0	0	8	5	181	255	255	54	0	0	0	0	0	0	0	0	0	0	0	0	
0	0	0	0	0	0	0	0	0	8	0	2	206	247	245	53	0	0	0	0	0	0	0	0	0	0	0	0	
0	0	0	0	0	0	0	0	0	0	0	0	226	249	255	58	0	0	0	0	0	0	0	0	0	0	0	0	
0	0	0	0	0	0	0	0	0	0	13	0	215	245	255	51	0	0	0	0	0	0	0	0	0	0	0	0	
0	0	0	0	0	0	0	0	0	7	0	0	248	253	241	139	0	0	0	0	0	0	0	0	0	0	0	0	
0	0	0	0	0	0	0	0	0	5	0	3	220	255	238	209	0	0	0	0	0	0	0	0	0	0	0	0	
0	0	0	0	0	0	0	0	7	0	9	3	65	213	221	96	0	0	0	0	0	0	0	0	0	0	0	0	
0	0	0	0	0	0	0	0	0	0	0	0	0	0	0	0	0	0	0	0	0	0	0	0	0	0	0	0	
0	0	0	0	0	0	0	0	0	0	0	0	0	0	0	0	0	0	0	0	0	0	0	0	0	0	0	0	
0	0	0	0	0	0	0	0	0	0	0	0	0	0	0	0	0	0	0	0	0	0	0	0	0	0	0	0	
0	0	0	0	0	0	0	0	0	0	0	0	0	0	0	0	0	0	0	0	0	0	0	0	0	0	0	0	
