0	0	0	0	0	0	0	0	0	0	0	0	0	0	0	0	0	4	7	0	0	11	0	8	0	0	0	0	
0	0	0	0	0	0	0	0	0	0	0	0	0	0	0	0	2	0	11	13	0	0	0	0	0	0	0	0	
0	0	0	0	0	0	0	0	0	0	0	0	0	0	0	0	16	0	0	7	19	0	2	2	0	0	0	0	
0	0	0	0	0	0	0	0	0	0	0	0	0	0	0	0	3	4	14	72	201	24	1	0	0	0	0	0	
0	0	0	0	0	0	0	0	0	0	0	0	0	0	0	0	0	6	0	113	235	7	0	7	0	0	0	0	
0	0	0	0	0	0	0	0	0	0	0	0	0	0	0	0	0	2	34	232	193	15	0	0	0	0	0	0	
0	0	0	0	0	0	0	0	0	0	0	0	0	0	0	0	6	0	76	237	55	0	1	2	0	0	0	0	
0	0	0	0	0	0	0	0	0	0	0	0	0	0	0	0	2	0	129	227	6	1	3	0	0	0	0	0	
0	0	0	0	0	0	0	0	6	3	0	8	0	0	0	6	0	164	250	134	2	11	0	5	0	0	0	0	
0	0	0	0	0	0	0	0	0	7	0	0	18	0	32	0	105	235	226	2	5	0	8	2	0	0	0	0	
0	0	0	0	0	0	0	0	4	5	0	0	0	0	0	51	182	242	149	0	9	0	0	0	0	0	0	0	
0	0	0	0	0	0	0	0	3	0	0	4	9	9	20	242	255	156	36	18	0	3	0	10	0	0	0	0	
0	0	0	0	0	0	0	0	3	0	1	0	10	0	110	255	240	43	0	0	1	0	5	0	0	0	0	0	
0	0	0	0	0	0	0	0	0	0	10	0	3	133	255	245	82	0	16	0	15	4	0	0	0	0	0	0	
0	0	0	0	0	0	0	0	10	0	5	0	18	238	254	120	0	0	13	0	0	0	0	14	0	0	0	0	
0	0	0	0	0	0	0	0	0	17	0	5	130	247	238	18	7	0	0	4	9	0	7	0	0	0	0	0	
0	0	0	0	0	0	0	0	3	0	0	42	232	242	97	0	0	0	0	0	0	0	0	0	0	0	0	0	
0	0	0	0	0	0	0	0	0	0	6	182	252	207	5	0	0	0	0	0	0	0	0	0	0	0	0	0	
0	0	0	0	0	0	0	0	7	0	110	233	227	33	0	10	0	0	0	0	0	0	0	0	0	0	0	0	
0	0	0	0	0	0	0	0	0	38	243	255	225	131	3	0	0	0	0	0	0	0	0	0	0	0	0	0	
0	0	0	0	0	0	0	0	23	191	251	245	221	71	0	0	0	0	0	0	0	0	0	0	0	0	0	0	
0	0	0	0	0	0	0	0	8	204	248	236	39	10	1	10	0	0	0	0	0	0	0	0	0	0	0	0	
0	0	0	0	0	0	0	0	46	255	188	13	2	0	15	0	0	0	0	0	0	0	0	0	0	0	0	0	
0	0	0	0	0	0	0	0	6	0	12	0	7	11	0	6	0	0	0	0	0	0	0	0	0	0	0	0	
0	0	0	0	0	0	0	0	0	0	0	0	0	0	0	0	0	0	0	0	0	0	0	0	0	0	0	0	
0	0	0	0	0	0	0	0	0	0	0	0	0	0	0	0	0	0	0	0	0	0	0	0	0	0	0	0	
0	0	0	0	0	0	0	0	0	0	0	0	0	0	0	0	0	0	0	0	0	0	0	0	0	0	0	0	
0	0	0	0	0	0	0	0	0	0	0	0	0	0	0	0	0	0	0	0	0	0	0	0	0	0	0	0	
