0	0	0	0	0	0	0	0	0	11	0	0	16	0	1	2	0	0	0	4	0	0	4	1	0	0	0	0	
0	0	0	0	0	0	0	0	0	4	3	0	0	0	0	0	2	3	0	0	0	0	1	0	0	0	0	0	
0	0	0	0	0	0	0	0	0	0	5	8	0	10	7	3	2	6	0	0	2	2	0	0	0	0	0	0	
0	0	0	0	0	0	0	0	8	0	0	2	0	0	0	10	0	1	1	0	3	4	0	1	0	0	0	0	
0	0	0	0	0	0	0	0	4	3	0	0	3	0	19	108	7	0	0	0	1	4	0	5	0	0	0	0	
0	0	0	0	0	0	0	0	0	1	1	0	9	0	113	242	40	0	0	0	0	4	0	5	0	0	0	0	
0	0	0	0	0	0	0	0	0	0	6	0	0	0	168	255	91	1	0	4	0	6	0	2	0	0	0	0	
0	0	0	0	0	0	0	0	9	0	6	5	3	9	218	250	130	9	0	6	0	8	0	0	0	0	0	0	
0	0	0	0	0	0	0	0	3	0	5	0	0	37	249	255	130	2	0	9	0	5	0	0	0	0	0	0	
0	0	0	0	0	0	0	0	2	0	1	0	2	87	254	254	101	2	3	12	0	2	0	0	0	0	0	0	
0	0	0	0	0	0	0	0	0	0	0	6	4	159	255	251	44	0	0	4	0	1	0	5	0	0	0	0	
0	0	0	0	0	0	0	0	0	1	0	9	0	217	255	251	10	0	0	0	0	2	0	6	0	0	0	0	
0	0	0	0	0	0	0	0	0	3	0	6	0	245	250	252	15	4	3	0	2	3	0	0	0	0	0	0	
0	0	0	0	0	0	0	0	0	4	0	1	0	248	245	255	16	6	0	0	1	2	0	0	0	0	0	0	
0	0	0	0	0	0	0	0	1	2	1	0	0	242	244	255	10	0	0	0	0	0	6	0	0	0	0	0	
0	0	0	0	0	0	0	0	3	0	2	0	9	237	246	255	18	2	0	8	0	0	6	0	0	0	0	0	
0	0	0	0	0	0	0	0	0	0	9	0	2	232	255	255	19	3	0	5	0	0	1	1	0	0	0	0	
0	0	0	0	0	0	0	0	5	1	0	8	1	234	254	246	17	1	0	5	0	0	1	1	0	0	0	0	
0	0	0	0	0	0	0	0	4	0	0	8	7	229	255	251	16	0	0	5	0	0	1	0	0	0	0	0	
0	0	0	0	0	0	0	0	0	0	6	0	5	222	255	255	15	0	0	4	1	0	1	0	0	0	0	0	
0	0	0	0	0	0	0	0	2	0	13	0	0	238	252	251	18	0	0	3	1	0	1	0	0	0	0	0	
0	0	0	0	0	0	0	0	1	1	0	6	0	255	255	255	22	2	0	3	1	0	2	0	0	0	0	0	
0	0	0	0	0	0	0	0	0	4	0	6	3	202	255	252	28	5	0	2	0	0	3	0	0	0	0	0	
0	0	0	0	0	0	0	0	0	6	5	0	10	109	241	220	31	7	0	2	0	0	3	0	0	0	0	0	
0	0	0	0	0	0	0	0	0	0	0	0	0	0	0	0	0	0	0	0	0	0	0	0	0	0	0	0	
0	0	0	0	0	0	0	0	0	0	0	0	0	0	0	0	0	0	0	0	0	0	0	0	0	0	0	0	
0	0	0	0	0	0	0	0	0	0	0	0	0	0	0	0	0	0	0	0	0	0	0	0	0	0	0	0	
0	0	0	0	0	0	0	0	0	0	0	0	0	0	0	0	0	0	0	0	0	0	0	0	0	0	0	0	
