0	0	0	0	0	0	0	0	2	3	1	0	4	0	7	0	0	0	0	0	0	0	0	0	0	0	0	0	
0	0	0	0	0	0	0	0	6	0	7	8	0	0	11	5	0	0	0	0	0	0	0	0	0	0	0	0	
0	0	0	0	0	0	0	0	0	0	0	0	0	20	12	0	0	0	0	0	0	0	0	0	0	0	0	0	
0	0	0	0	0	0	0	0	0	1	10	8	0	0	0	11	0	0	0	0	0	0	0	0	0	0	0	0	
0	0	0	0	0	0	0	0	5	0	5	72	133	71	0	2	0	0	0	0	0	0	0	0	0	0	0	0	
0	0	0	0	0	0	0	0	0	0	0	95	255	232	98	0	0	0	0	0	0	0	0	0	0	0	0	0	
0	0	0	0	0	0	0	0	0	12	10	76	252	255	223	75	0	0	0	0	0	0	0	0	0	0	0	0	
0	0	0	0	0	0	0	0	9	0	0	92	255	253	251	100	0	0	0	0	0	0	0	0	0	0	0	0	
0	0	0	0	0	0	0	0	0	17	0	85	255	242	251	183	21	0	2	6	0	1	2	0	0	0	0	0	
0	0	0	0	0	0	0	0	0	0	26	72	252	255	255	255	22	0	0	0	0	2	0	2	0	0	0	0	
0	0	0	0	0	0	0	0	11	0	0	1	149	255	237	255	36	8	12	5	3	3	0	0	0	0	0	0	
0	0	0	0	0	0	0	0	0	3	0	8	145	255	255	250	12	0	12	0	0	3	1	0	0	0	0	0	
0	0	0	0	0	0	0	0	0	0	1	13	124	233	255	255	73	0	4	0	1	0	0	3	0	0	0	0	
0	0	0	0	0	0	0	0	0	8	0	0	14	227	243	251	194	14	0	6	17	0	0	1	0	0	0	0	
0	0	0	0	0	0	0	0	0	16	0	15	0	208	255	254	223	1	0	0	6	0	5	1	0	0	0	0	
0	0	0	0	0	0	0	0	9	1	0	0	2	46	255	255	229	18	12	0	0	0	15	0	0	0	0	0	
0	0	0	0	0	0	0	0	0	0	0	5	0	26	255	252	255	137	0	14	0	3	6	0	0	0	0	0	
0	0	0	0	0	0	0	0	4	2	2	0	0	23	250	243	255	229	55	3	0	3	0	2	0	0	0	0	
0	0	0	0	0	0	0	0	0	0	2	2	4	41	246	255	243	255	77	0	0	4	0	7	0	0	0	0	
0	0	0	0	0	0	0	0	1	0	0	0	0	14	180	255	255	255	85	10	0	1	8	0	0	0	0	0	
0	0	0	0	0	0	0	0	2	0	0	6	0	0	116	242	251	246	83	0	0	0	6	0	0	0	0	0	
0	0	0	0	0	0	0	0	0	0	0	13	7	0	72	230	252	255	98	0	0	2	0	10	0	0	0	0	
0	0	0	0	0	0	0	0	1	7	1	1	0	0	11	168	255	222	93	2	11	7	0	6	0	0	0	0	
0	0	0	0	0	0	0	0	0	7	0	0	1	6	5	155	222	86	12	0	0	4	0	1	0	0	0	0	
0	0	0	0	0	0	0	0	0	0	0	0	0	0	0	0	0	0	0	0	0	0	0	0	0	0	0	0	
0	0	0	0	0	0	0	0	0	0	0	0	0	0	0	0	0	0	0	0	0	0	0	0	0	0	0	0	
0	0	0	0	0	0	0	0	0	0	0	0	0	0	0	0	0	0	0	0	0	0	0	0	0	0	0	0	
0	0	0	0	0	0	0	0	0	0	0	0	0	0	0	0	0	0	0	0	0	0	0	0	0	0	0	0	
