0	0	0	0	0	0	0	0	0	0	3	0	1	10	0	0	0	2	0	0	0	0	0	5	0	0	0	0	
0	0	0	0	0	0	0	0	0	0	2	0	0	0	0	1	10	8	4	4	8	3	0	0	0	0	0	0	
0	0	0	0	0	0	0	0	0	0	1	7	0	0	3	0	0	0	0	0	0	4	0	0	0	0	0	0	
0	0	0	0	0	0	0	0	0	0	0	7	0	0	9	0	0	10	13	12	0	1	0	2	0	0	0	0	
0	0	0	0	0	0	0	0	0	1	0	0	0	3	4	0	0	15	0	0	0	5	0	10	0	0	0	0	
0	0	0	0	0	0	0	0	3	0	1	0	0	2	0	22	181	174	36	6	3	2	0	0	0	0	0	0	
0	0	0	0	0	0	0	0	7	0	5	0	1	0	0	100	255	254	37	0	0	0	0	2	0	0	0	0	
0	0	0	0	0	0	0	0	9	0	8	0	6	0	7	170	244	255	34	0	16	0	0	0	0	0	0	0	
0	0	0	0	0	0	0	0	0	3	0	0	0	14	0	251	255	124	6	0	5	4	0	2	0	0	0	0	
0	0	0	0	0	0	0	0	1	0	8	0	11	0	90	255	199	39	5	2	0	2	0	7	0	0	0	0	
0	0	0	0	0	0	0	0	5	0	8	0	0	6	176	242	164	0	8	5	0	2	0	7	0	0	0	0	
0	0	0	0	0	0	0	0	0	7	0	6	0	93	255	249	162	0	11	0	0	3	0	2	0	0	0	0	
0	0	0	0	0	0	0	0	0	10	0	3	0	146	255	255	112	10	10	0	7	0	1	0	0	0	0	0	
0	0	0	0	0	0	0	0	6	0	3	0	1	151	235	255	24	7	3	0	11	0	2	0	0	0	0	0	
0	0	0	0	0	0	0	0	3	0	8	0	24	204	255	252	0	0	0	0	4	0	2	0	0	0	0	0	
0	0	0	0	0	0	0	0	2	0	4	7	20	245	255	191	24	0	0	2	0	4	5	0	0	0	0	0	
0	0	0	0	0	0	0	0	2	0	4	0	21	255	255	132	0	0	0	0	0	0	0	0	0	0	0	0	
0	0	0	0	0	0	0	0	2	0	0	17	155	255	255	8	0	0	0	0	0	0	0	0	0	0	0	0	
0	0	0	0	0	0	0	0	2	3	6	32	222	239	240	1	0	0	0	0	0	0	0	0	0	0	0	0	
0	0	0	0	0	0	0	0	2	0	4	41	254	255	161	2	0	0	0	0	0	0	0	0	0	0	0	0	
0	0	0	0	0	0	0	0	0	0	0	41	255	255	99	0	0	0	0	0	0	0	0	0	0	0	0	0	
0	0	0	0	0	0	0	0	0	9	3	43	241	246	137	0	0	0	0	0	0	0	0	0	0	0	0	0	
0	0	0	0	0	0	0	0	0	0	0	29	179	253	210	5	0	0	0	0	0	0	0	0	0	0	0	0	
0	0	0	0	0	0	0	0	1	1	2	0	17	193	242	80	0	0	0	0	0	0	0	0	0	0	0	0	
0	0	0	0	0	0	0	0	0	12	0	3	0	78	178	77	0	0	0	0	0	0	0	0	0	0	0	0	
0	0	0	0	0	0	0	0	0	7	0	4	0	0	31	0	0	0	0	0	0	0	0	0	0	0	0	0	
0	0	0	0	0	0	0	0	0	4	0	3	10	0	0	3	0	0	0	0	0	0	0	0	0	0	0	0	
0	0	0	0	0	0	0	0	0	9	2	0	2	1	0	17	0	0	0	0	0	0	0	0	0	0	0	0	
