0	0	0	0	0	0	0	0	0	0	0	0	0	0	0	0	8	0	1	0	0	3	0	5	0	0	0	0	
0	0	0	0	0	0	0	0	0	0	0	0	0	0	0	0	5	0	0	12	6	0	10	0	0	0	0	0	
0	0	0	0	0	0	0	0	0	0	0	0	0	0	0	0	0	9	5	3	0	1	20	0	0	0	0	0	
0	0	0	0	0	0	0	0	0	0	0	0	0	0	0	0	11	0	0	7	3	0	0	13	0	0	0	0	
0	0	0	0	0	0	0	0	0	0	0	0	0	0	0	0	0	17	0	0	3	0	9	1	0	0	0	0	
0	0	0	0	0	0	0	0	0	0	0	0	0	0	0	0	0	0	41	224	209	17	0	0	0	0	0	0	
0	0	0	0	0	0	0	0	0	0	0	0	0	0	0	0	4	14	134	255	155	0	1	3	0	0	0	0	
0	0	0	0	0	0	0	0	0	0	0	0	0	0	0	0	0	32	255	255	55	1	5	0	0	0	0	0	
0	0	0	0	0	0	0	0	0	10	0	8	0	0	20	0	2	73	252	185	3	8	0	7	0	0	0	0	
0	0	0	0	0	0	0	0	0	4	4	0	2	14	0	11	5	255	247	43	9	0	24	0	0	0	0	0	
0	0	0	0	0	0	0	0	5	0	6	0	6	0	6	0	120	237	240	40	2	7	0	0	0	0	0	0	
0	0	0	0	0	0	0	0	1	0	0	3	0	0	18	33	205	255	115	10	0	7	0	9	0	0	0	0	
0	0	0	0	0	0	0	0	0	11	0	1	0	10	0	166	251	232	0	0	0	0	11	0	0	0	0	0	
0	0	0	0	0	0	0	0	4	0	4	0	1	0	70	247	248	48	0	32	0	0	4	0	0	0	0	0	
0	0	0	0	0	0	0	0	4	0	4	0	5	22	215	238	132	8	0	0	4	0	11	0	0	0	0	0	
0	0	0	0	0	0	0	0	0	9	4	1	0	165	255	226	47	0	9	0	4	0	0	6	0	0	0	0	
0	0	0	0	0	0	0	0	8	0	1	0	101	255	253	64	0	0	0	0	0	0	0	0	0	0	0	0	
0	0	0	0	0	0	0	0	0	2	0	2	191	229	134	0	0	0	0	0	0	0	0	0	0	0	0	0	
0	0	0	0	0	0	0	0	2	6	6	68	255	230	0	12	0	0	0	0	0	0	0	0	0	0	0	0	
0	0	0	0	0	0	0	0	11	0	27	222	232	100	6	0	0	0	0	0	0	0	0	0	0	0	0	0	
0	0	0	0	0	0	0	0	0	3	156	255	208	3	0	0	0	0	0	0	0	0	0	0	0	0	0	0	
0	0	0	0	0	0	0	0	2	45	255	214	79	6	0	4	0	0	0	0	0	0	0	0	0	0	0	0	
0	0	0	0	0	0	0	0	14	202	231	102	6	0	0	7	0	0	0	0	0	0	0	0	0	0	0	0	
0	0	0	0	0	0	0	0	90	255	240	41	0	5	1	0	0	0	0	0	0	0	0	0	0	0	0	0	
0	0	0	0	0	0	0	0	70	178	64	0	7	0	19	0	0	0	0	0	0	0	0	0	0	0	0	0	
0	0	0	0	0	0	0	0	0	25	0	0	6	0	6	1	0	0	0	0	0	0	0	0	0	0	0	0	
0	0	0	0	0	0	0	0	8	0	0	9	2	0	0	1	0	0	0	0	0	0	0	0	0	0	0	0	
0	0	0	0	0	0	0	0	20	0	6	0	0	6	3	2	0	0	0	0	0	0	0	0	0	0	0	0	
