0	0	0	0	0	0	0	0	0	8	0	7	12	0	0	0	0	0	21	0	5	1	0	6	0	0	0	0	
0	0	0	0	0	0	0	0	0	10	0	0	0	0	13	9	4	0	0	0	0	0	16	0	0	0	0	0	
0	0	0	0	0	0	0	0	0	0	0	1	0	0	8	0	4	0	20	6	0	12	1	0	0	0	0	0	
0	0	0	0	0	0	0	0	7	0	0	10	6	0	0	0	8	0	0	0	16	0	10	17	0	0	0	0	
0	0	0	0	0	0	0	0	3	0	3	4	0	0	1	12	0	157	255	45	0	15	0	0	0	0	0	0	
0	0	0	0	0	0	0	0	0	5	5	0	2	12	0	0	101	239	211	11	0	0	11	5	0	0	0	0	
0	0	0	0	0	0	0	0	0	4	0	0	14	12	0	25	203	255	165	4	0	4	0	0	0	0	0	0	
0	0	0	0	0	0	0	0	0	1	5	2	5	0	13	147	252	229	37	2	3	0	13	0	0	0	0	0	
0	0	0	0	0	0	0	0	0	0	0	6	0	17	31	241	255	146	0	0	6	0	0	3	0	0	0	0	
0	0	0	0	0	0	0	0	1	9	1	3	0	0	87	254	243	86	0	4	0	0	0	2	0	0	0	0	
0	0	0	0	0	0	0	0	0	2	0	3	14	5	173	247	196	17	3	6	0	7	0	0	0	0	0	0	
0	0	0	0	0	0	0	0	0	5	0	1	0	23	239	255	125	0	7	2	0	7	0	0	0	0	0	0	
0	0	0	0	0	0	0	0	8	0	0	6	0	93	250	226	53	0	7	0	4	0	0	0	0	0	0	0	
0	0	0	0	0	0	0	0	2	0	0	4	10	159	249	190	8	13	3	0	7	0	0	1	0	0	0	0	
0	0	0	0	0	0	0	0	0	2	17	0	8	179	255	198	0	8	0	1	1	1	0	3	0	0	0	0	
0	0	0	0	0	0	0	0	5	0	0	1	92	255	252	102	4	0	0	9	0	7	0	5	0	0	0	0	
0	0	0	0	0	0	0	0	0	6	0	3	133	245	253	6	0	0	0	0	0	0	0	0	0	0	0	0	
0	0	0	0	0	0	0	0	4	0	0	6	192	255	241	7	0	0	0	0	0	0	0	0	0	0	0	0	
0	0	0	0	0	0	0	0	0	0	0	45	233	255	172	0	0	0	0	0	0	0	0	0	0	0	0	0	
0	0	0	0	0	0	0	0	0	13	6	139	252	243	80	7	0	0	0	0	0	0	0	0	0	0	0	0	
0	0	0	0	0	0	0	0	0	7	9	207	255	193	7	3	0	0	0	0	0	0	0	0	0	0	0	0	
0	0	0	0	0	0	0	0	0	0	28	231	255	125	0	0	0	0	0	0	0	0	0	0	0	0	0	0	
0	0	0	0	0	0	0	0	13	0	75	255	235	66	6	7	0	0	0	0	0	0	0	0	0	0	0	0	
0	0	0	0	0	0	0	0	0	0	95	255	182	8	0	0	0	0	0	0	0	0	0	0	0	0	0	0	
0	0	0	0	0	0	0	0	0	0	0	0	0	0	0	0	0	0	0	0	0	0	0	0	0	0	0	0	
0	0	0	0	0	0	0	0	0	0	0	0	0	0	0	0	0	0	0	0	0	0	0	0	0	0	0	0	
0	0	0	0	0	0	0	0	0	0	0	0	0	0	0	0	0	0	0	0	0	0	0	0	0	0	0	0	
0	0	0	0	0	0	0	0	0	0	0	0	0	0	0	0	0	0	0	0	0	0	0	0	0	0	0	0	
