0	0	0	0	0	0	0	0	0	1	0	0	0	0	9	1	0	0	0	7	5	0	0	0	0	0	0	0	
0	0	0	0	0	0	0	0	9	0	0	12	11	0	3	0	4	6	1	0	0	0	4	2	0	0	0	0	
0	0	0	0	0	0	0	0	0	0	4	0	0	0	5	0	0	0	2	0	0	1	5	0	0	0	0	0	
0	0	0	0	0	0	0	0	9	8	3	0	7	15	0	0	18	0	1	0	5	1	2	0	0	0	0	0	
0	0	0	0	0	0	0	0	0	0	0	0	0	0	71	246	94	10	2	0	3	0	0	7	0	0	0	0	
0	0	0	0	0	0	0	0	5	3	0	5	22	11	127	255	122	8	0	0	9	0	0	6	0	0	0	0	
0	0	0	0	0	0	0	0	0	0	7	0	0	31	215	255	109	0	1	0	14	0	0	0	0	0	0	0	
0	0	0	0	0	0	0	0	12	0	6	3	3	44	255	246	116	0	8	0	3	0	4	2	0	0	0	0	
0	0	0	0	0	0	0	0	0	0	0	1	2	45	255	255	37	12	0	0	4	1	0	0	0	0	0	0	
0	0	0	0	0	0	0	0	0	13	0	0	1	80	248	244	15	1	0	0	2	0	0	3	0	0	0	0	
0	0	0	0	0	0	0	0	0	13	0	0	3	130	255	255	0	0	0	2	1	0	0	6	0	0	0	0	
0	0	0	0	0	0	0	0	0	0	0	12	0	161	255	240	0	0	1	5	2	0	0	5	0	0	0	0	
0	0	0	0	0	0	0	0	9	0	0	9	0	184	253	134	4	1	0	2	2	0	0	3	0	0	0	0	
0	0	0	0	0	0	0	0	6	0	4	0	18	223	251	26	2	0	0	0	0	3	2	1	0	0	0	0	
0	0	0	0	0	0	0	0	0	0	3	0	81	251	255	9	0	0	0	0	0	2	2	0	0	0	0	0	
0	0	0	0	0	0	0	0	0	0	2	5	129	247	254	39	0	3	5	3	1	1	0	0	0	0	0	0	
0	0	0	0	0	0	0	0	0	11	0	12	139	237	188	0	0	0	0	0	0	0	0	0	0	0	0	0	
0	0	0	0	0	0	0	0	6	0	0	0	163	255	119	14	0	0	0	0	0	0	0	0	0	0	0	0	
0	0	0	0	0	0	0	0	5	18	0	48	247	255	43	9	0	0	0	0	0	0	0	0	0	0	0	0	
0	0	0	0	0	0	0	0	0	0	0	124	251	202	28	0	0	0	0	0	0	0	0	0	0	0	0	0	
0	0	0	0	0	0	0	0	4	0	14	119	253	198	0	7	0	0	0	0	0	0	0	0	0	0	0	0	
0	0	0	0	0	0	0	0	0	10	0	97	255	209	31	0	0	0	0	0	0	0	0	0	0	0	0	0	
0	0	0	0	0	0	0	0	12	0	4	120	248	255	161	10	0	0	0	0	0	0	0	0	0	0	0	0	
0	0	0	0	0	0	0	0	0	1	4	1	208	255	61	0	0	0	0	0	0	0	0	0	0	0	0	0	
0	0	0	0	0	0	0	0	0	0	0	0	0	0	0	0	0	0	0	0	0	0	0	0	0	0	0	0	
0	0	0	0	0	0	0	0	0	0	0	0	0	0	0	0	0	0	0	0	0	0	0	0	0	0	0	0	
0	0	0	0	0	0	0	0	0	0	0	0	0	0	0	0	0	0	0	0	0	0	0	0	0	0	0	0	
0	0	0	0	0	0	0	0	0	0	0	0	0	0	0	0	0	0	0	0	0	0	0	0	0	0	0	0	
