0	0	0	0	0	0	0	0	0	0	0	0	0	0	0	0	9	0	7	9	0	2	0	4	0	0	0	0	
0	0	0	0	0	0	0	0	0	0	0	0	0	0	0	0	0	0	0	0	4	0	0	12	0	0	0	0	
0	0	0	0	0	0	0	0	0	0	0	0	0	0	0	0	9	0	1	0	0	8	13	0	0	0	0	0	
0	0	0	0	0	0	0	0	0	0	0	0	0	0	0	0	0	0	0	9	3	0	7	8	0	0	0	0	
0	0	0	0	0	0	0	0	0	0	0	0	0	0	0	0	0	206	147	0	0	9	0	0	0	0	0	0	
0	0	0	0	0	0	0	0	0	0	0	0	0	0	0	0	4	214	134	2	8	0	0	15	0	0	0	0	
0	0	0	0	0	0	0	0	0	0	0	0	0	0	0	0	61	226	129	4	0	0	15	0	0	0	0	0	
0	0	0	0	0	0	0	0	0	0	0	0	0	0	0	0	73	244	116	0	7	0	0	1	0	0	0	0	
0	0	0	0	0	0	0	0	7	0	0	17	0	0	0	2	184	236	32	0	0	0	7	2	0	0	0	0	
0	0	0	0	0	0	0	0	0	13	11	0	0	0	3	40	240	205	31	4	9	0	0	0	0	0	0	0	
0	0	0	0	0	0	0	0	5	3	0	0	9	10	0	126	244	101	0	0	5	0	0	7	0	0	0	0	
0	0	0	0	0	0	0	0	3	0	6	13	0	0	13	226	255	48	0	0	4	0	0	4	0	0	0	0	
0	0	0	0	0	0	0	0	0	0	3	13	0	2	123	250	228	24	8	3	0	2	0	0	0	0	0	0	
0	0	0	0	0	0	0	0	7	3	0	0	1	3	239	255	128	0	1	0	0	3	4	1	0	0	0	0	
0	0	0	0	0	0	0	0	0	0	14	3	3	67	255	243	59	8	8	0	0	1	0	0	0	0	0	0	
0	0	0	0	0	0	0	0	5	0	16	0	30	244	249	131	0	2	0	0	1	0	0	0	0	0	0	0	
0	0	0	0	0	0	0	0	0	0	11	65	224	255	204	27	0	0	0	0	0	0	0	0	0	0	0	0	
0	0	0	0	0	0	0	0	3	15	0	58	255	253	104	8	0	0	0	0	0	0	0	0	0	0	0	0	
0	0	0	0	0	0	0	0	0	6	0	193	246	255	12	10	0	0	0	0	0	0	0	0	0	0	0	0	
0	0	0	0	0	0	0	0	0	0	38	219	244	78	48	2	0	0	0	0	0	0	0	0	0	0	0	0	
0	0	0	0	0	0	0	0	9	0	191	239	255	29	18	0	0	0	0	0	0	0	0	0	0	0	0	0	
0	0	0	0	0	0	0	0	0	28	207	243	81	0	0	0	0	0	0	0	0	0	0	0	0	0	0	0	
0	0	0	0	0	0	0	0	0	50	255	183	3	15	0	3	0	0	0	0	0	0	0	0	0	0	0	0	
0	0	0	0	0	0	0	0	6	134	226	54	0	0	3	0	0	0	0	0	0	0	0	0	0	0	0	0	
0	0	0	0	0	0	0	0	0	0	0	0	0	0	0	0	0	0	0	0	0	0	0	0	0	0	0	0	
0	0	0	0	0	0	0	0	0	0	0	0	0	0	0	0	0	0	0	0	0	0	0	0	0	0	0	0	
0	0	0	0	0	0	0	0	0	0	0	0	0	0	0	0	0	0	0	0	0	0	0	0	0	0	0	0	
0	0	0	0	0	0	0	0	0	0	0	0	0	0	0	0	0	0	0	0	0	0	0	0	0	0	0	0	
