0	0	0	0	0	0	0	0	2	3	0	0	5	0	0	0	5	0	2	0	7	2	4	0	0	0	0	0	
0	0	0	0	0	0	0	0	0	0	0	1	0	0	0	2	2	13	10	0	0	4	0	0	0	0	0	0	
0	0	0	0	0	0	0	0	0	0	2	2	0	0	4	0	0	0	0	0	18	0	0	2	0	0	0	0	
0	0	0	0	0	0	0	0	1	0	1	2	0	0	3	0	17	2	5	16	0	1	10	0	0	0	0	0	
0	0	0	0	0	0	0	0	4	0	0	1	0	0	0	0	53	252	21	0	6	0	9	1	0	0	0	0	
0	0	0	0	0	0	0	0	3	3	0	0	5	0	0	17	192	255	164	5	0	5	0	2	0	0	0	0	
0	0	0	0	0	0	0	0	0	7	0	0	9	0	0	57	251	235	166	2	21	0	0	0	0	0	0	0	
0	0	0	0	0	0	0	0	0	9	0	0	10	0	6	90	251	255	77	1	0	0	17	0	0	0	0	0	
0	0	0	0	0	0	0	0	0	0	6	0	2	1	0	81	250	255	75	0	0	0	12	0	0	0	0	0	
0	0	0	0	0	0	0	0	1	12	0	2	0	1	6	161	255	226	0	0	16	0	0	1	0	0	0	0	
0	0	0	0	0	0	0	0	0	10	0	5	0	0	56	235	247	236	0	0	0	1	0	4	0	0	0	0	
0	0	0	0	0	0	0	0	0	0	0	7	10	0	155	255	251	212	19	5	0	3	2	2	0	0	0	0	
0	0	0	0	0	0	0	0	3	0	4	11	0	11	243	250	255	101	0	8	2	4	0	2	0	0	0	0	
0	0	0	0	0	0	0	0	0	6	0	5	0	62	255	247	220	13	0	2	6	0	1	0	0	0	0	0	
0	0	0	0	0	0	0	0	0	4	0	0	88	167	255	250	140	0	7	0	0	0	12	0	0	0	0	0	
0	0	0	0	0	0	0	0	1	0	12	0	222	255	248	255	90	0	1	1	0	0	16	0	0	0	0	0	
0	0	0	0	0	0	0	0	0	0	16	37	171	253	255	243	15	9	2	0	0	1	0	0	0	0	0	0	
0	0	0	0	0	0	0	0	5	0	0	0	134	245	246	143	8	4	0	0	0	1	1	0	0	0	0	0	
0	0	0	0	0	0	0	0	1	0	0	0	198	255	251	68	0	0	0	0	0	0	0	0	0	0	0	0	
0	0	0	0	0	0	0	0	9	6	0	0	239	244	240	59	0	0	0	0	0	0	0	0	0	0	0	0	
0	0	0	0	0	0	0	0	0	0	9	82	255	252	203	2	0	0	1	1	0	0	0	0	0	0	0	0	
0	0	0	0	0	0	0	0	17	2	1	161	230	255	189	8	0	2	3	2	0	0	0	0	0	0	0	0	
0	0	0	0	0	0	0	0	0	0	0	211	245	239	95	0	0	1	2	1	0	0	0	1	0	0	0	0	
0	0	0	0	0	0	0	0	0	13	0	190	255	165	0	5	0	0	1	0	0	0	0	3	0	0	0	0	
0	0	0	0	0	0	0	0	0	0	0	0	0	0	0	0	0	0	0	0	0	0	0	0	0	0	0	0	
0	0	0	0	0	0	0	0	0	0	0	0	0	0	0	0	0	0	0	0	0	0	0	0	0	0	0	0	
0	0	0	0	0	0	0	0	0	0	0	0	0	0	0	0	0	0	0	0	0	0	0	0	0	0	0	0	
0	0	0	0	0	0	0	0	0	0	0	0	0	0	0	0	0	0	0	0	0	0	0	0	0	0	0	0	
