0	0	0	0	0	0	0	0	0	11	3	0	3	5	0	4	0	0	0	0	0	0	0	0	0	0	0	0	
0	0	0	0	0	0	0	0	8	1	0	18	0	0	8	1	0	0	0	0	0	0	0	0	0	0	0	0	
0	0	0	0	0	0	0	0	0	0	0	3	0	0	15	0	0	0	0	0	0	0	0	0	0	0	0	0	
0	0	0	0	0	0	0	0	7	4	12	0	24	0	0	2	0	0	0	0	0	0	0	0	0	0	0	0	
0	0	0	0	0	0	0	0	0	0	3	0	0	17	3	0	0	0	0	0	0	0	0	0	0	0	0	0	
0	0	0	0	0	0	0	0	7	3	7	6	0	178	173	21	0	0	0	0	0	0	0	0	0	0	0	0	
0	0	0	0	0	0	0	0	0	3	0	0	0	201	255	37	0	0	0	0	0	0	0	0	0	0	0	0	
0	0	0	0	0	0	0	0	0	5	0	0	16	67	199	60	0	0	0	0	0	0	0	0	0	0	0	0	
0	0	0	0	0	0	0	0	0	1	0	0	0	202	240	152	0	0	0	2	0	0	6	0	0	0	0	0	
0	0	0	0	0	0	0	0	1	0	1	0	0	138	255	143	2	6	3	1	0	0	3	0	0	0	0	0	
0	0	0	0	0	0	0	0	4	0	1	4	2	57	255	144	0	9	6	0	0	1	0	2	0	0	0	0	
0	0	0	0	0	0	0	0	1	0	2	2	4	4	251	170	0	1	3	0	0	4	0	5	0	0	0	0	
0	0	0	0	0	0	0	0	0	4	2	0	4	0	202	212	5	0	2	0	0	6	0	4	0	0	0	0	
0	0	0	0	0	0	0	0	0	6	1	0	4	0	160	245	42	0	4	3	0	8	0	0	0	0	0	0	
0	0	0	0	0	0	0	0	2	2	0	0	4	0	145	255	83	1	4	8	0	7	0	0	0	0	0	0	
0	0	0	0	0	0	0	0	9	0	0	0	4	0	148	254	106	0	0	7	0	5	0	1	0	0	0	0	
0	0	0	0	0	0	0	0	0	3	3	0	10	0	156	251	104	0	0	6	0	5	0	1	0	0	0	0	
0	0	0	0	0	0	0	0	1	2	0	0	11	0	155	255	82	0	3	7	0	7	0	1	0	0	0	0	
0	0	0	0	0	0	0	0	5	0	0	1	8	0	145	254	39	0	1	0	0	6	0	0	0	0	0	0	
0	0	0	0	0	0	0	0	2	0	0	6	3	0	143	242	3	0	0	0	0	5	0	3	0	0	0	0	
0	0	0	0	0	0	0	0	1	0	0	4	0	0	175	244	0	2	4	0	1	6	0	8	0	0	0	0	
0	0	0	0	0	0	0	0	2	0	0	0	0	4	227	240	0	6	4	0	0	0	0	1	0	0	0	0	
0	0	0	0	0	0	0	0	3	1	0	0	0	4	254	195	0	1	0	0	0	0	0	0	0	0	0	0	
0	0	0	0	0	0	0	0	1	2	3	1	3	0	252	138	0	0	0	3	0	1	9	0	0	0	0	0	
0	0	0	0	0	0	0	0	4	0	0	0	4	11	236	149	0	0	0	0	0	0	0	0	0	0	0	0	
0	0	0	0	0	0	0	0	0	2	21	0	8	0	14	0	0	0	0	0	0	0	0	0	0	0	0	0	
0	0	0	0	0	0	0	0	3	3	6	0	4	6	0	13	0	0	0	0	0	0	0	0	0	0	0	0	
0	0	0	0	0	0	0	0	2	0	0	12	4	5	5	10	0	0	0	0	0	0	0	0	0	0	0	0	
