0	0	0	0	0	0	0	0	0	15	0	0	0	0	6	0	6	0	0	9	0	0	10	0	0	0	0	0	
0	0	0	0	0	0	0	0	0	3	0	4	8	0	7	0	0	20	1	0	5	8	0	12	0	0	0	0	
0	0	0	0	0	0	0	0	4	0	0	8	2	0	1	0	0	0	1	8	0	0	3	0	0	0	0	0	
0	0	0	0	0	0	0	0	1	0	4	7	0	0	3	5	0	0	3	0	8	9	3	9	0	0	0	0	
0	0	0	0	0	0	0	0	0	0	4	0	0	5	6	3	18	0	9	0	4	0	0	0	0	0	0	0	
0	0	0	0	0	0	0	0	3	0	0	0	5	9	0	0	21	216	237	20	0	6	1	14	0	0	0	0	
0	0	0	0	0	0	0	0	5	2	0	0	7	0	0	44	212	252	250	121	17	4	0	0	0	0	0	0	
0	0	0	0	0	0	0	0	0	2	5	0	10	0	16	132	248	248	255	166	0	4	2	3	0	0	0	0	
0	0	0	0	0	0	0	0	0	11	0	8	1	1	0	147	249	243	232	4	0	4	3	0	0	0	0	0	
0	0	0	0	0	0	0	0	0	4	0	0	6	0	2	154	255	255	179	8	2	1	0	0	0	0	0	0	
0	0	0	0	0	0	0	0	6	1	2	6	0	12	19	217	254	225	84	0	1	0	0	0	0	0	0	0	
0	0	0	0	0	0	0	0	0	0	0	13	0	0	101	255	255	153	11	0	0	0	2	3	0	0	0	0	
0	0	0	0	0	0	0	0	0	18	0	0	10	0	235	255	255	82	0	1	4	0	2	0	0	0	0	0	
0	0	0	0	0	0	0	0	2	13	2	0	0	150	255	250	194	23	0	4	4	0	1	0	0	0	0	0	
0	0	0	0	0	0	0	0	1	0	4	0	8	255	236	237	76	0	0	0	0	1	0	2	0	0	0	0	
0	0	0	0	0	0	0	0	3	0	8	5	104	244	255	231	0	0	5	0	0	3	0	0	0	0	0	0	
0	0	0	0	0	0	0	0	0	0	7	5	186	244	255	148	0	0	0	0	0	0	0	0	0	0	0	0	
0	0	0	0	0	0	0	0	3	2	0	102	255	252	170	0	0	0	0	0	0	0	0	0	0	0	0	0	
0	0	0	0	0	0	0	0	6	0	5	118	245	246	152	0	0	0	0	0	0	0	0	0	0	0	0	0	
0	0	0	0	0	0	0	0	0	0	104	243	255	249	74	0	0	0	0	0	0	0	0	0	0	0	0	0	
0	0	0	0	0	0	0	0	15	1	187	255	255	113	12	9	0	0	0	0	0	0	0	0	0	0	0	0	
0	0	0	0	0	0	0	0	0	64	245	244	206	7	0	0	0	0	0	0	0	0	0	0	0	0	0	0	
0	0	0	0	0	0	0	0	60	225	255	212	47	17	0	4	0	0	0	0	0	0	0	0	0	0	0	0	
0	0	0	0	0	0	0	0	164	255	253	96	0	6	0	0	0	0	0	0	0	0	0	0	0	0	0	0	
0	0	3	2	0	0	14	35	255	251	194	34	0	0	22	0	0	0	0	0	0	0	0	0	0	0	0	0	
2	0	0	0	0	0	2	13	0	0	15	0	0	0	10	0	0	0	0	0	0	0	0	0	0	0	0	0	
5	0	0	0	0	0	0	0	17	3	0	3	5	0	0	0	0	0	0	0	0	0	0	0	0	0	0	0	
3	0	0	0	3	3	0	0	0	0	0	1	0	8	1	3	0	0	0	0	0	0	0	0	0	0	0	0	
