0	0	0	0	0	0	0	0	6	0	0	0	0	11	0	5	1	10	0	0	2	2	2	0	0	0	0	0	
0	0	0	0	0	0	0	0	0	0	3	1	16	0	3	0	0	0	0	0	0	0	2	2	0	0	0	0	
0	0	0	0	0	0	0	0	1	13	0	0	0	0	19	0	6	8	12	10	5	0	0	0	0	0	0	0	
0	0	0	0	0	0	0	0	0	0	0	25	0	147	238	147	1	0	0	1	0	0	0	5	0	0	0	0	
0	0	0	0	0	0	0	0	0	17	0	0	71	236	255	230	31	0	0	0	0	4	0	4	0	0	0	0	
0	0	0	0	0	0	0	0	2	0	8	6	175	255	255	255	82	15	8	7	1	6	0	0	0	0	0	0	
0	0	0	0	0	0	0	0	0	6	4	33	255	253	228	255	75	0	0	0	0	5	0	5	0	0	0	0	
0	0	0	0	0	0	0	0	6	0	1	96	247	249	255	249	90	3	2	2	0	3	0	3	0	0	0	0	
0	0	0	0	0	0	0	0	0	2	4	158	252	133	176	248	113	14	0	2	1	10	0	3	0	0	0	0	
0	0	0	0	0	0	0	0	0	0	0	222	245	20	168	255	139	0	0	0	0	9	0	5	0	0	0	0	
0	0	0	0	0	0	0	0	2	0	104	252	234	11	162	231	198	0	0	0	0	5	0	0	0	0	0	0	
0	0	0	0	0	0	0	0	0	11	2	195	109	0	159	255	237	0	7	4	0	0	0	0	0	0	0	0	
0	0	0	0	0	0	0	0	0	13	0	0	0	0	161	240	230	0	0	2	0	0	4	0	0	0	0	0	
0	0	0	0	0	0	0	0	13	0	13	1	0	18	76	255	229	24	0	0	0	0	4	0	0	0	0	0	
0	0	0	0	0	0	0	0	0	2	7	0	17	0	106	249	249	78	0	0	3	0	2	0	0	0	0	0	
0	0	0	0	0	0	0	0	13	0	0	13	0	0	25	217	255	111	0	0	3	0	4	2	0	0	0	0	
1	0	0	0	0	0	0	1	4	1	0	10	6	0	0	42	247	237	76	19	0	3	1	0	0	0	0	0	
1	0	0	0	0	0	0	1	0	17	4	0	0	6	0	4	222	251	162	24	20	5	6	3	0	0	0	0	
1	0	0	0	0	0	0	1	3	0	0	9	6	0	18	89	217	255	241	247	247	43	0	2	0	0	0	0	
1	0	0	0	0	0	0	1	9	0	8	79	97	72	135	255	255	246	251	255	240	116	0	16	0	0	0	0	
1	0	0	0	0	0	0	1	145	217	255	255	255	251	245	248	239	202	91	96	44	11	1	0	0	0	0	0	
1	0	0	0	0	0	0	1	255	250	251	253	253	196	171	186	83	0	0	1	0	0	0	17	0	0	0	0	
1	0	0	0	0	0	0	1	255	244	163	42	17	14	11	0	8	0	0	6	8	0	11	0	0	0	0	0	
1	0	0	0	0	0	0	1	0	3	6	0	13	0	0	5	0	0	3	0	0	4	0	5	0	0	0	0	
0	0	0	0	0	0	0	0	0	0	0	0	0	0	0	0	0	0	0	0	0	0	0	0	0	0	0	0	
0	0	0	0	0	0	0	0	0	0	0	0	0	0	0	0	0	0	0	0	0	0	0	0	0	0	0	0	
0	0	0	0	0	0	0	0	0	0	0	0	0	0	0	0	0	0	0	0	0	0	0	0	0	0	0	0	
0	0	0	0	0	0	0	0	0	0	0	0	0	0	0	0	0	0	0	0	0	0	0	0	0	0	0	0	
