0	0	0	0	0	0	0	0	3	0	4	0	0	8	0	9	7	6	6	4	0	1	12	0	0	0	0	0	
0	0	0	0	0	0	0	0	0	7	0	0	1	1	0	0	0	0	0	7	0	0	4	10	0	0	0	0	
0	0	0	0	0	0	0	0	0	7	0	6	13	0	2	4	14	1	0	2	3	0	0	4	0	0	0	0	
0	0	0	0	0	0	0	0	0	7	0	0	8	0	1	1	0	0	2	0	0	9	0	0	0	0	0	0	
0	0	0	0	0	0	0	0	0	7	14	0	0	9	0	0	7	0	3	0	0	5	0	3	0	0	0	0	
0	0	0	0	0	0	0	0	4	0	7	4	0	0	0	55	165	52	7	0	0	3	0	7	0	0	0	0	
0	0	0	0	0	0	0	0	11	0	0	14	7	0	59	178	234	68	6	2	0	7	0	0	0	0	0	0	
0	0	0	0	0	0	0	0	0	14	0	0	0	22	157	255	116	0	0	6	0	6	2	0	0	0	0	0	
0	0	0	0	0	0	0	0	0	3	0	0	5	3	201	255	80	13	0	4	0	0	6	0	0	0	0	0	
0	0	0	0	0	0	0	0	13	0	0	13	6	4	218	219	39	0	0	8	0	0	4	0	0	0	0	0	
0	0	0	0	0	0	0	0	3	0	5	0	0	98	254	212	4	0	0	9	0	0	4	0	0	0	0	0	
0	0	0	0	0	0	0	0	0	13	5	0	18	228	255	210	0	0	5	4	0	0	6	1	0	0	0	0	
0	0	0	0	0	0	0	0	0	6	0	11	95	255	236	142	1	4	6	0	0	1	5	0	0	0	0	0	
0	0	0	0	0	0	0	0	2	1	0	10	121	248	232	45	0	1	2	0	3	6	2	0	0	0	0	0	
0	0	0	0	0	0	0	0	0	2	0	0	104	243	165	0	0	0	0	0	5	5	0	0	0	0	0	0	
0	0	0	0	0	0	0	0	2	0	4	8	109	255	45	0	1	4	0	0	1	0	0	6	0	0	0	0	
0	0	0	0	0	0	0	0	2	3	0	13	107	255	43	3	0	0	0	0	0	0	0	0	0	0	0	0	
0	0	0	0	0	0	0	0	2	0	0	10	180	255	59	0	0	0	0	0	0	0	0	0	0	0	0	0	
0	0	0	0	0	0	0	0	1	5	3	9	242	235	52	0	0	0	0	0	0	0	0	0	0	0	0	0	
0	0	0	0	0	0	0	0	0	0	3	0	253	218	26	0	0	0	0	0	0	0	0	0	0	0	0	0	
0	0	0	0	0	0	0	0	13	0	0	0	249	255	33	3	0	0	0	0	0	0	0	0	0	0	0	0	
0	0	0	0	0	0	0	0	5	0	11	5	197	255	44	3	0	0	0	0	0	0	0	0	0	0	0	0	
0	0	0	0	0	0	0	0	0	0	4	0	119	238	63	0	0	0	0	0	0	0	0	0	0	0	0	0	
0	0	0	0	0	0	0	0	2	12	0	0	105	255	125	11	0	0	0	0	0	0	0	0	0	0	0	0	
0	0	0	0	0	0	0	0	0	3	4	0	5	119	169	43	0	0	0	0	0	0	0	0	0	0	0	0	
0	0	0	0	0	0	0	0	9	0	0	2	0	0	18	0	0	0	0	0	0	0	0	0	0	0	0	0	
0	0	0	0	0	0	0	0	0	8	1	2	5	0	0	0	0	0	0	0	0	0	0	0	0	0	0	0	
0	0	0	0	0	0	0	0	0	17	4	0	2	12	5	0	0	0	0	0	0	0	0	0	0	0	0	0	
