0	0	0	0	0	0	0	0	0	8	0	2	12	0	0	1	0	3	12	0	3	0	6	0	0	0	0	0	
0	0	0	0	0	0	0	0	0	4	2	0	0	0	12	10	6	0	6	0	16	0	2	1	0	0	0	0	
0	0	0	0	0	0	0	0	3	0	0	1	0	7	1	0	0	28	0	17	6	0	0	3	0	0	0	0	
0	0	0	0	0	0	0	0	0	0	0	3	6	8	0	26	0	0	5	0	22	0	0	0	0	0	0	0	
0	0	0	0	0	0	0	0	0	11	5	0	0	0	2	173	255	242	9	0	0	14	14	0	0	0	0	0	
0	0	0	0	0	0	0	0	0	13	0	0	5	0	8	255	255	255	111	14	0	0	0	16	0	0	0	0	
0	0	0	0	0	0	0	0	4	1	0	0	12	1	0	255	247	255	4	0	0	10	6	0	0	0	0	0	
0	0	0	0	0	0	0	0	4	0	0	9	0	0	3	255	255	248	10	0	5	5	0	0	0	0	0	0	
0	0	0	0	0	0	0	0	0	7	0	0	0	23	56	252	255	252	0	7	6	5	0	0	0	0	0	0	
0	0	0	0	0	0	0	0	0	7	0	1	1	0	119	255	241	255	0	0	0	2	0	0	0	0	0	0	
0	0	0	0	0	0	0	0	0	0	0	0	2	10	196	253	246	255	0	0	0	4	0	1	0	0	0	0	
0	0	0	0	0	0	0	0	7	0	2	7	0	114	255	255	255	231	8	5	1	4	0	0	0	0	0	0	
0	0	0	0	0	0	0	0	2	0	4	1	0	213	255	255	255	119	3	0	4	0	0	0	0	0	0	0	
0	0	0	0	0	0	0	0	0	0	5	0	20	254	238	255	196	20	0	0	4	0	0	2	0	0	0	0	
0	0	0	0	0	0	0	0	6	7	11	2	158	255	252	255	121	0	0	0	1	2	6	4	0	0	0	0	
0	0	0	0	0	0	0	0	2	0	0	0	255	250	255	248	69	2	7	0	0	0	3	0	0	0	0	0	
0	0	0	0	0	0	0	0	0	7	0	0	255	238	255	189	0	0	0	0	0	0	0	0	0	0	0	0	
0	0	0	0	0	0	0	0	23	1	5	115	255	254	249	65	0	0	0	0	0	0	0	0	0	0	0	0	
0	0	0	0	0	0	0	0	0	1	0	255	255	255	255	0	0	0	0	0	0	0	0	0	0	0	0	0	
0	0	0	0	0	0	0	0	10	0	145	255	255	249	185	0	0	0	0	0	0	0	0	0	0	0	0	0	
0	0	0	0	0	0	0	0	0	21	180	243	247	255	74	3	0	0	0	0	0	0	0	0	0	0	0	0	
0	0	0	0	0	0	0	0	0	124	255	255	255	121	8	0	0	0	0	0	0	0	0	0	0	0	0	0	
0	0	0	0	0	0	0	0	21	105	255	255	247	137	1	3	0	0	0	0	0	0	0	0	0	0	0	0	
0	0	0	0	0	0	0	0	0	72	255	250	197	0	8	0	0	0	0	0	0	0	0	0	0	0	0	0	
0	0	0	0	0	0	0	0	0	0	0	0	0	0	0	0	0	0	0	0	0	0	0	0	0	0	0	0	
0	0	0	0	0	0	0	0	0	0	0	0	0	0	0	0	0	0	0	0	0	0	0	0	0	0	0	0	
0	0	0	0	0	0	0	0	0	0	0	0	0	0	0	0	0	0	0	0	0	0	0	0	0	0	0	0	
0	0	0	0	0	0	0	0	0	0	0	0	0	0	0	0	0	0	0	0	0	0	0	0	0	0	0	0	
