0	0	0	0	0	0	0	0	8	0	15	5	0	0	1	3	0	0	0	0	0	0	0	0	0	0	0	0	
0	0	0	0	0	0	0	0	3	0	2	0	1	11	0	0	0	0	0	0	0	0	0	0	0	0	0	0	
0	0	0	0	0	0	0	0	0	4	0	4	5	0	0	10	0	0	0	0	0	0	0	0	0	0	0	0	
0	0	0	0	0	0	0	0	3	15	0	3	0	2	11	0	0	0	0	0	0	0	0	0	0	0	0	0	
0	0	0	0	0	0	0	0	0	0	90	255	180	15	0	19	0	0	0	0	0	0	0	0	0	0	0	0	
0	0	0	0	0	0	0	0	8	0	78	251	248	149	35	0	0	0	0	0	0	0	0	0	0	0	0	0	
0	0	0	0	0	0	0	0	4	0	43	204	255	234	70	5	0	0	0	0	0	0	0	0	0	0	0	0	
0	0	0	0	0	0	0	0	0	0	1	121	251	255	72	0	0	0	0	0	0	0	0	0	0	0	0	0	
0	0	0	0	0	0	0	0	0	0	4	36	249	243	89	0	0	0	4	4	0	0	3	0	0	0	0	0	
0	0	0	0	0	0	0	0	3	9	0	18	196	255	151	0	0	0	2	4	0	0	5	0	0	0	0	0	
0	0	0	0	0	0	0	0	0	5	0	0	126	250	254	116	2	0	0	3	0	1	6	1	0	0	0	0	
0	0	0	0	0	0	0	0	6	0	5	5	125	252	255	139	9	0	0	3	0	0	4	0	0	0	0	0	
0	0	0	0	0	0	0	0	6	0	2	0	73	244	235	183	18	2	0	3	0	0	2	0	0	0	0	0	
0	0	0	0	0	0	0	0	0	7	0	0	0	242	247	255	25	4	0	3	0	0	0	0	0	0	0	0	
0	0	0	0	0	0	0	0	5	9	0	7	0	238	251	245	27	4	0	3	2	0	1	0	0	0	0	0	
0	0	0	0	0	0	0	0	0	0	6	3	0	167	255	247	28	2	0	2	2	2	3	0	0	0	0	0	
0	0	0	0	0	0	0	0	6	0	9	2	0	83	255	245	22	8	10	0	2	0	1	2	0	0	0	0	
0	0	0	0	0	0	0	0	0	3	0	0	0	79	252	253	34	0	0	0	6	0	0	1	0	0	0	0	
0	0	0	0	0	0	0	0	0	11	0	0	11	76	247	255	106	0	1	0	2	2	0	4	0	0	0	0	
0	0	0	0	0	0	0	0	0	14	0	0	9	76	255	253	170	7	0	0	0	4	0	4	0	0	0	0	
0	0	0	0	0	0	0	0	5	7	0	3	0	74	255	251	199	11	0	1	4	7	0	2	0	0	0	0	
0	0	0	0	0	0	0	0	4	0	0	1	0	55	223	254	255	59	6	0	0	0	0	5	0	0	0	0	
0	0	0	0	0	0	0	0	0	0	2	0	0	20	152	255	255	87	11	0	0	0	4	2	0	0	0	0	
0	0	0	0	0	0	0	0	0	2	5	0	5	0	90	255	198	51	0	0	11	0	7	0	0	0	0	0	
0	0	0	0	0	0	0	0	0	0	0	0	0	0	0	0	0	0	0	0	0	0	0	0	0	0	0	0	
0	0	0	0	0	0	0	0	0	0	0	0	0	0	0	0	0	0	0	0	0	0	0	0	0	0	0	0	
0	0	0	0	0	0	0	0	0	0	0	0	0	0	0	0	0	0	0	0	0	0	0	0	0	0	0	0	
0	0	0	0	0	0	0	0	0	0	0	0	0	0	0	0	0	0	0	0	0	0	0	0	0	0	0	0	
