0	0	0	0	0	0	0	0	5	3	0	0	3	0	0	7	6	1	0	13	0	4	4	0	0	0	0	0	
0	0	0	0	0	0	0	0	0	6	7	3	1	12	8	4	2	1	0	5	0	2	4	1	0	0	0	0	
0	0	0	0	0	0	0	0	8	0	0	4	0	0	2	2	2	6	2	6	0	2	0	1	0	0	0	0	
0	0	0	0	0	0	0	0	3	0	0	13	0	2	13	0	0	0	6	7	4	4	0	0	0	0	0	0	
0	0	0	0	0	0	0	0	0	4	0	0	5	164	232	205	11	0	0	0	3	4	0	4	0	0	0	0	
0	0	0	0	0	0	0	0	0	0	8	5	31	234	255	238	74	0	0	0	0	0	0	6	0	0	0	0	
0	0	0	0	0	0	0	0	12	0	0	6	25	250	247	255	135	13	4	0	0	0	0	1	0	0	0	0	
0	0	0	0	0	0	0	0	0	1	8	0	12	255	239	255	149	2	0	1	2	1	3	0	0	0	0	0	
0	0	0	0	0	0	0	0	4	0	5	0	34	248	250	253	145	0	0	2	0	0	0	0	0	0	0	0	
0	0	0	0	0	0	0	0	4	0	5	0	31	251	251	255	145	0	0	2	0	0	0	0	0	0	0	0	
0	0	0	0	0	0	0	0	0	1	2	0	27	252	250	255	145	0	0	2	0	0	0	0	0	0	0	0	
0	0	0	0	0	0	0	0	0	5	0	0	28	250	247	252	145	0	0	2	0	0	0	0	0	0	0	0	
0	0	0	0	0	0	0	0	0	7	0	0	43	249	248	251	145	0	0	2	0	0	0	0	0	0	0	0	
0	0	0	0	0	0	0	0	0	7	0	5	68	250	253	253	145	0	0	2	0	0	0	0	0	0	0	0	
0	0	0	0	0	0	0	0	2	2	0	7	93	249	255	253	145	0	0	2	0	0	0	0	0	0	0	0	
0	0	0	0	0	0	0	0	2	0	0	6	106	245	255	251	145	0	0	2	0	0	0	0	0	0	0	0	
0	0	0	0	0	0	0	0	8	0	0	7	142	247	253	252	132	21	0	4	3	0	0	7	0	0	0	0	
0	0	0	0	0	0	0	0	0	0	8	9	156	253	255	251	155	0	6	10	4	0	1	0	0	0	0	0	
0	0	0	0	0	0	0	0	0	1	4	0	153	243	253	255	182	28	1	1	0	1	6	0	0	0	0	0	
0	0	0	0	0	0	0	0	0	0	13	5	189	255	250	252	250	162	2	6	0	3	0	0	0	0	0	0	
0	0	0	0	0	0	0	0	5	0	1	2	191	251	248	255	249	149	0	2	0	2	0	4	0	0	0	0	
0	0	0	0	0	0	0	0	8	0	0	2	177	248	247	255	189	17	0	1	1	0	1	3	0	0	0	0	
0	0	0	0	0	0	0	0	0	0	16	30	178	255	253	242	148	0	13	13	4	0	0	0	0	0	0	0	
0	0	0	0	0	0	0	0	4	3	0	0	109	236	255	255	72	6	0	0	0	2	7	0	0	0	0	0	
0	0	0	0	0	0	0	0	0	0	0	0	0	0	0	0	0	0	0	0	0	0	0	0	0	0	0	0	
0	0	0	0	0	0	0	0	0	0	0	0	0	0	0	0	0	0	0	0	0	0	0	0	0	0	0	0	
0	0	0	0	0	0	0	0	0	0	0	0	0	0	0	0	0	0	0	0	0	0	0	0	0	0	0	0	
0	0	0	0	0	0	0	0	0	0	0	0	0	0	0	0	0	0	0	0	0	0	0	0	0	0	0	0	
