0	0	0	0	0	0	0	0	8	0	12	0	6	8	0	0	0	0	0	2	1	5	4	0	0	0	0	0	
0	0	0	0	0	0	0	0	5	0	8	0	0	0	9	0	4	0	0	0	0	0	5	1	0	0	0	0	
0	0	0	0	0	0	0	0	0	2	5	7	0	4	11	0	2	0	1	1	0	0	5	4	0	0	0	0	
0	0	0	0	0	0	0	0	1	4	0	3	0	0	0	15	3	0	0	4	0	0	3	0	0	0	0	0	
0	0	0	0	0	0	0	0	9	0	0	0	4	0	46	173	22	4	0	3	1	1	3	0	0	0	0	0	
0	0	0	0	0	0	0	0	0	0	6	0	8	6	127	255	42	15	0	0	0	0	4	0	0	0	0	0	
0	0	0	0	0	0	0	0	1	2	9	4	0	0	165	224	33	8	0	1	0	0	2	2	0	0	0	0	
0	0	0	0	0	0	0	0	0	0	0	5	0	9	242	200	7	0	0	6	2	0	0	0	0	0	0	0	
0	0	0	0	0	0	0	0	0	2	0	2	0	0	255	180	0	0	0	0	0	0	0	0	0	0	0	0	
0	0	0	0	0	0	0	0	2	2	2	14	0	0	254	188	0	0	0	0	0	0	0	0	0	0	0	0	
0	0	0	0	0	0	0	0	0	0	0	6	0	11	244	187	0	0	0	0	0	0	0	0	0	0	0	0	
0	0	0	0	0	0	0	0	9	0	0	5	0	61	255	184	0	0	0	0	0	0	0	0	0	0	0	0	
0	0	0	0	0	0	0	0	4	3	0	2	0	120	255	143	0	0	0	0	0	0	0	0	0	0	0	0	
0	0	0	0	0	0	0	0	0	0	0	0	0	166	244	87	0	0	0	0	0	0	0	0	0	0	0	0	
0	0	0	0	0	0	0	0	1	5	2	6	9	210	251	78	0	0	0	0	0	0	0	0	0	0	0	0	
0	0	0	0	0	0	0	0	3	0	0	0	1	221	252	82	0	0	0	0	0	0	0	0	0	0	0	0	
0	0	0	0	0	0	0	0	0	0	5	1	0	226	245	75	0	0	0	0	0	0	0	0	0	0	0	0	
0	0	0	0	0	0	0	0	5	4	0	0	86	243	255	78	0	0	0	0	0	0	0	0	0	0	0	0	
0	0	0	0	0	0	0	0	1	14	0	3	189	251	234	55	0	0	0	0	0	0	0	0	0	0	0	0	
0	0	0	0	0	0	0	0	0	13	2	27	246	250	127	12	0	0	0	0	0	0	0	0	0	0	0	0	
0	0	0	0	0	0	0	0	0	1	10	44	255	254	24	0	0	0	0	0	0	0	0	0	0	0	0	0	
0	0	0	0	0	0	0	0	8	0	3	45	254	235	0	0	0	0	0	0	0	0	0	0	0	0	0	0	
0	0	0	0	0	0	0	0	7	0	1	41	250	158	0	4	0	0	0	0	0	0	0	0	0	0	0	0	
0	0	0	0	0	0	0	0	0	3	8	42	247	75	11	0	0	0	0	0	0	0	0	0	0	0	0	0	
0	0	0	0	0	0	0	0	0	0	0	0	0	0	0	0	0	0	0	0	0	0	0	0	0	0	0	0	
0	0	0	0	0	0	0	0	0	0	0	0	0	0	0	0	0	0	0	0	0	0	0	0	0	0	0	0	
0	0	0	0	0	0	0	0	0	0	0	0	0	0	0	0	0	0	0	0	0	0	0	0	0	0	0	0	
0	0	0	0	0	0	0	0	0	0	0	0	0	0	0	0	0	0	0	0	0	0	0	0	0	0	0	0	
