0	0	0	0	0	0	0	0	1	0	0	0	0	2	4	4	0	12	0	0	1	4	0	3	0	0	0	0	
0	0	0	0	0	0	0	0	0	0	2	1	0	0	0	0	12	0	0	14	0	0	14	0	0	0	0	0	
0	0	0	0	0	0	0	0	0	0	3	3	0	0	0	0	4	0	1	14	12	6	0	0	0	0	0	0	
0	0	0	0	0	0	0	0	3	0	0	0	0	0	2	6	0	0	3	0	0	29	0	9	0	0	0	0	
0	0	0	0	0	0	0	0	5	0	0	0	4	2	0	1	95	255	0	2	21	0	0	0	0	0	0	0	
0	0	0	0	0	0	0	0	2	0	0	5	7	0	0	0	161	255	23	0	0	3	2	6	0	0	0	0	
0	0	0	0	0	0	0	0	1	0	0	5	2	0	2	14	210	227	32	0	13	11	0	1	0	0	0	0	
0	0	0	0	0	0	0	0	4	0	0	0	0	0	16	44	244	140	12	0	0	0	10	0	0	0	0	0	
0	0	0	0	0	0	0	0	7	0	6	0	0	9	0	121	247	39	4	0	9	0	4	0	0	0	0	0	
0	0	0	0	0	0	0	0	0	2	8	0	1	0	32	210	180	6	0	0	3	0	8	0	0	0	0	0	
0	0	0	0	0	0	0	0	0	9	0	0	16	0	71	255	136	9	6	3	7	0	5	0	0	0	0	0	
0	0	0	0	0	0	0	0	2	9	0	0	13	0	118	254	64	0	2	0	1	0	7	0	0	0	0	0	
0	0	0	0	0	0	0	0	0	3	4	7	0	30	190	233	24	0	3	0	0	0	6	0	0	0	0	0	
0	0	0	0	0	0	0	0	2	0	0	8	0	109	255	181	15	7	9	3	0	0	2	0	0	0	0	0	
0	0	0	0	0	0	0	0	8	0	0	0	6	164	253	85	0	0	0	0	0	0	4	4	0	0	0	0	
0	0	0	0	0	0	0	0	0	6	2	2	0	159	205	8	3	14	2	3	5	2	0	0	0	0	0	0	
0	0	0	0	0	0	0	0	0	0	12	0	17	250	193	0	0	0	0	0	0	0	0	0	0	0	0	0	
0	0	0	0	0	0	0	0	5	14	0	0	162	245	186	6	0	0	0	0	0	0	0	0	0	0	0	0	
0	0	0	0	0	0	0	0	0	2	0	0	246	247	67	3	0	0	0	0	0	0	0	0	0	0	0	0	
0	0	0	0	0	0	0	0	0	0	0	33	255	194	0	6	0	0	0	0	0	0	0	0	0	0	0	0	
0	0	0	0	0	0	0	0	2	8	0	72	252	96	7	0	0	0	0	0	0	0	0	0	0	0	0	0	
0	0	0	0	0	0	0	0	0	0	6	136	245	88	9	0	0	0	0	0	0	0	0	0	0	0	0	0	
0	0	0	0	0	0	0	0	0	0	14	169	246	95	0	3	0	0	0	0	0	0	0	0	0	0	0	0	
0	0	0	0	0	0	0	0	0	15	0	119	243	5	4	0	0	0	0	0	0	0	0	0	0	0	0	0	
0	0	0	0	0	0	0	0	0	0	0	0	0	0	0	0	0	0	0	0	0	0	0	0	0	0	0	0	
0	0	0	0	0	0	0	0	0	0	0	0	0	0	0	0	0	0	0	0	0	0	0	0	0	0	0	0	
0	0	0	0	0	0	0	0	0	0	0	0	0	0	0	0	0	0	0	0	0	0	0	0	0	0	0	0	
0	0	0	0	0	0	0	0	0	0	0	0	0	0	0	0	0	0	0	0	0	0	0	0	0	0	0	0	
