0	0	0	0	0	0	0	0	0	0	0	0	0	0	0	0	0	4	0	1	0	0	10	0	0	1	1	0	
0	0	0	0	0	0	0	0	0	0	0	0	0	0	0	0	0	0	3	20	0	2	10	0	1	3	3	2	
0	0	0	0	0	0	0	0	0	0	0	0	0	0	0	0	16	0	0	0	0	1	0	0	0	0	0	0	
0	0	0	0	0	0	0	0	0	0	0	0	0	0	0	0	0	0	4	0	24	0	0	15	1	0	0	0	
0	0	0	0	0	0	0	0	0	0	0	0	0	0	0	0	0	14	23	0	0	0	6	0	11	2	0	1	
0	0	0	0	0	0	0	0	0	0	0	0	0	0	0	0	4	0	0	19	32	191	255	214	18	4	0	0	
0	0	0	0	0	0	0	0	0	0	0	0	0	0	0	0	2	5	6	121	190	255	253	136	24	5	0	0	
0	0	0	0	0	0	0	0	0	0	0	0	0	0	0	0	0	5	0	95	255	239	255	218	32	11	0	0	
0	0	0	0	0	0	0	0	0	9	0	0	0	17	0	5	0	28	84	243	246	255	234	88	0	0	0	0	
0	0	0	0	0	0	0	0	1	0	0	9	12	0	14	0	10	104	243	246	255	255	87	7	0	0	0	0	
0	0	0	0	0	0	0	0	2	0	0	7	0	14	7	7	34	234	255	255	242	233	7	9	0	0	0	0	
0	0	0	0	0	0	0	0	8	11	0	0	0	10	16	74	239	253	240	254	164	51	0	0	0	0	0	0	
0	0	0	0	0	0	0	0	0	12	0	14	18	8	200	255	251	255	245	82	0	7	2	12	0	0	0	0	
0	0	0	0	0	0	0	0	0	4	0	0	0	62	253	253	255	244	255	150	8	17	0	0	0	0	0	0	
0	0	0	0	0	0	0	0	4	0	0	14	52	219	255	247	243	231	148	15	9	0	6	6	0	0	0	0	
0	0	0	0	0	0	0	0	2	0	1	53	213	255	243	255	254	152	6	0	0	12	0	0	0	0	0	0	
4	0	8	5	0	0	19	0	0	0	45	236	254	235	255	228	36	19	1	0	2	7	3	0	0	0	0	0	
5	0	3	0	0	9	0	11	42	113	221	238	255	244	153	43	11	4	0	0	0	0	0	0	0	0	0	0	
2	0	11	19	0	4	0	19	179	254	246	255	126	77	2	6	0	0	1	0	0	0	1	3	0	0	0	0	
0	12	0	0	8	12	39	180	255	255	255	245	102	0	0	0	0	3	6	5	2	0	1	4	0	0	0	0	
8	0	0	7	0	0	133	253	251	236	247	87	0	8	3	0	2	1	0	0	0	0	0	0	0	0	0	0	
0	17	0	0	8	1	141	248	255	255	221	5	0	0	16	0	2	0	0	0	0	1	1	0	0	0	0	0	
10	0	0	1	0	77	235	255	234	194	44	12	1	4	0	0	2	0	0	0	2	2	2	1	0	0	0	0	
0	0	4	4	4	149	253	247	88	8	5	0	4	0	0	8	0	0	2	2	0	0	0	0	0	0	0	0	
0	20	0	10	13	241	244	107	0	0	0	0	0	0	0	0	0	0	0	0	0	0	0	0	0	0	0	0	
5	0	0	11	0	15	10	4	0	0	0	0	0	0	0	0	0	0	0	0	0	0	0	0	0	0	0	0	
0	19	20	3	7	4	0	0	0	0	0	0	0	0	0	0	0	0	0	0	0	0	0	0	0	0	0	0	
0	0	0	0	12	2	0	0	0	0	0	0	0	0	0	0	0	0	0	0	0	0	0	0	0	0	0	0	
