0	0	0	0	0	0	0	0	0	6	2	1	0	0	4	2	0	15	0	1	5	2	0	7	0	0	0	0	
0	0	0	0	0	0	0	0	0	0	0	1	0	0	7	1	8	5	0	0	2	7	0	0	0	0	0	0	
0	0	0	0	0	0	0	0	2	0	0	2	0	2	4	0	0	0	4	3	0	0	3	4	0	0	0	0	
0	0	0	0	0	0	0	0	8	0	3	4	0	0	0	3	0	8	0	12	4	4	0	0	0	0	0	0	
0	0	0	0	0	0	0	0	8	0	4	4	0	0	0	43	255	199	8	0	0	0	0	9	0	0	0	0	
0	0	0	0	0	0	0	0	1	0	3	0	4	0	14	122	255	185	0	9	5	2	0	0	0	0	0	0	
0	0	0	0	0	0	0	0	0	0	3	0	7	0	40	212	250	116	3	6	0	0	0	7	0	0	0	0	
0	0	0	0	0	0	0	0	0	5	4	0	9	0	58	255	255	55	1	0	0	2	7	0	0	0	0	0	
0	0	0	0	0	0	0	0	0	3	4	0	0	6	117	255	240	18	0	1	2	0	13	0	0	0	0	0	
0	0	0	0	0	0	0	0	0	0	0	0	0	0	141	253	223	7	3	3	0	0	8	0	0	0	0	0	
0	0	0	0	0	0	0	0	0	0	0	0	2	0	183	253	213	0	5	5	0	2	5	0	0	0	0	0	
0	0	0	0	0	0	0	0	0	3	0	2	4	12	226	255	225	0	0	4	0	7	2	1	0	0	0	0	
0	0	0	0	0	0	0	0	0	4	0	4	0	51	254	255	233	13	0	3	0	7	0	6	0	0	0	0	
0	0	0	0	0	0	0	0	0	2	0	4	0	114	255	248	189	22	0	4	0	2	0	3	0	0	0	0	
0	0	0	0	0	0	0	0	0	0	0	7	0	187	255	233	90	11	0	5	0	0	0	0	0	0	0	0	
0	0	0	0	0	0	0	0	3	0	0	12	7	237	255	222	2	0	0	6	0	0	4	0	0	0	0	0	
0	0	0	0	0	0	0	0	8	3	4	0	44	255	250	217	1	6	0	0	7	0	0	0	0	0	0	0	
0	0	0	0	0	0	0	0	0	0	0	4	65	255	255	191	0	1	12	3	0	1	2	0	0	0	0	0	
0	0	0	0	0	0	0	0	6	0	0	8	81	244	244	150	12	0	7	1	0	3	0	6	0	0	0	0	
0	0	0	0	0	0	0	0	3	0	3	5	121	255	255	208	82	0	0	3	0	3	0	8	0	0	0	0	
0	0	0	0	0	0	0	0	0	0	3	0	158	255	255	255	109	10	3	6	1	6	0	1	0	0	0	0	
0	0	0	0	0	0	0	0	3	0	4	3	198	255	241	230	46	5	8	0	0	10	1	0	0	0	0	0	
0	0	0	0	0	0	0	0	0	1	1	40	250	255	249	137	0	0	1	0	0	7	7	0	0	0	0	0	
0	0	0	0	0	0	0	0	4	6	0	59	255	242	213	0	0	7	0	2	8	0	0	0	0	0	0	0	
0	0	0	0	0	0	0	0	0	0	0	0	0	0	0	0	0	0	0	0	0	0	0	0	0	0	0	0	
0	0	0	0	0	0	0	0	0	0	0	0	0	0	0	0	0	0	0	0	0	0	0	0	0	0	0	0	
0	0	0	0	0	0	0	0	0	0	0	0	0	0	0	0	0	0	0	0	0	0	0	0	0	0	0	0	
0	0	0	0	0	0	0	0	0	0	0	0	0	0	0	0	0	0	0	0	0	0	0	0	0	0	0	0	
