0	0	0	0	0	0	0	0	0	6	0	0	10	0	0	8	5	0	0	10	0	0	4	3	0	0	0	0	
0	0	0	0	0	0	0	0	0	5	0	0	4	0	0	0	0	0	4	0	5	8	13	0	0	0	0	0	
0	0	0	0	0	0	0	0	0	2	1	0	0	1	0	0	14	0	0	0	6	0	1	0	0	0	0	0	
0	0	0	0	0	0	0	0	3	0	2	0	0	7	5	7	0	0	17	0	6	0	0	5	0	0	0	0	
0	0	0	0	0	0	0	0	3	0	3	0	0	2	0	22	255	255	230	78	0	0	6	0	0	0	0	0	
0	0	0	0	0	0	0	0	0	0	5	2	3	0	0	67	232	255	255	129	8	5	4	0	0	0	0	0	
0	0	0	0	0	0	0	0	0	0	4	0	5	0	24	166	255	250	252	160	4	0	0	6	0	0	0	0	
0	0	0	0	0	0	0	0	3	0	1	0	5	0	64	255	250	249	252	160	0	7	0	0	0	0	0	0	
0	0	0	0	0	0	0	0	0	0	9	3	2	0	89	250	248	255	254	156	0	6	0	5	0	0	0	0	
0	0	0	0	0	0	0	0	6	0	12	0	11	11	242	255	247	255	238	8	10	9	0	0	0	0	0	0	
0	0	0	0	0	0	0	0	6	0	5	14	0	20	255	253	255	245	143	0	0	7	0	2	0	0	0	0	
0	0	0	0	0	0	0	0	0	5	7	0	42	192	255	224	250	226	39	21	0	0	0	0	0	0	0	0	
0	0	0	0	0	0	0	0	18	0	0	0	198	255	255	255	237	186	7	0	10	0	0	0	0	0	0	0	
0	0	0	0	0	0	0	0	0	13	13	1	225	248	251	247	255	87	0	0	0	3	0	4	0	0	0	0	
0	0	0	0	0	0	0	0	7	0	20	145	252	255	250	255	211	7	0	19	0	9	0	7	0	0	0	0	
0	0	0	0	0	0	0	0	0	1	137	255	242	252	255	243	101	4	11	0	3	1	3	0	0	0	0	0	
0	0	0	0	0	0	0	0	10	0	198	245	252	251	255	215	0	0	0	0	0	0	0	0	0	0	0	0	
0	0	0	0	0	0	0	0	0	23	184	250	253	255	236	179	0	0	0	0	0	0	0	0	0	0	0	0	
0	0	0	0	0	0	0	0	13	60	228	241	248	250	252	65	0	0	0	0	0	0	0	0	0	0	0	0	
0	0	0	0	0	0	0	0	63	228	255	255	248	255	105	1	0	0	0	0	0	0	0	0	0	0	0	0	
0	0	0	0	0	0	0	0	39	255	249	255	249	245	0	1	0	0	0	0	0	0	0	0	0	0	0	0	
0	0	0	0	0	0	0	0	4	231	254	245	255	244	15	0	0	0	0	0	0	0	0	0	0	0	0	0	
0	0	0	0	0	0	0	0	7	255	255	248	250	203	0	1	0	0	0	0	0	0	0	0	0	0	0	0	
0	0	0	0	0	0	0	0	6	143	255	248	207	33	6	0	0	0	0	0	0	0	0	0	0	0	0	0	
0	0	0	0	0	0	0	0	0	0	0	0	0	0	0	0	0	0	0	0	0	0	0	0	0	0	0	0	
0	0	0	0	0	0	0	0	0	0	0	0	0	0	0	0	0	0	0	0	0	0	0	0	0	0	0	0	
0	0	0	0	0	0	0	0	0	0	0	0	0	0	0	0	0	0	0	0	0	0	0	0	0	0	0	0	
0	0	0	0	0	0	0	0	0	0	0	0	0	0	0	0	0	0	0	0	0	0	0	0	0	0	0	0	
