0	0	0	0	0	0	0	0	0	0	9	2	0	4	0	2	0	0	0	0	0	0	0	0	0	0	0	0	
0	0	0	0	0	0	0	0	1	0	4	0	0	14	10	3	0	0	0	0	0	0	0	0	0	0	0	0	
0	0	0	0	0	0	0	0	11	0	4	9	4	1	0	0	0	0	0	0	0	0	0	0	0	0	0	0	
0	0	0	0	0	0	0	0	0	0	7	0	0	5	12	9	0	0	0	0	0	0	0	0	0	0	0	0	
0	0	0	0	0	0	0	0	7	1	0	8	112	232	154	0	0	0	0	0	0	0	0	0	0	0	0	0	
0	0	0	0	0	0	0	0	0	1	0	0	95	255	239	83	0	0	0	0	0	0	0	0	0	0	0	0	
0	0	0	0	0	0	0	0	2	0	1	8	105	255	252	126	0	0	0	0	0	0	0	0	0	0	0	0	
0	0	0	0	0	0	0	0	1	0	3	0	88	253	251	117	0	0	0	0	0	0	0	0	0	0	0	0	
0	0	0	0	0	0	0	0	0	7	0	10	63	244	255	206	1	1	2	2	0	5	0	0	0	0	0	0	
0	0	0	0	0	0	0	0	0	0	0	0	27	212	252	235	7	0	0	0	0	0	0	8	0	0	0	0	
0	0	0	0	0	0	0	0	2	0	0	0	0	184	244	255	81	16	5	9	6	0	0	3	0	0	0	0	
0	0	0	0	0	0	0	0	2	1	6	0	0	174	242	255	111	9	0	0	2	2	1	1	0	0	0	0	
0	0	0	0	0	0	0	0	0	0	4	0	0	163	248	243	108	0	1	0	0	2	7	0	0	0	0	0	
0	0	0	0	0	0	0	0	3	0	0	0	5	132	255	247	111	0	18	8	0	0	5	0	0	0	0	0	
0	0	0	0	0	0	0	0	4	0	1	0	4	76	255	255	133	0	0	0	0	0	8	2	0	0	0	0	
0	0	0	0	0	0	0	0	0	0	0	5	0	24	235	253	219	10	0	0	7	2	6	0	0	0	0	0	
0	0	0	0	0	0	0	0	0	0	4	0	0	104	255	251	233	3	0	0	7	7	0	6	0	0	0	0	
0	0	0	0	0	0	0	0	7	2	0	3	22	74	255	251	213	0	6	0	0	3	0	3	0	0	0	0	
0	0	0	0	0	0	0	0	0	0	0	0	0	4	234	255	241	0	0	2	2	0	0	3	0	0	0	0	
0	0	0	0	0	0	0	0	0	5	9	0	0	13	232	255	224	0	0	5	3	0	0	0	0	0	0	0	
0	0	0	0	0	0	0	0	0	0	3	0	7	88	248	248	178	0	3	0	0	0	9	0	0	0	0	0	
0	0	0	0	0	0	0	0	0	0	0	0	0	105	255	255	216	14	0	0	8	0	0	4	0	0	0	0	
0	0	0	0	0	0	0	0	10	7	9	1	0	56	240	255	178	11	0	0	14	0	0	5	0	0	0	0	
0	0	0	0	0	0	0	0	3	0	0	4	9	1	187	184	9	0	25	0	0	2	11	0	0	0	0	0	
0	0	0	0	0	0	0	0	0	0	0	0	0	0	0	0	0	0	0	0	0	0	0	0	0	0	0	0	
0	0	0	0	0	0	0	0	0	0	0	0	0	0	0	0	0	0	0	0	0	0	0	0	0	0	0	0	
0	0	0	0	0	0	0	0	0	0	0	0	0	0	0	0	0	0	0	0	0	0	0	0	0	0	0	0	
0	0	0	0	0	0	0	0	0	0	0	0	0	0	0	0	0	0	0	0	0	0	0	0	0	0	0	0	
