0	0	0	0	0	0	0	0	0	10	9	0	0	0	0	2	1	0	11	0	0	4	1	0	0	0	0	0	
0	0	0	0	0	0	0	0	1	0	0	2	7	7	3	0	7	0	0	7	0	0	0	13	0	0	0	0	
0	0	0	0	0	0	0	0	8	0	0	3	1	0	0	0	7	0	0	10	0	0	14	0	0	0	0	0	
0	0	0	0	0	0	0	0	2	0	2	2	0	0	3	1	0	0	0	0	22	0	8	0	0	0	0	0	
0	0	0	0	0	0	0	0	0	1	5	0	0	4	7	0	25	232	247	71	0	0	0	0	0	0	0	0	
0	0	0	0	0	0	0	0	1	7	0	0	7	6	0	0	158	245	251	135	4	4	0	3	0	0	0	0	
0	0	0	0	0	0	0	0	3	10	0	0	10	0	0	27	251	252	255	101	0	5	11	0	0	0	0	0	
0	0	0	0	0	0	0	0	0	6	0	0	12	0	12	104	245	255	244	0	16	0	0	9	0	0	0	0	
0	0	0	0	0	0	0	0	0	2	6	4	0	0	35	248	246	250	167	0	0	12	0	0	0	0	0	0	
0	0	0	0	0	0	0	0	2	0	5	0	0	15	151	255	255	241	84	10	0	0	15	0	0	0	0	0	
0	0	0	0	0	0	0	0	2	0	14	2	12	78	252	251	239	151	0	1	0	0	19	0	0	0	0	0	
0	0	0	0	0	0	0	0	6	4	0	0	0	147	255	255	255	98	0	5	1	3	0	0	0	0	0	0	
0	0	0	0	0	0	0	0	0	6	4	0	59	230	239	255	226	57	16	0	0	6	0	7	0	0	0	0	
0	0	0	0	0	0	0	0	0	0	11	0	149	255	245	247	75	0	0	0	5	0	6	3	0	0	0	0	
0	0	0	0	0	0	0	0	11	0	0	6	186	244	254	161	0	0	0	7	10	0	0	0	0	0	0	0	
0	0	0	0	0	0	0	0	0	3	2	104	254	246	247	33	0	7	10	1	0	10	0	17	0	0	0	0	
0	0	0	0	0	0	0	0	0	0	6	164	255	245	224	0	0	0	0	0	0	0	0	0	0	0	0	0	
0	0	0	0	0	0	0	0	17	0	0	240	249	253	128	4	0	0	0	0	0	0	0	0	0	0	0	0	
0	0	0	0	0	0	0	0	0	13	125	248	255	208	30	0	0	0	0	0	0	0	0	0	0	0	0	0	
0	0	0	0	0	0	0	0	20	14	227	243	255	111	5	8	0	0	0	0	0	0	0	0	0	0	0	0	
0	0	0	0	0	0	0	0	0	79	250	255	156	6	6	0	0	0	0	0	0	0	0	0	0	0	0	0	
0	0	0	0	0	0	0	0	50	246	249	249	108	0	20	4	0	0	0	0	0	0	0	0	0	0	0	0	
0	0	0	0	0	0	0	0	144	244	249	255	204	55	0	0	0	0	0	0	0	0	0	0	0	0	0	0	
0	0	0	0	0	0	0	0	164	122	227	134	16	0	0	12	0	0	0	0	0	0	0	0	0	0	0	0	
0	0	0	0	0	0	0	0	0	0	0	0	0	0	0	0	0	0	0	0	0	0	0	0	0	0	0	0	
0	0	0	0	0	0	0	0	0	0	0	0	0	0	0	0	0	0	0	0	0	0	0	0	0	0	0	0	
0	0	0	0	0	0	0	0	0	0	0	0	0	0	0	0	0	0	0	0	0	0	0	0	0	0	0	0	
0	0	0	0	0	0	0	0	0	0	0	0	0	0	0	0	0	0	0	0	0	0	0	0	0	0	0	0	
