0	0	0	0	0	0	0	0	2	6	3	0	0	0	0	4	0	0	0	14	1	0	4	0	0	0	0	0	
0	0	0	0	0	0	0	0	0	0	2	5	1	5	4	0	9	12	0	0	0	3	3	2	0	0	0	0	
0	0	0	0	0	0	0	0	3	0	4	5	0	0	5	7	0	3	5	0	4	0	0	10	0	0	0	0	
0	0	0	0	0	0	0	0	12	0	0	1	17	0	0	0	13	0	5	2	7	0	0	3	0	0	0	0	
0	0	0	0	0	0	0	0	0	14	4	0	2	0	82	255	135	8	0	0	1	0	11	0	0	0	0	0	
0	0	0	0	0	0	0	0	0	11	0	0	19	0	74	247	181	9	0	3	0	0	15	0	0	0	0	0	
0	0	0	0	0	0	0	0	3	7	0	0	0	0	101	255	135	0	8	10	2	0	6	1	0	0	0	0	
0	0	0	0	0	0	0	0	1	0	3	9	0	10	125	250	109	0	2	0	12	0	1	1	0	0	0	0	
0	0	0	0	0	0	0	0	0	4	4	0	4	0	185	253	104	3	7	0	0	5	1	0	0	0	0	0	
0	0	0	0	0	0	0	0	0	0	1	0	0	1	200	254	106	0	0	0	1	2	1	5	0	0	0	0	
0	0	0	0	0	0	0	0	0	0	3	0	0	16	229	255	113	6	0	0	6	0	0	6	0	0	0	0	
0	0	0	0	0	0	0	0	2	0	4	4	0	26	252	255	88	8	2	0	7	0	0	1	0	0	0	0	
0	0	0	0	0	0	0	0	0	0	0	1	0	24	255	251	33	0	0	0	2	0	5	0	0	0	0	0	
0	0	0	0	0	0	0	0	0	2	0	2	0	22	255	250	8	0	6	0	3	0	7	0	0	0	0	0	
0	0	0	0	0	0	0	0	0	8	0	5	3	21	255	254	15	6	8	0	8	0	3	0	0	0	0	0	
0	0	0	0	0	0	0	0	0	7	0	2	4	15	250	254	17	0	0	0	9	0	3	3	0	0	0	0	
0	0	0	0	0	0	0	0	0	1	3	7	0	60	247	245	2	2	0	0	0	0	0	0	0	0	0	0	
0	0	0	0	0	0	0	0	3	0	0	0	4	113	248	184	2	1	0	0	0	0	0	0	0	0	0	0	
0	0	0	0	0	0	0	0	0	0	1	0	12	184	255	139	2	1	0	0	0	0	0	0	0	0	0	0	
0	0	0	0	0	0	0	0	0	0	11	0	0	209	255	104	1	1	0	0	0	0	0	1	0	0	0	0	
0	0	0	0	0	0	0	0	2	0	7	0	0	208	237	80	1	0	0	0	0	0	1	1	0	0	0	0	
0	0	0	0	0	0	0	0	4	0	0	0	25	240	255	101	0	0	0	0	0	0	1	2	0	0	0	0	
0	0	0	0	0	0	0	0	0	3	0	1	44	238	254	83	0	0	0	0	0	0	1	2	0	0	0	0	
0	0	0	0	0	0	0	0	0	14	1	0	19	180	187	5	0	0	0	0	0	0	2	2	0	0	0	0	
0	0	0	0	0	0	0	0	0	0	0	0	0	0	0	0	0	0	0	0	0	0	0	0	0	0	0	0	
0	0	0	0	0	0	0	0	0	0	0	0	0	0	0	0	0	0	0	0	0	0	0	0	0	0	0	0	
0	0	0	0	0	0	0	0	0	0	0	0	0	0	0	0	0	0	0	0	0	0	0	0	0	0	0	0	
0	0	0	0	0	0	0	0	0	0	0	0	0	0	0	0	0	0	0	0	0	0	0	0	0	0	0	0	
