0	0	0	0	0	0	0	0	0	0	0	0	0	0	0	0	0	0	5	6	0	0	0	0	0	0	0	0	
0	0	0	0	0	0	0	0	0	0	0	0	0	0	0	0	15	7	0	0	0	0	2	10	0	0	0	0	
0	0	0	0	0	0	0	0	0	0	0	0	0	0	0	0	0	0	3	0	5	0	0	0	0	0	0	0	
0	0	0	0	0	0	0	0	0	0	0	0	0	0	0	0	0	0	9	0	0	0	23	2	0	0	0	0	
0	0	0	0	0	0	0	0	0	0	0	0	0	0	0	0	3	134	238	216	19	0	0	1	0	0	0	0	
0	0	0	0	0	0	0	0	0	0	0	0	0	0	0	0	0	177	254	234	0	12	0	13	0	0	0	0	
0	0	0	0	0	0	0	0	0	0	0	0	0	0	0	0	3	209	254	161	3	9	0	0	0	0	0	0	
0	0	0	0	0	0	0	0	0	0	0	0	0	0	0	0	86	237	220	21	1	0	5	0	0	0	0	0	
0	0	0	0	0	0	0	0	4	2	5	3	0	0	11	7	255	254	161	0	0	0	6	0	0	0	0	0	
0	0	0	0	0	0	0	0	0	0	0	11	0	0	1	137	245	250	57	0	3	0	0	2	0	0	0	0	
0	0	0	0	0	0	0	0	0	14	0	1	3	4	63	246	255	185	0	1	5	0	0	4	0	0	0	0	
0	0	0	0	0	0	0	0	0	23	0	0	0	0	146	252	250	67	8	4	0	4	2	0	0	0	0	0	
0	0	0	0	0	0	0	0	0	0	0	19	0	54	217	255	164	0	19	0	0	3	0	0	0	0	0	0	
0	0	0	0	0	0	0	0	9	0	5	11	0	177	255	249	46	0	0	0	0	2	0	7	0	0	0	0	
0	0	0	0	0	0	0	0	0	0	7	0	78	252	237	132	0	9	0	3	0	3	2	5	0	0	0	0	
0	0	0	0	0	0	0	0	0	3	5	2	233	255	178	0	0	0	11	7	0	1	14	0	0	0	0	0	
0	0	0	0	0	0	0	0	0	4	0	71	255	247	112	2	0	0	0	0	0	0	0	0	0	0	0	0	
0	0	0	0	0	0	0	0	11	0	67	242	250	203	7	0	0	0	0	0	0	0	0	0	0	0	0	0	
0	0	0	0	0	0	0	0	0	0	105	255	232	47	11	0	0	0	0	0	0	0	0	0	0	0	0	0	
0	0	0	0	0	0	0	0	3	44	215	245	130	0	0	0	0	0	0	0	0	0	0	0	0	0	0	0	
0	0	0	0	0	0	0	0	0	184	255	248	13	15	0	3	0	0	0	0	0	0	0	0	0	0	0	0	
0	0	0	0	0	0	0	0	78	255	219	140	0	0	13	0	0	0	0	0	0	0	0	0	0	0	0	0	
0	0	0	0	0	0	0	0	249	251	175	0	10	0	1	0	0	0	0	0	0	0	0	0	0	0	0	0	
0	0	0	0	0	0	0	0	250	228	49	0	4	0	0	0	0	0	0	0	0	0	0	0	0	0	0	0	
0	0	0	0	0	0	0	0	0	0	0	0	0	0	0	0	0	0	0	0	0	0	0	0	0	0	0	0	
0	0	0	0	0	0	0	0	0	0	0	0	0	0	0	0	0	0	0	0	0	0	0	0	0	0	0	0	
0	0	0	0	0	0	0	0	0	0	0	0	0	0	0	0	0	0	0	0	0	0	0	0	0	0	0	0	
0	0	0	0	0	0	0	0	0	0	0	0	0	0	0	0	0	0	0	0	0	0	0	0	0	0	0	0	
