0	0	0	0	0	0	0	0	0	14	0	0	0	0	0	5	0	4	0	0	7	0	0	0	0	0	0	0	
0	0	0	0	0	0	0	0	1	0	0	10	10	0	14	0	0	4	0	0	3	0	0	1	0	0	0	0	
0	0	0	0	0	0	0	0	5	8	0	0	0	13	0	11	0	2	3	0	0	0	0	2	0	0	0	0	
0	0	0	0	0	0	0	0	0	19	9	2	0	0	5	0	0	0	5	0	0	1	0	1	0	0	0	0	
0	0	0	0	0	0	0	0	8	0	0	0	2	63	255	168	9	0	4	0	0	5	0	0	0	0	0	0	
0	0	0	0	0	0	0	0	3	0	7	13	0	179	255	214	36	0	1	0	0	8	0	0	0	0	0	0	
0	0	0	0	0	0	0	0	5	0	3	0	0	241	228	255	72	0	0	0	0	8	0	0	0	0	0	0	
0	0	0	0	0	0	0	0	0	5	0	0	15	168	255	244	98	6	0	0	0	8	0	3	0	0	0	0	
0	0	0	0	0	0	0	0	2	3	1	7	0	64	255	246	228	0	12	0	4	0	0	1	0	0	0	0	
0	0	0	0	0	0	0	0	6	3	0	0	0	127	254	255	251	119	1	0	5	2	0	6	0	0	0	0	
0	0	0	0	0	0	0	0	0	3	0	0	11	208	246	255	245	146	0	0	10	5	0	0	0	0	0	0	
0	0	0	0	0	0	0	0	0	5	0	6	0	238	245	246	238	49	4	0	7	0	0	0	0	0	0	0	
0	0	0	0	0	0	0	0	1	5	0	0	0	222	255	250	218	0	11	0	0	0	2	9	0	0	0	0	
0	0	0	0	0	0	0	0	0	0	0	6	19	222	255	253	130	6	0	0	2	0	0	0	0	0	0	0	
0	0	0	0	0	0	0	0	0	0	11	8	99	248	254	252	58	4	0	2	4	2	0	0	0	0	0	0	
0	0	0	0	0	0	0	0	8	0	11	0	143	255	236	255	68	0	10	2	0	0	5	5	0	0	0	0	
0	0	0	0	0	0	0	0	0	8	12	0	118	255	248	254	59	11	0	12	1	0	8	0	0	0	0	0	
0	0	0	0	0	0	0	0	12	0	0	11	145	250	245	249	55	0	0	0	0	4	2	2	0	0	0	0	
0	0	0	0	0	0	0	0	1	0	0	10	105	243	255	248	75	0	14	11	0	9	0	0	0	0	0	0	
0	0	0	0	0	0	0	0	0	11	5	0	19	221	255	255	69	0	0	0	0	2	0	10	0	0	0	0	
0	0	0	0	0	0	0	0	2	5	0	0	0	218	235	255	205	92	18	12	1	0	3	0	0	0	0	0	
0	0	0	0	0	0	0	0	0	2	0	4	4	237	253	254	255	115	0	0	0	0	15	0	0	0	0	0	
0	0	0	0	0	0	0	0	0	6	0	1	8	167	247	252	240	98	11	1	1	2	1	0	0	0	0	0	
0	0	0	0	0	0	0	0	2	3	0	6	0	31	189	255	118	8	0	2	0	3	0	7	0	0	0	0	
0	0	0	0	0	0	0	0	0	0	0	0	0	0	0	0	0	0	0	0	0	0	0	0	0	0	0	0	
0	0	0	0	0	0	0	0	0	0	0	0	0	0	0	0	0	0	0	0	0	0	0	0	0	0	0	0	
0	0	0	0	0	0	0	0	0	0	0	0	0	0	0	0	0	0	0	0	0	0	0	0	0	0	0	0	
0	0	0	0	0	0	0	0	0	0	0	0	0	0	0	0	0	0	0	0	0	0	0	0	0	0	0	0	
