0	0	0	0	0	0	0	0	0	0	5	2	0	13	0	0	7	0	11	4	0	6	0	5	0	0	0	0	
0	0	0	0	0	0	0	0	4	0	1	11	0	0	0	12	0	0	0	0	6	1	0	3	0	0	0	0	
0	0	0	0	0	0	0	0	0	2	2	1	4	4	0	0	0	8	0	0	9	0	0	0	0	0	0	0	
0	0	0	0	0	0	0	0	0	8	0	0	3	7	0	27	15	4	8	0	0	0	4	0	0	0	0	0	
0	0	0	0	0	0	0	0	3	0	0	5	0	0	6	192	120	0	9	0	0	3	1	0	0	0	0	0	
0	0	0	0	0	0	0	0	0	1	0	1	0	4	70	255	209	0	0	3	2	3	0	4	0	0	0	0	
0	0	0	0	0	0	0	0	0	5	4	0	0	20	156	246	178	0	0	1	8	0	0	0	0	0	0	0	
0	0	0	0	0	0	0	0	2	0	6	0	0	0	217	255	87	0	11	0	3	0	10	0	0	0	0	0	
0	0	0	0	0	0	0	0	6	0	1	6	0	12	218	249	44	16	0	0	0	0	0	4	0	0	0	0	
0	0	0	0	0	0	0	0	0	1	0	4	7	0	234	219	14	2	0	2	5	0	0	1	0	0	0	0	
0	0	0	0	0	0	0	0	0	2	0	4	6	0	234	206	0	0	0	7	5	0	0	2	0	0	0	0	
0	0	0	0	0	0	0	0	8	0	5	9	0	58	233	227	1	0	2	4	0	0	0	5	0	0	0	0	
0	0	0	0	0	0	0	0	2	0	6	6	0	89	249	217	6	2	0	0	0	0	0	3	0	0	0	0	
0	0	0	0	0	0	0	0	0	2	0	0	1	76	254	142	0	0	0	0	3	3	0	0	0	0	0	0	
0	0	0	0	0	0	0	0	0	5	0	0	8	105	252	96	0	0	0	0	1	2	0	0	0	0	0	0	
0	0	0	0	0	0	0	0	5	0	1	0	6	177	255	117	4	4	2	0	0	0	0	1	0	0	0	0	
0	0	0	0	0	0	0	0	0	5	0	0	0	193	251	107	1	5	0	0	4	2	0	3	0	0	0	0	
0	0	0	0	0	0	0	0	4	0	4	0	2	191	254	114	0	0	0	0	2	3	0	2	0	0	0	0	
0	0	0	0	0	0	0	0	9	0	8	0	3	189	247	111	0	4	6	1	0	2	1	0	0	0	0	0	
0	0	0	0	0	0	0	0	2	0	6	0	0	193	241	116	0	1	5	1	0	1	3	0	0	0	0	0	
0	0	0	0	0	0	0	0	0	0	0	4	0	192	253	165	0	0	0	0	0	0	7	0	0	0	0	0	
0	0	0	0	0	0	0	0	0	8	0	4	0	155	255	232	28	2	0	6	0	0	5	0	0	0	0	0	
0	0	0	0	0	0	0	0	0	8	0	1	1	70	224	255	55	10	2	12	0	0	2	0	0	0	0	0	
0	0	0	0	0	0	0	0	0	3	0	0	3	0	176	245	52	0	0	6	0	0	5	3	0	0	0	0	
0	0	0	0	0	0	0	0	0	0	0	0	0	0	0	0	0	0	0	0	0	0	0	0	0	0	0	0	
0	0	0	0	0	0	0	0	0	0	0	0	0	0	0	0	0	0	0	0	0	0	0	0	0	0	0	0	
0	0	0	0	0	0	0	0	0	0	0	0	0	0	0	0	0	0	0	0	0	0	0	0	0	0	0	0	
0	0	0	0	0	0	0	0	0	0	0	0	0	0	0	0	0	0	0	0	0	0	0	0	0	0	0	0	
