0	0	0	0	0	0	0	0	1	8	0	0	15	0	0	11	0	4	0	0	0	0	10	0	0	0	0	0	
0	0	0	0	0	0	0	0	0	0	0	14	0	27	0	0	0	0	0	1	2	1	1	0	0	0	0	0	
0	0	0	0	0	0	0	0	8	8	19	0	19	0	0	0	0	0	0	2	7	0	0	2	0	0	0	0	
0	0	0	0	0	0	0	0	0	0	0	5	0	0	7	9	0	2	4	0	2	0	0	8	0	0	0	0	
0	0	0	0	0	0	0	0	4	3	2	0	20	14	0	0	0	0	7	0	0	5	0	5	0	0	0	0	
0	0	0	0	0	0	0	0	0	5	5	0	0	4	250	194	11	0	4	0	0	10	0	0	0	0	0	0	
0	0	0	0	0	0	0	0	11	0	14	0	86	242	250	253	74	0	0	3	0	8	0	0	0	0	0	0	
0	0	0	0	0	0	0	0	0	0	6	0	169	245	253	252	139	11	0	4	0	2	0	5	0	0	0	0	
0	0	0	0	0	0	0	0	0	6	0	1	143	255	255	250	145	0	0	2	0	0	0	0	0	0	0	0	
0	0	0	0	0	0	0	0	1	0	8	0	67	208	248	255	145	0	0	2	0	0	0	0	0	0	0	0	
0	0	0	0	0	0	0	0	4	0	9	0	0	156	244	255	145	0	0	2	0	0	0	0	0	0	0	0	
0	0	0	0	0	0	0	0	4	0	3	4	0	151	246	253	145	0	0	2	0	0	0	0	0	0	0	0	
0	0	0	0	0	0	0	0	0	0	0	4	0	156	245	255	145	0	0	2	0	0	0	0	0	0	0	0	
0	0	0	0	0	0	0	0	0	6	3	0	1	144	245	255	145	0	0	2	0	0	0	0	0	0	0	0	
0	0	0	0	0	0	0	0	0	0	6	0	0	135	255	255	145	0	0	2	0	0	0	0	0	0	0	0	
0	0	0	0	0	0	0	0	10	0	4	1	5	141	255	243	145	0	0	2	0	0	0	0	0	0	0	0	
0	0	0	0	0	0	0	0	0	6	5	0	1	137	255	247	78	14	0	0	20	0	0	1	0	0	0	0	
0	0	0	0	0	0	0	0	8	0	0	0	5	144	245	255	23	0	9	0	0	0	5	3	0	0	0	0	
0	0	0	0	0	0	0	0	0	1	0	4	6	167	233	255	121	0	3	4	0	0	0	4	0	0	0	0	
0	0	0	0	0	0	0	0	0	8	6	2	15	219	243	255	243	24	0	4	2	5	0	0	0	0	0	0	
0	0	0	0	0	0	0	0	1	5	0	0	28	255	255	247	219	21	1	0	0	11	5	0	0	0	0	0	
0	0	0	0	0	0	0	0	2	0	0	5	22	233	253	255	166	7	0	2	3	0	0	3	0	0	0	0	
0	0	0	0	0	0	0	0	0	0	3	12	16	214	253	242	109	4	0	0	13	0	0	6	0	0	0	0	
0	0	0	0	0	0	0	0	1	1	0	2	28	238	255	189	10	3	9	0	2	1	7	0	0	0	0	0	
0	0	0	0	0	0	0	0	0	5	6	0	51	244	255	58	0	0	0	0	0	0	0	0	0	0	0	0	
0	0	0	0	0	0	0	0	1	0	0	9	0	0	6	6	0	0	0	0	0	0	0	0	0	0	0	0	
0	0	0	0	0	0	0	0	4	19	12	1	6	2	0	0	0	0	0	0	0	0	0	0	0	0	0	0	
0	0	0	0	0	0	0	0	0	4	0	0	2	8	0	0	0	0	0	0	0	0	0	0	0	0	0	0	
