0	0	0	0	0	0	0	0	0	3	0	5	0	2	7	0	0	5	0	2	5	0	0	3	0	0	0	0	
0	0	0	0	0	0	0	0	0	2	4	1	3	8	0	2	0	6	0	0	0	0	0	4	0	0	0	0	
0	0	0	0	0	0	0	0	1	2	1	0	11	9	0	8	0	0	1	0	0	0	0	2	0	0	0	0	
0	0	0	0	0	0	0	0	11	3	0	0	4	1	0	3	0	0	0	0	0	5	0	0	0	0	0	0	
0	0	0	0	0	0	0	0	0	0	5	18	0	0	24	0	26	0	1	0	0	6	0	0	0	0	0	0	
0	0	0	0	0	0	0	0	8	2	0	0	0	111	232	252	70	6	2	0	0	4	0	4	0	0	0	0	
0	0	0	0	0	0	0	0	0	0	4	8	27	203	254	255	93	6	0	0	0	4	0	5	0	0	0	0	
0	0	0	0	0	0	0	0	8	0	5	0	53	255	241	251	93	0	0	5	3	7	0	0	0	0	0	0	
0	0	0	0	0	0	0	0	0	17	0	6	112	252	245	252	89	10	0	12	0	0	12	0	0	0	0	0	
0	0	0	0	0	0	0	0	0	0	0	8	170	248	255	250	50	0	0	6	0	0	9	0	0	0	0	0	
0	0	0	0	0	0	0	0	0	0	0	0	196	243	255	202	9	0	0	1	0	0	4	1	0	0	0	0	
0	0	0	0	0	0	0	0	0	17	0	0	183	254	245	138	0	1	1	0	0	0	0	1	0	0	0	0	
0	0	0	0	0	0	0	0	0	10	0	0	186	255	247	110	0	8	3	0	2	3	0	0	0	0	0	0	
0	0	0	0	0	0	0	0	2	0	2	3	184	250	247	112	0	5	0	0	0	4	0	0	0	0	0	0	
0	0	0	0	0	0	0	0	6	0	5	2	131	241	247	134	0	0	0	0	0	1	2	0	0	0	0	0	
0	0	0	0	0	0	0	0	0	0	0	0	66	255	255	166	4	0	2	3	0	0	2	0	0	0	0	0	
0	0	0	0	0	0	0	0	0	5	0	3	0	233	235	239	20	5	0	10	0	0	0	0	0	0	0	0	
0	0	0	0	0	0	0	0	2	0	4	6	0	163	255	249	87	18	0	4	0	0	0	5	0	0	0	0	
0	0	0	0	0	0	0	0	5	0	10	0	0	101	251	240	96	0	0	3	3	6	1	0	0	0	0	0	
0	0	0	0	0	0	0	0	0	0	3	0	9	109	243	255	88	0	4	0	0	6	3	0	0	0	0	0	
0	0	0	0	0	0	0	0	1	1	0	0	3	68	250	255	155	13	1	0	0	0	0	6	0	0	0	0	
0	0	0	0	0	0	0	0	6	0	0	8	0	0	249	243	228	49	0	1	10	0	0	9	0	0	0	0	
0	0	0	0	0	0	0	0	0	0	2	8	7	0	180	255	252	93	0	6	13	3	0	2	0	0	0	0	
0	0	0	0	0	0	0	0	0	1	2	0	0	9	23	243	255	142	13	0	0	5	4	1	0	0	0	0	
0	0	0	0	0	0	0	0	0	6	0	0	6	0	15	136	219	67	0	3	0	0	9	0	0	0	0	0	
0	0	0	0	0	0	0	0	0	7	0	0	14	5	0	19	14	0	0	12	0	0	8	0	0	0	0	0	
0	0	0	0	0	0	0	0	0	7	0	0	2	7	0	0	0	1	11	0	0	0	7	0	0	0	0	0	
0	0	0	0	0	0	0	0	0	0	5	6	0	0	2	14	4	0	0	0	5	0	0	0	0	0	0	0	
