0	0	0	0	0	0	0	0	1	12	0	3	0	6	0	5	7	0	0	2	0	1	0	1	0	0	0	0	
0	0	0	0	0	0	0	0	0	0	2	8	0	12	12	0	0	0	0	0	0	0	1	0	0	0	0	0	
0	0	0	0	0	0	0	0	1	0	5	7	1	0	0	8	0	0	0	0	2	0	4	0	0	0	0	0	
0	0	0	0	0	0	0	0	0	21	5	0	0	10	0	0	10	0	0	0	6	0	5	0	0	0	0	0	
0	0	0	0	0	0	0	0	7	0	0	12	0	10	126	255	58	0	0	0	7	0	3	0	0	0	0	0	
0	0	0	0	0	0	0	0	1	0	7	0	12	119	234	246	130	0	3	0	6	0	0	2	0	0	0	0	
0	0	0	0	0	0	0	0	6	0	9	0	120	195	255	255	203	0	5	0	3	3	0	6	0	0	0	0	
0	0	0	0	0	0	0	0	0	0	1	3	253	254	255	251	249	0	7	0	1	5	0	9	0	0	0	0	
0	0	0	0	0	0	0	0	6	0	10	0	255	247	255	252	243	15	0	10	0	0	9	0	0	0	0	0	
0	0	0	0	0	0	0	0	1	1	2	6	255	255	254	255	152	0	0	15	0	0	5	0	0	0	0	0	
0	0	0	0	0	0	0	0	0	4	0	3	253	255	254	255	118	0	2	3	0	0	4	0	0	0	0	0	
0	0	0	0	0	0	0	0	0	0	1	0	255	241	255	255	135	9	2	0	0	5	1	2	0	0	0	0	
0	0	0	0	0	0	0	0	0	0	2	27	255	245	255	254	127	2	0	0	7	7	0	0	0	0	0	0	
0	0	0	0	0	0	0	0	0	7	0	95	255	255	253	255	122	0	1	3	2	0	0	8	0	0	0	0	
0	0	0	0	0	0	0	0	0	5	0	135	255	255	252	255	132	3	5	0	0	0	0	9	0	0	0	0	
0	0	0	0	0	0	0	0	5	0	1	133	252	250	255	255	125	0	1	0	0	9	4	0	0	0	0	0	
0	0	0	0	0	0	0	0	0	0	12	116	255	247	255	252	132	0	0	0	2	1	0	8	0	0	0	0	
0	0	0	0	0	0	0	0	0	0	3	140	255	246	255	255	124	0	3	1	1	8	2	7	0	0	0	0	
0	0	0	0	0	0	0	0	9	4	0	240	249	255	255	250	130	3	7	1	0	1	0	0	0	0	0	0	
0	0	0	0	0	0	0	0	0	0	0	255	255	255	253	253	125	0	0	0	0	3	11	0	0	0	0	0	
0	0	0	0	0	0	0	0	7	5	6	246	255	236	251	255	135	7	0	4	1	0	6	0	0	0	0	0	
0	0	0	0	0	0	0	0	1	0	0	255	238	255	255	244	107	10	0	4	2	0	0	0	0	0	0	0	
0	0	0	0	0	0	0	0	7	0	11	252	249	255	234	196	23	0	0	0	5	0	9	10	0	0	0	0	
0	0	0	0	0	0	0	0	0	17	0	55	207	106	5	3	0	0	15	0	4	0	0	0	0	0	0	0	
0	0	0	0	0	0	0	0	0	0	0	0	0	0	0	0	0	0	0	0	0	0	0	0	0	0	0	0	
0	0	0	0	0	0	0	0	0	0	0	0	0	0	0	0	0	0	0	0	0	0	0	0	0	0	0	0	
0	0	0	0	0	0	0	0	0	0	0	0	0	0	0	0	0	0	0	0	0	0	0	0	0	0	0	0	
0	0	0	0	0	0	0	0	0	0	0	0	0	0	0	0	0	0	0	0	0	0	0	0	0	0	0	0	
