0	0	0	0	0	0	0	0	0	8	0	0	3	0	1	0	0	15	0	0	14	0	0	1	0	0	0	0	
0	0	0	0	0	0	0	0	0	1	0	0	3	3	3	0	6	1	0	0	0	9	13	1	0	0	0	0	
0	0	0	0	0	0	0	0	0	0	0	2	1	5	0	0	0	0	12	13	0	5	2	0	0	0	0	0	
0	0	0	0	0	0	0	0	3	0	0	6	0	1	0	9	8	2	0	7	0	0	0	5	0	0	0	0	
0	0	0	0	0	0	0	0	4	2	0	7	0	0	0	51	150	135	2	0	4	1	3	0	0	0	0	0	
0	0	0	0	0	0	0	0	0	3	0	5	0	0	2	122	255	251	48	0	4	4	6	0	0	0	0	0	
0	0	0	0	0	0	0	0	0	8	0	4	0	0	15	193	244	207	26	0	0	0	0	0	0	0	0	0	
0	0	0	0	0	0	0	0	0	14	0	4	2	0	22	236	255	155	0	0	1	7	0	4	0	0	0	0	
0	0	0	0	0	0	0	0	0	11	0	2	0	7	76	252	246	60	1	0	5	0	0	0	0	0	0	0	
0	0	0	0	0	0	0	0	0	0	0	4	10	0	174	255	255	58	0	0	0	0	0	0	0	0	0	0	
0	0	0	0	0	0	0	0	4	0	0	0	8	0	207	252	255	54	0	0	0	0	7	0	0	0	0	0	
0	0	0	0	0	0	0	0	0	3	7	0	0	2	168	249	227	37	0	2	0	0	9	0	0	0	0	0	
0	0	0	0	0	0	0	0	0	0	7	1	0	13	185	255	164	10	0	3	0	0	3	0	0	0	0	0	
0	0	0	0	0	0	0	0	6	0	0	12	0	25	250	253	105	0	0	3	0	0	0	0	0	0	0	0	
0	0	0	0	0	0	0	0	7	1	0	11	0	90	255	246	69	0	6	0	4	2	0	2	0	0	0	0	
0	0	0	0	0	0	0	0	0	14	0	3	6	180	239	255	50	0	5	0	1	1	0	1	0	0	0	0	
0	0	0	0	0	0	0	0	1	0	1	10	8	202	255	202	0	0	0	0	0	0	0	0	0	0	0	0	
0	0	0	0	0	0	0	0	4	2	0	2	49	255	255	177	0	0	0	0	0	0	0	0	0	0	0	0	
0	0	0	0	0	0	0	0	0	11	3	0	48	247	255	193	0	0	0	0	0	0	0	0	0	0	0	0	
0	0	0	0	0	0	0	0	1	1	0	4	117	250	253	128	0	0	0	0	0	0	0	0	0	0	0	0	
0	0	0	0	0	0	0	0	3	0	0	11	168	245	255	64	0	0	0	0	0	0	0	0	0	0	0	0	
0	0	0	0	0	0	0	0	0	0	2	15	201	251	255	57	0	0	0	0	0	0	0	0	0	0	0	0	
0	0	0	0	0	0	0	0	4	0	1	42	255	255	176	17	0	0	0	0	0	0	0	0	0	0	0	0	
0	0	0	0	0	0	0	0	0	0	0	34	206	167	36	2	0	0	0	0	0	0	0	0	0	0	0	0	
0	0	0	0	0	0	0	0	0	0	0	0	0	0	0	0	0	0	0	0	0	0	0	0	0	0	0	0	
0	0	0	0	0	0	0	0	0	0	0	0	0	0	0	0	0	0	0	0	0	0	0	0	0	0	0	0	
0	0	0	0	0	0	0	0	0	0	0	0	0	0	0	0	0	0	0	0	0	0	0	0	0	0	0	0	
0	0	0	0	0	0	0	0	0	0	0	0	0	0	0	0	0	0	0	0	0	0	0	0	0	0	0	0	
