0	0	0	0	0	0	0	0	0	6	0	6	0	10	0	0	2	5	0	0	4	3	0	3	0	0	0	0	
0	0	0	0	0	0	0	0	10	0	1	0	0	0	0	1	0	3	0	0	2	3	0	0	0	0	0	0	
0	0	0	0	0	0	0	0	0	0	17	6	0	29	0	3	0	1	1	0	0	3	2	0	0	0	0	0	
0	0	0	0	0	0	0	0	8	4	0	0	26	0	0	3	0	0	2	0	0	2	4	0	0	0	0	0	
0	0	0	0	0	0	0	0	0	5	14	0	0	58	255	69	9	0	0	1	0	0	5	0	0	0	0	0	
0	0	0	0	0	0	0	0	8	7	0	2	3	123	255	201	28	0	0	4	0	0	5	0	0	0	0	0	
0	0	0	0	0	0	0	0	0	0	4	14	0	186	249	255	48	2	0	6	0	0	5	0	0	0	0	0	
0	0	0	0	0	0	0	0	2	4	0	0	11	100	253	249	61	3	0	8	0	0	4	0	0	0	0	0	
0	0	0	0	0	0	0	0	5	0	4	1	0	63	238	220	12	9	4	0	0	0	0	0	0	0	0	0	
0	0	0	0	0	0	0	0	1	0	0	3	11	128	255	178	7	5	2	0	0	0	0	2	0	0	0	0	
0	0	0	0	0	0	0	0	1	5	0	0	6	171	255	103	0	0	0	0	0	0	1	2	0	0	0	0	
0	0	0	0	0	0	0	0	0	12	0	0	0	183	245	56	0	0	0	0	0	0	0	0	0	0	0	0	
0	0	0	0	0	0	0	0	0	6	0	7	5	211	254	58	0	0	0	0	0	0	0	0	0	0	0	0	
0	0	0	0	0	0	0	0	0	0	0	13	40	245	255	59	0	0	0	0	0	0	0	0	0	0	0	0	
0	0	0	0	0	0	0	0	2	0	0	4	56	254	255	52	1	0	0	0	0	0	0	0	0	0	0	0	
0	0	0	0	0	0	0	0	0	2	0	0	52	250	255	59	0	0	0	0	0	0	1	2	0	0	0	0	
0	0	0	0	0	0	0	0	0	0	0	5	47	255	250	53	0	0	0	4	0	1	10	0	0	0	0	0	
0	0	0	0	0	0	0	0	7	0	4	0	39	245	255	75	7	11	12	5	0	0	7	5	0	0	0	0	
0	0	0	0	0	0	0	0	10	0	0	5	57	251	255	39	0	0	0	0	2	7	2	0	0	0	0	0	
0	0	0	0	0	0	0	0	0	0	7	3	5	198	245	72	13	3	0	0	0	8	0	0	0	0	0	0	
0	0	0	0	0	0	0	0	0	8	1	5	0	180	247	114	0	0	10	9	0	0	0	6	0	0	0	0	
0	0	0	0	0	0	0	0	0	0	0	7	9	176	255	158	36	0	0	8	1	4	0	1	0	0	0	0	
0	0	0	0	0	0	0	0	2	3	4	0	0	82	243	251	155	27	0	0	0	6	2	5	0	0	0	0	
0	0	0	0	0	0	0	0	0	0	10	0	0	29	212	255	125	0	0	11	0	9	0	0	0	0	0	0	
0	0	0	0	0	0	0	0	0	0	0	0	0	0	0	0	0	0	0	0	0	0	0	0	0	0	0	0	
0	0	0	0	0	0	0	0	0	0	0	0	0	0	0	0	0	0	0	0	0	0	0	0	0	0	0	0	
0	0	0	0	0	0	0	0	0	0	0	0	0	0	0	0	0	0	0	0	0	0	0	0	0	0	0	0	
0	0	0	0	0	0	0	0	0	0	0	0	0	0	0	0	0	0	0	0	0	0	0	0	0	0	0	0	
