0	0	0	0	0	0	0	0	2	0	6	1	0	4	0	3	0	0	0	0	0	0	0	0	0	0	0	0	
0	0	0	0	0	0	0	0	14	0	5	0	22	0	0	0	0	0	0	0	0	0	0	0	0	0	0	0	
0	0	0	0	0	0	0	0	0	3	17	0	0	0	0	0	0	0	0	0	0	0	0	0	0	0	0	0	
0	0	0	0	0	0	0	0	13	0	6	0	0	8	12	2	0	0	0	0	0	0	0	0	0	0	0	0	
0	0	0	0	0	0	0	0	0	11	8	6	255	128	0	0	0	0	0	0	0	0	0	0	0	0	0	0	
0	0	0	0	0	0	0	0	18	0	0	22	255	226	97	8	0	0	0	0	0	0	0	0	0	0	0	0	
0	0	0	0	0	0	0	0	0	0	0	9	164	255	157	0	0	0	0	0	0	0	0	0	0	0	0	0	
0	0	0	0	0	0	0	0	11	0	12	0	125	249	202	0	0	0	0	0	0	0	0	0	0	0	0	0	
0	0	0	0	0	0	0	0	0	0	0	2	64	251	244	20	0	0	0	0	0	0	2	2	0	0	0	0	
0	0	0	0	0	0	0	0	0	0	5	11	53	247	254	79	0	0	0	0	0	0	1	2	0	0	0	0	
0	0	0	0	0	0	0	0	11	3	3	0	7	223	255	155	0	0	0	0	0	0	1	2	0	0	0	0	
0	0	0	0	0	0	0	0	0	0	12	1	0	216	237	159	1	0	0	0	0	0	1	1	0	0	0	0	
0	0	0	0	0	0	0	0	0	0	9	0	2	218	243	178	1	1	0	0	0	0	0	1	0	0	0	0	
0	0	0	0	0	0	0	0	8	4	0	0	0	204	255	233	2	1	0	0	0	0	0	0	0	0	0	0	
0	0	0	0	0	0	0	0	0	0	1	5	14	168	255	247	2	1	0	0	0	0	0	0	0	0	0	0	
0	0	0	0	0	0	0	0	4	1	0	0	0	115	239	255	2	2	0	0	0	0	0	0	0	0	0	0	
0	0	0	0	0	0	0	0	0	8	0	0	11	114	242	255	87	0	12	0	11	3	0	5	0	0	0	0	
0	0	0	0	0	0	0	0	2	0	0	8	0	3	244	244	170	4	0	9	3	0	2	0	0	0	0	0	
0	0	0	0	0	0	0	0	0	2	1	5	0	0	173	252	202	1	0	5	0	0	1	0	0	0	0	0	
0	0	0	0	0	0	0	0	0	9	0	0	3	20	145	245	212	14	8	0	6	5	0	3	0	0	0	0	
0	0	0	0	0	0	0	0	6	1	0	0	10	0	186	240	209	0	6	0	4	3	0	8	0	0	0	0	
0	0	0	0	0	0	0	0	3	0	0	5	0	0	132	255	230	1	0	0	0	0	10	1	0	0	0	0	
0	0	0	0	0	0	0	0	0	0	2	1	0	26	22	195	245	136	21	10	5	0	5	0	0	0	0	0	
0	0	0	0	0	0	0	0	7	0	0	1	3	3	0	23	165	225	14	0	9	3	0	7	0	0	0	0	
0	0	0	0	0	0	0	0	0	0	0	0	0	0	0	0	0	0	0	0	0	0	0	0	0	0	0	0	
0	0	0	0	0	0	0	0	0	0	0	0	0	0	0	0	0	0	0	0	0	0	0	0	0	0	0	0	
0	0	0	0	0	0	0	0	0	0	0	0	0	0	0	0	0	0	0	0	0	0	0	0	0	0	0	0	
0	0	0	0	0	0	0	0	0	0	0	0	0	0	0	0	0	0	0	0	0	0	0	0	0	0	0	0	
