0	0	0	0	0	0	0	0	1	0	7	0	12	4	0	4	4	0	1	5	0	0	1	0	0	0	0	0	
0	0	0	0	0	0	0	0	4	0	5	0	6	0	0	1	8	3	10	2	0	2	7	4	0	0	0	0	
0	0	0	0	0	0	0	0	0	0	1	2	8	0	4	7	3	0	0	3	0	0	0	0	0	0	0	0	
0	0	0	0	0	0	0	0	0	0	0	5	7	0	8	0	0	7	0	5	1	7	4	1	0	0	0	0	
0	0	0	0	0	0	0	0	0	6	0	0	0	0	0	0	0	2	0	14	0	0	0	0	0	0	0	0	
0	0	0	0	0	0	0	0	0	3	0	0	0	5	0	43	117	248	255	203	37	1	17	0	0	0	0	0	
0	0	0	0	0	0	0	0	0	0	3	1	0	7	9	138	247	244	245	255	113	0	0	6	0	0	0	0	
0	0	0	0	0	0	0	0	4	0	7	4	0	0	7	199	249	255	248	214	38	0	13	0	0	0	0	0	
0	0	0	0	0	0	0	0	0	7	0	0	6	0	65	255	253	245	255	218	3	0	3	3	0	0	0	0	
0	0	0	0	0	0	0	0	8	0	0	3	1	11	146	253	255	242	209	42	4	6	0	2	0	0	0	0	
0	0	0	0	0	0	0	0	0	8	15	9	0	87	251	230	255	254	196	0	0	0	6	0	0	0	0	0	
0	0	0	0	0	0	0	0	12	0	0	1	2	126	255	255	241	255	139	24	0	0	14	0	0	0	0	0	
0	0	0	0	0	0	0	0	0	17	5	0	102	229	255	241	247	203	21	0	0	6	0	8	0	0	0	0	
0	0	0	0	0	0	0	0	3	0	3	32	255	255	244	250	255	85	0	0	0	18	0	0	0	0	0	0	
0	0	0	0	0	0	0	0	3	3	0	39	248	255	255	252	198	6	4	16	0	5	4	0	0	0	0	0	
0	0	0	0	0	0	0	0	0	8	6	135	255	249	243	255	101	0	0	0	0	0	5	4	0	0	0	0	
0	0	0	0	0	0	0	0	0	0	45	213	255	252	255	215	0	0	0	0	0	0	0	0	0	0	0	0	
0	0	0	0	0	0	0	0	7	5	140	254	248	252	242	77	0	0	0	0	0	0	0	0	0	0	0	0	
0	0	0	0	0	0	0	0	0	9	198	253	255	255	228	39	0	0	0	0	0	0	0	0	0	0	0	0	
0	0	0	0	0	0	0	0	10	17	227	255	238	233	170	8	0	0	0	0	0	0	0	0	0	0	0	0	
0	0	0	0	0	0	0	0	0	116	235	246	255	187	20	0	0	0	0	0	0	0	0	0	0	0	0	0	
0	0	0	0	0	0	0	0	1	177	250	255	247	163	0	0	0	0	0	0	0	0	0	0	0	0	0	0	
0	0	0	0	0	0	0	0	7	248	255	243	255	144	0	12	0	0	0	0	0	0	0	0	0	0	0	0	
0	0	0	0	0	0	0	0	0	225	250	255	248	122	3	0	0	0	0	0	0	0	0	0	0	0	0	0	
0	0	0	0	0	0	0	0	0	75	214	236	106	9	2	1	0	0	0	0	0	0	0	0	0	0	0	0	
0	0	0	0	0	0	0	0	8	0	0	11	0	0	5	0	0	0	0	0	0	0	0	0	0	0	0	0	
0	0	0	0	0	0	0	0	15	0	2	7	0	0	5	5	0	0	0	0	0	0	0	0	0	0	0	0	
0	0	0	0	0	0	0	0	0	0	0	6	8	0	0	0	0	0	0	0	0	0	0	0	0	0	0	0	
