3	2	0	0	0	6	0	0	0	0	20	0	0	1	0	0	8	1	0	0	6	0	1	0	0	0	0	0	
0	4	7	3	3	12	0	11	10	6	0	17	7	0	5	7	0	1	5	6	2	0	0	7	0	0	0	0	
4	2	0	0	4	8	0	5	3	0	0	0	0	18	0	0	0	8	2	0	0	2	0	3	0	0	0	0	
1	0	0	2	5	0	33	46	144	222	255	176	167	115	2	19	0	0	0	0	2	9	0	0	0	0	0	0	
2	0	8	0	0	0	202	247	255	233	255	252	230	252	241	71	0	0	6	10	2	1	0	2	0	0	0	0	
7	0	4	0	0	7	226	255	171	116	115	214	242	255	255	249	97	10	2	5	0	2	0	4	0	0	0	0	
0	0	7	5	6	0	54	40	5	9	0	0	29	172	241	255	229	50	0	0	0	8	5	0	0	0	0	0	
0	4	5	0	0	4	0	1	0	12	0	5	2	8	189	255	255	57	1	13	0	5	3	0	0	0	0	0	
0	0	0	0	0	0	0	0	0	1	11	0	1	5	77	252	244	234	22	0	6	8	0	0	0	0	0	0	
0	0	0	0	0	0	0	0	14	0	0	0	1	0	50	245	255	249	6	8	0	0	5	11	0	0	0	0	
0	0	0	0	0	0	0	0	0	0	0	0	1	4	48	255	255	240	125	0	0	0	2	0	0	0	0	0	
0	0	0	0	0	0	0	0	0	0	8	0	0	4	37	255	255	255	39	0	6	0	12	3	0	0	0	0	
0	0	0	0	0	0	0	0	7	0	5	2	4	7	49	254	238	255	8	0	6	0	0	0	0	0	0	0	
0	0	0	0	0	0	0	0	6	0	2	0	0	0	63	255	255	255	74	0	10	17	0	4	0	0	0	0	
0	0	0	0	0	0	0	0	1	0	5	0	7	7	111	231	255	236	19	14	0	0	0	2	0	0	0	0	
0	0	0	0	0	0	0	0	0	5	1	0	84	146	247	255	253	255	250	119	17	7	0	2	0	0	0	0	
0	0	0	0	0	0	0	0	0	40	164	201	255	239	247	254	250	255	253	247	59	0	7	0	0	0	0	0	
0	0	0	0	0	0	0	0	54	255	252	249	253	255	255	255	246	243	241	255	149	0	2	15	0	0	0	0	
0	0	0	0	0	0	0	0	138	247	243	253	173	241	255	242	120	202	255	254	214	0	14	0	0	0	0	0	
0	0	0	0	0	0	0	0	139	252	255	252	220	254	255	255	41	108	254	233	223	10	0	3	0	0	0	0	
0	0	0	0	0	0	0	0	124	253	242	253	253	243	252	127	12	40	255	255	247	96	0	4	0	0	0	0	
0	0	0	0	0	0	0	0	39	234	255	249	255	255	167	0	0	4	230	255	246	171	13	0	0	0	0	0	
0	0	0	0	0	0	0	0	8	25	165	255	182	106	28	3	0	0	158	255	255	164	9	0	0	0	0	0	
0	0	0	0	0	0	0	0	0	14	0	0	8	0	3	0	1	7	0	0	0	3	0	6	0	0	0	0	
0	0	0	0	0	0	0	0	0	0	0	0	0	0	0	0	0	0	0	0	0	0	0	0	0	0	0	0	
0	0	0	0	0	0	0	0	0	0	0	0	0	0	0	0	0	0	0	0	0	0	0	0	0	0	0	0	
0	0	0	0	0	0	0	0	0	0	0	0	0	0	0	0	0	0	0	0	0	0	0	0	0	0	0	0	
0	0	0	0	0	0	0	0	0	0	0	0	0	0	0	0	0	0	0	0	0	0	0	0	0	0	0	0	
