0	0	0	0	0	0	0	0	4	0	3	3	0	3	3	0	0	8	7	15	0	13	0	3	0	0	0	0	
0	0	0	0	0	0	0	0	5	0	0	0	0	0	4	12	20	0	0	0	7	2	12	0	0	0	0	0	
0	0	0	0	0	0	0	0	2	1	4	8	3	0	0	0	0	6	0	12	0	0	0	6	0	0	0	0	
0	0	0	0	0	0	0	0	0	0	0	0	0	1	4	6	0	18	0	7	0	11	0	0	0	0	0	0	
0	0	0	0	0	0	0	0	4	8	2	1	9	3	0	4	2	14	47	14	1	0	22	1	0	0	0	0	
0	0	0	0	0	0	0	0	0	0	0	8	45	59	88	140	198	246	255	184	142	39	0	0	0	0	0	0	
0	0	0	0	0	0	0	0	0	51	120	189	246	252	242	255	252	255	255	246	255	207	36	7	0	0	0	0	
0	0	0	0	0	0	0	0	127	215	255	248	254	242	201	176	190	91	186	202	237	255	161	1	0	0	0	0	
0	2	5	2	0	0	0	0	250	251	146	45	45	32	0	11	0	0	14	0	169	255	244	7	0	0	0	0	
10	0	0	0	1	3	4	5	0	8	5	0	0	1	1	0	8	0	0	18	133	253	250	0	0	0	0	0	
6	0	0	2	7	0	0	0	0	0	2	11	0	6	15	1	0	18	3	0	133	247	176	0	0	0	0	0	
0	0	4	6	2	0	0	0	6	2	0	0	5	0	0	0	1	6	0	60	229	245	91	7	0	0	0	0	
0	4	3	0	0	2	7	3	0	1	3	4	0	0	0	17	12	0	57	250	210	100	6	0	0	0	0	0	
0	1	0	0	0	3	0	0	0	1	60	72	14	0	8	0	0	16	234	209	71	2	3	16	0	0	0	0	
0	0	1	7	3	0	2	17	31	97	206	255	247	255	255	241	158	185	253	46	0	4	0	0	0	0	0	0	
3	0	0	7	0	0	41	108	198	253	255	245	250	255	248	253	250	249	41	10	5	0	1	12	0	0	0	0	
10	0	0	0	0	94	225	255	255	231	215	135	114	200	247	255	250	255	199	5	3	0	5	0	0	0	0	0	
0	25	0	9	25	221	255	234	125	35	0	0	12	140	249	195	247	229	255	73	0	0	0	11	0	0	0	0	
0	0	7	0	176	255	236	108	4	4	0	23	156	194	75	0	79	255	242	242	25	0	0	0	0	0	0	0	
12	0	0	132	254	183	70	2	0	3	77	219	151	0	3	2	0	42	231	255	202	72	14	0	0	0	0	0	
0	29	0	240	246	139	0	0	26	156	181	57	0	8	2	0	5	0	105	255	239	222	194	0	0	0	0	0	
3	0	4	255	255	77	41	141	201	137	6	0	2	0	8	4	0	0	25	93	76	141	142	0	0	0	0	0	
2	4	0	126	233	255	234	183	33	0	10	8	3	17	0	0	9	0	0	5	0	0	0	18	0	0	0	0	
4	0	10	5	47	33	38	2	7	0	2	2	2	1	0	7	0	10	0	0	5	11	1	0	0	0	0	0	
0	0	0	0	0	0	0	0	0	0	0	0	0	0	0	0	0	0	0	0	0	0	0	0	0	0	0	0	
0	0	0	0	0	0	0	0	0	0	0	0	0	0	0	0	0	0	0	0	0	0	0	0	0	0	0	0	
0	0	0	0	0	0	0	0	0	0	0	0	0	0	0	0	0	0	0	0	0	0	0	0	0	0	0	0	
0	0	0	0	0	0	0	0	0	0	0	0	0	0	0	0	0	0	0	0	0	0	0	0	0	0	0	0	
