0	0	0	0	0	0	0	0	0	0	0	0	10	0	11	4	0	4	3	0	0	3	2	0	0	0	0	0	
0	0	0	0	0	0	0	0	7	0	6	19	0	7	0	0	1	1	1	6	7	2	0	0	0	0	0	0	
0	0	0	0	0	0	0	0	8	0	0	9	0	6	0	2	1	0	0	0	3	0	0	10	0	0	0	0	
0	0	0	0	0	0	0	0	0	9	0	0	15	0	1	7	0	4	8	0	10	0	0	1	0	0	0	0	
0	0	0	0	0	0	0	0	0	0	24	7	9	39	161	251	255	201	92	0	1	9	9	0	0	0	0	0	
0	0	0	0	0	0	0	0	9	17	108	144	126	211	241	255	255	255	171	20	0	0	4	8	0	0	0	0	
0	0	0	0	0	0	0	0	13	159	255	255	220	243	255	254	255	245	148	2	8	9	11	0	0	0	0	0	
0	0	0	0	0	0	0	0	42	255	248	221	251	175	172	86	177	212	170	31	9	0	1	6	0	0	0	0	
0	0	0	0	0	0	0	0	85	200	126	24	37	4	0	0	6	125	255	131	0	0	19	0	0	0	0	0	
0	0	0	0	0	0	0	0	60	27	2	0	0	29	0	7	57	255	191	0	21	0	0	0	0	0	0	0	
0	0	0	0	0	0	0	0	4	0	0	0	12	0	24	40	235	103	123	9	0	15	0	13	0	0	0	0	
0	0	0	0	0	0	0	0	0	7	15	0	0	14	0	39	239	81	1	4	17	0	3	3	0	0	0	0	
0	0	0	0	0	0	0	0	2	3	0	4	0	0	37	108	221	16	9	0	0	15	1	0	0	0	0	0	
0	0	0	0	0	0	0	0	0	6	1	2	0	19	219	250	135	0	0	9	4	2	0	8	0	0	0	0	
0	0	0	0	0	0	0	0	7	0	0	0	22	204	239	212	21	7	0	1	4	6	2	0	0	0	0	0	
0	0	0	0	0	0	0	0	0	10	0	0	145	251	180	33	0	0	0	0	1	7	0	9	0	0	0	0	
0	0	0	0	0	0	0	0	0	0	0	117	246	235	59	0	0	0	4	14	0	0	4	3	0	0	0	0	
0	0	0	0	0	0	0	0	18	1	39	216	250	64	2	7	8	1	0	0	9	15	6	0	0	0	0	0	
0	0	0	0	0	0	0	0	0	0	179	242	193	0	0	8	0	8	10	0	0	4	0	0	0	0	0	0	
0	0	0	0	0	0	0	0	0	26	188	255	121	0	5	0	17	0	0	12	5	0	0	7	0	0	0	0	
0	0	0	0	0	0	0	0	0	0	189	255	225	182	166	69	63	61	70	70	50	68	65	0	0	0	0	0	
0	0	0	0	0	0	0	0	0	5	220	243	240	254	252	244	254	255	244	249	248	255	211	32	0	0	0	0	
0	0	0	0	0	0	0	0	0	17	48	254	255	253	242	255	249	250	206	251	201	85	97	76	0	0	0	0	
0	0	0	0	0	0	0	0	0	0	5	11	67	29	127	194	225	168	1	29	58	0	14	4	0	0	0	0	
0	0	0	0	0	0	0	0	0	0	0	0	0	0	0	0	0	0	0	0	0	0	0	0	0	0	0	0	
0	0	0	0	0	0	0	0	0	0	0	0	0	0	0	0	0	0	0	0	0	0	0	0	0	0	0	0	
0	0	0	0	0	0	0	0	0	0	0	0	0	0	0	0	0	0	0	0	0	0	0	0	0	0	0	0	
0	0	0	0	0	0	0	0	0	0	0	0	0	0	0	0	0	0	0	0	0	0	0	0	0	0	0	0	
