0	0	0	0	0	0	0	0	0	6	3	0	0	6	2	0	3	0	14	0	3	0	10	0	0	0	0	0	
0	0	0	0	0	0	0	0	0	6	3	0	0	0	0	0	8	0	4	7	0	9	0	0	0	0	0	0	
0	0	0	0	0	0	0	0	2	3	0	0	3	0	0	8	17	0	0	0	0	4	0	8	0	0	0	0	
0	0	0	0	0	0	0	0	0	0	0	0	5	4	0	4	0	0	15	3	13	0	10	0	0	0	0	0	
0	0	0	0	0	0	0	0	0	1	0	0	5	4	0	0	10	6	0	29	125	120	125	3	0	0	0	0	
0	0	0	0	0	0	0	0	0	4	4	1	1	0	1	17	28	117	147	227	255	243	231	125	0	0	0	0	
0	0	0	0	0	0	0	0	0	1	5	6	0	0	56	135	224	255	253	255	249	255	255	231	0	0	0	0	
0	0	0	0	0	0	0	0	1	0	0	5	0	8	120	255	255	243	255	215	244	248	249	210	0	0	0	0	
0	0	0	0	2	4	1	0	0	0	6	0	6	43	132	255	255	255	253	223	245	255	247	118	0	0	0	0	
0	0	1	0	0	0	0	0	11	5	7	1	5	213	255	244	240	246	255	247	255	250	248	96	0	0	0	0	
0	1	2	0	0	0	3	2	0	0	6	12	0	174	206	151	80	93	104	255	246	250	147	0	0	0	0	0	
0	1	0	0	0	4	6	4	11	3	4	0	0	0	2	6	0	6	158	255	255	230	50	0	0	0	0	0	
2	0	0	3	3	0	0	0	0	7	20	86	146	30	6	0	12	36	212	255	234	237	0	7	0	0	0	0	
2	0	1	7	0	0	0	20	102	227	248	255	255	248	205	76	0	92	255	252	240	34	0	6	0	0	0	0	
1	0	1	6	0	0	61	137	248	255	241	255	230	252	254	255	139	219	237	255	164	0	8	0	0	0	0	0	
0	0	0	1	0	18	136	255	255	244	182	138	153	255	249	250	250	251	255	138	0	18	0	6	0	0	0	0	
4	3	5	0	0	153	250	251	250	158	4	13	0	88	255	248	242	255	212	56	0	0	3	0	0	0	0	0	
0	0	2	2	40	239	253	251	155	7	9	0	0	57	236	255	255	242	43	0	9	0	0	26	0	0	0	0	
21	0	15	0	218	255	247	159	11	3	0	6	76	234	234	255	242	231	89	0	0	1	11	0	0	0	0	0	
1	8	1	0	255	241	185	0	0	30	83	189	255	248	242	184	255	255	184	26	4	0	3	9	0	0	0	0	
0	2	0	9	255	246	221	110	190	169	244	250	255	229	50	2	215	253	255	169	8	0	0	4	0	0	0	0	
15	0	8	0	173	247	251	244	238	255	255	244	220	41	0	0	76	215	233	238	196	66	0	4	0	0	0	0	
0	9	0	0	41	239	239	255	246	225	141	100	0	10	19	0	7	0	23	118	171	42	5	0	0	0	0	0	
16	0	3	9	0	0	51	112	33	0	14	0	10	2	0	5	2	0	1	13	0	0	0	13	0	0	0	0	
0	0	0	0	0	0	0	0	0	0	0	0	0	0	0	0	0	0	0	0	0	0	0	0	0	0	0	0	
0	0	0	0	0	0	0	0	0	0	0	0	0	0	0	0	0	0	0	0	0	0	0	0	0	0	0	0	
0	0	0	0	0	0	0	0	0	0	0	0	0	0	0	0	0	0	0	0	0	0	0	0	0	0	0	0	
0	0	0	0	0	0	0	0	0	0	0	0	0	0	0	0	0	0	0	0	0	0	0	0	0	0	0	0	
