0	0	0	0	0	0	0	0	3	1	0	0	0	18	0	0	0	18	0	1	7	4	0	3	0	0	0	0	
0	0	0	0	0	0	0	0	1	0	9	5	0	0	0	6	10	0	6	9	0	0	3	1	0	0	0	0	
0	0	0	0	0	0	0	0	9	0	10	10	0	0	0	0	13	0	0	0	9	5	10	0	0	0	0	0	
0	0	0	0	0	0	0	0	7	0	3	0	3	8	9	5	0	10	13	0	2	0	0	6	0	0	0	0	
0	0	0	0	0	0	0	0	0	136	251	228	240	243	244	254	255	228	120	46	0	14	0	6	0	0	0	0	
0	0	0	0	0	0	0	0	8	179	255	215	214	248	241	226	222	247	255	249	58	0	0	0	0	0	0	0	
0	0	0	0	0	0	0	0	0	104	186	118	10	0	0	1	0	22	122	255	116	6	10	0	0	0	0	0	
0	0	0	0	0	0	0	0	9	0	28	52	0	2	1	1	3	0	77	255	193	20	0	0	0	0	0	0	
0	0	0	0	0	0	0	0	0	0	13	10	0	16	0	0	0	34	225	255	141	0	0	8	0	0	0	0	
0	0	0	0	0	0	0	0	4	1	0	0	14	0	4	2	0	93	255	209	23	12	0	0	0	0	0	0	
0	0	0	0	0	0	0	0	3	0	0	0	6	0	7	0	132	231	255	89	16	4	0	0	0	0	0	0	
0	0	0	0	0	0	0	0	0	2	12	0	0	16	0	79	227	237	63	2	0	1	0	7	0	0	0	0	
0	0	0	0	0	0	0	0	0	7	0	0	11	0	12	236	255	155	0	15	0	0	9	0	0	0	0	0	
0	0	0	0	0	0	0	0	6	0	0	3	0	8	174	255	91	13	0	0	9	0	13	4	0	0	0	0	
0	0	0	0	0	0	0	0	2	0	6	5	0	124	255	134	0	11	4	3	0	9	0	0	0	0	0	0	
0	0	0	0	0	0	0	0	0	12	0	0	75	251	223	6	6	0	2	0	8	0	24	0	0	0	0	0	
0	5	5	10	0	4	2	0	0	18	0	73	254	242	38	0	0	0	0	0	0	4	0	0	0	0	0	0	
0	7	0	0	15	0	0	0	9	0	69	247	219	26	23	0	6	2	6	1	2	0	0	3	0	0	0	0	
0	1	2	0	8	0	14	2	0	73	174	255	69	0	0	0	2	0	0	0	16	0	3	2	0	0	0	0	
4	0	13	4	0	0	11	0	28	198	255	129	16	41	65	76	158	178	221	177	118	10	0	1	0	0	0	0	
9	0	3	3	0	13	0	28	190	254	248	211	204	223	254	255	255	248	255	183	112	3	0	0	0	0	0	0	
1	9	0	0	7	7	10	179	232	255	255	249	245	255	158	138	116	65	31	0	12	0	2	0	0	0	0	0	
0	18	0	0	0	0	84	255	255	242	227	32	30	24	0	7	5	0	0	0	6	0	3	3	0	0	0	0	
0	3	0	8	0	1	139	190	122	55	2	0	9	0	13	0	0	0	0	0	0	2	0	0	0	0	0	0	
0	0	0	0	0	0	0	0	0	0	0	0	0	0	0	0	0	0	0	0	0	0	0	0	0	0	0	0	
0	0	0	0	0	0	0	0	0	0	0	0	0	0	0	0	0	0	0	0	0	0	0	0	0	0	0	0	
0	0	0	0	0	0	0	0	0	0	0	0	0	0	0	0	0	0	0	0	0	0	0	0	0	0	0	0	
0	0	0	0	0	0	0	0	0	0	0	0	0	0	0	0	0	0	0	0	0	0	0	0	0	0	0	0	
