0	0	0	0	0	0	0	0	0	0	13	0	0	14	0	0	2	0	0	2	1	2	0	11	0	0	0	0	
0	0	0	0	0	0	0	0	17	0	1	0	0	0	0	4	0	0	23	5	0	5	22	0	0	0	0	0	
0	0	0	0	0	0	0	0	0	0	6	10	5	0	0	9	3	0	0	0	6	0	0	12	0	0	0	0	
0	0	0	0	0	0	0	0	8	4	2	0	3	7	0	0	0	25	0	0	4	16	0	3	0	0	0	0	
0	0	0	0	0	0	0	0	2	0	0	0	0	0	0	5	4	0	0	11	0	4	5	0	0	0	0	0	
0	0	0	0	0	0	0	0	0	4	53	162	246	255	255	248	151	56	10	0	0	0	8	9	0	0	0	0	
0	0	0	0	0	0	0	0	0	113	221	255	255	231	249	255	255	242	152	56	0	8	6	0	0	0	0	0	
0	0	0	0	0	0	0	0	149	243	255	207	138	106	95	47	215	255	250	228	0	0	0	2	0	0	0	0	
10	0	10	0	0	12	0	220	237	222	112	5	0	12	0	1	41	213	251	255	83	16	0	0	0	0	0	0	
0	6	0	0	14	0	108	248	167	36	0	14	3	0	0	9	0	59	255	255	156	0	9	11	0	0	0	0	
0	3	0	3	0	49	245	153	37	1	0	0	0	7	10	0	0	37	246	246	242	98	26	3	0	0	0	0	
10	0	3	0	0	129	202	23	0	7	10	4	4	0	0	3	0	63	248	254	255	157	29	0	0	0	0	0	
0	1	0	0	5	85	32	4	9	0	0	5	1	0	4	8	1	19	255	247	203	1	7	10	0	0	0	0	
0	1	2	0	13	6	0	16	0	16	5	0	0	2	0	0	52	185	253	187	5	13	0	0	0	0	0	0	
5	0	5	0	0	0	11	0	0	11	1	0	7	0	20	97	230	248	247	104	26	0	0	17	0	0	0	0	
0	5	0	0	5	7	0	0	10	0	4	8	0	55	177	240	255	243	255	95	0	0	11	0	0	0	0	0	
0	0	0	0	0	0	0	0	0	0	0	3	65	249	247	215	230	255	238	24	0	4	0	9	0	0	0	0	
0	0	0	0	0	0	0	0	12	0	22	90	217	255	185	31	191	222	187	0	9	9	0	0	0	0	0	0	
0	0	0	0	0	0	0	0	0	7	120	230	255	102	11	44	217	237	52	1	3	0	8	0	0	0	0	0	
0	0	0	0	0	0	0	0	7	71	243	250	77	0	11	144	255	195	0	9	1	0	7	4	0	0	0	0	
0	0	0	0	0	0	0	0	13	157	255	189	1	12	76	242	203	45	3	0	12	8	0	4	0	0	0	0	
0	0	0	0	0	0	0	0	95	249	255	160	21	130	255	251	72	0	11	0	0	11	0	0	0	0	0	0	
0	0	0	0	0	0	0	0	104	255	247	255	255	255	232	132	0	12	0	17	0	0	3	1	0	0	0	0	
0	0	0	0	0	0	0	0	37	234	248	251	252	249	128	0	0	10	1	0	10	0	0	4	0	0	0	0	
0	0	0	0	0	0	0	0	0	44	131	179	130	34	0	3	0	0	0	0	0	0	0	0	0	0	0	0	
0	0	0	0	0	0	0	0	11	0	0	9	9	0	0	9	0	0	0	0	0	0	0	0	0	0	0	0	
0	0	0	0	0	0	0	0	0	0	0	0	0	5	1	0	0	0	0	0	0	0	0	0	0	0	0	0	
0	0	0	0	0	0	0	0	0	9	16	8	1	1	0	0	0	0	0	0	0	0	0	0	0	0	0	0	
