0	0	0	0	0	0	0	0	4	0	2	0	1	3	0	4	0	15	0	0	12	0	1	0	0	0	0	0	
0	0	0	0	0	0	0	0	0	12	0	0	3	3	2	0	0	0	0	20	0	5	0	9	0	0	0	0	
0	0	0	0	0	0	0	0	0	13	0	1	13	0	0	3	4	0	2	2	2	10	8	0	0	0	0	0	
0	0	0	0	0	0	0	0	0	1	0	10	79	175	240	255	255	255	144	16	0	0	0	14	0	0	0	0	
0	0	0	0	0	0	0	0	6	0	90	208	255	255	235	255	238	255	249	241	52	17	25	0	0	0	0	0	
0	0	0	0	0	0	0	0	0	132	255	255	245	253	217	176	189	234	255	252	136	1	0	2	0	0	0	0	
0	0	0	0	0	0	0	0	9	227	241	127	61	25	14	0	3	24	217	248	247	48	4	0	0	0	0	0	
0	0	0	0	0	0	0	0	0	228	135	9	10	0	10	3	0	0	236	255	232	60	1	2	0	0	0	0	
0	0	0	0	0	0	0	0	8	158	65	0	8	10	0	6	0	8	232	248	252	54	2	0	0	0	0	0	
0	0	0	0	0	0	0	0	0	39	6	3	0	0	1	0	30	0	191	255	217	2	8	0	0	0	0	0	
0	0	0	0	0	0	0	0	0	14	0	0	10	7	0	23	0	90	255	251	126	0	8	0	0	0	0	0	
0	0	0	0	0	0	0	0	5	0	2	7	0	13	0	0	20	240	230	255	68	4	0	0	0	0	0	0	
0	0	0	0	0	0	0	0	8	0	2	9	0	4	0	17	176	255	255	186	25	8	0	5	0	0	0	0	
0	0	0	0	0	0	0	0	0	9	0	1	1	0	22	176	255	252	243	25	0	5	0	5	0	0	0	0	
0	0	0	0	0	0	0	0	4	0	0	13	0	53	165	252	244	198	11	6	4	1	6	0	0	0	0	0	
0	0	0	0	0	0	0	0	0	15	0	0	53	196	255	247	192	11	0	0	4	0	1	1	0	0	0	0	
4	0	0	10	0	2	0	0	13	0	19	75	234	255	248	172	7	0	3	1	0	4	2	0	0	0	0	0	
3	0	10	4	0	6	0	0	0	53	161	251	255	255	155	13	0	10	5	0	5	0	0	18	0	0	0	0	
0	13	0	8	7	0	0	3	87	244	244	255	251	197	55	78	83	80	63	93	90	32	5	0	0	0	0	0	
0	3	6	0	0	0	19	175	255	253	250	255	245	255	255	255	248	255	251	250	245	255	204	0	0	0	0	0	
0	21	0	6	4	42	156	244	233	253	255	246	255	253	250	247	255	255	246	255	246	250	194	9	0	0	0	0	
12	0	5	0	11	189	255	255	255	250	255	255	217	199	204	208	198	206	135	105	168	217	146	0	0	0	0	0	
3	3	0	4	0	134	255	233	190	91	48	55	14	7	14	0	0	13	0	0	6	0	0	11	0	0	0	0	
0	0	0	5	0	0	0	17	0	1	13	0	0	0	5	0	7	0	2	4	0	2	0	0	0	0	0	0	
0	0	0	0	0	0	0	0	0	0	0	0	0	0	0	0	0	0	0	0	0	0	0	0	0	0	0	0	
0	0	0	0	0	0	0	0	0	0	0	0	0	0	0	0	0	0	0	0	0	0	0	0	0	0	0	0	
0	0	0	0	0	0	0	0	0	0	0	0	0	0	0	0	0	0	0	0	0	0	0	0	0	0	0	0	
0	0	0	0	0	0	0	0	0	0	0	0	0	0	0	0	0	0	0	0	0	0	0	0	0	0	0	0	
