0	0	0	0	0	0	0	0	0	8	0	4	0	11	0	0	0	0	0	0	0	0	0	0	0	0	0	0	
0	0	0	0	0	0	0	0	0	0	2	9	1	0	10	0	0	0	0	0	0	0	0	0	0	0	0	0	
0	0	0	0	0	0	0	0	0	27	0	7	0	8	0	0	0	0	0	0	0	0	0	0	0	0	0	0	
0	0	0	0	0	0	0	0	33	220	253	140	118	13	0	6	0	0	0	0	0	0	0	0	0	0	0	0	
0	0	0	0	0	0	0	0	16	225	253	247	249	220	68	0	0	0	0	0	0	0	0	0	0	0	0	0	
0	0	0	0	0	0	0	0	0	41	64	54	132	229	228	139	0	0	0	0	0	0	0	0	0	0	0	0	
0	0	0	0	0	0	0	0	3	0	0	5	10	211	246	215	0	0	0	0	0	0	0	0	0	0	0	0	
0	0	0	0	0	0	0	0	0	2	7	0	0	199	243	244	0	0	0	0	0	0	0	0	0	0	0	0	
0	0	0	0	1	0	0	0	4	0	0	0	23	247	254	234	0	0	0	0	0	0	0	0	0	0	0	0	
0	0	0	0	0	1	1	1	0	26	0	2	112	250	231	225	0	0	0	0	0	0	0	0	0	0	0	0	
0	0	0	0	0	0	2	4	0	8	0	25	242	239	255	170	0	0	0	0	0	0	0	0	0	0	0	0	
0	0	0	0	0	0	0	1	11	0	15	163	255	252	183	0	0	0	0	0	0	0	0	0	0	0	0	0	
0	0	2	2	0	0	0	0	0	27	133	241	255	229	67	0	0	0	0	0	0	0	0	0	0	0	0	0	
0	0	3	2	0	0	0	0	3	179	255	255	251	85	0	8	0	0	0	0	0	0	0	0	0	0	0	0	
0	1	2	0	0	0	4	9	42	250	238	255	140	21	0	5	0	0	0	0	0	0	0	0	0	0	0	0	
0	2	1	0	0	0	10	19	255	253	255	209	0	3	4	0	0	0	0	0	0	0	0	0	0	0	0	0	
0	2	6	3	0	0	10	20	255	254	255	31	5	0	0	0	0	0	2	3	0	0	4	0	0	0	3	4	
0	2	4	1	0	0	4	11	183	230	185	0	0	8	11	0	1	0	0	6	2	0	3	4	0	0	0	0	
1	1	2	0	0	0	0	1	78	255	181	6	0	3	0	3	1	4	9	2	0	0	7	0	9	12	10	1	
1	0	0	0	0	0	0	0	1	182	244	179	40	0	13	4	14	0	0	0	0	0	0	0	0	0	0	3	
0	0	0	0	3	3	1	0	0	37	165	255	224	167	169	148	51	56	109	169	173	150	160	188	170	88	13	0	
0	0	0	1	3	4	3	1	7	1	31	104	232	255	250	255	255	255	255	249	243	251	255	242	255	149	34	0	
0	0	1	1	1	1	2	2	3	0	6	0	11	70	139	133	137	219	255	227	156	139	149	143	62	25	0	0	
0	1	2	0	0	0	0	2	0	6	0	10	3	0	10	0	4	0	0	5	0	0	0	0	0	0	3	0	
0	0	0	0	0	0	0	0	0	0	0	0	0	0	0	0	0	0	0	0	0	0	0	0	0	0	0	0	
0	0	0	0	0	0	0	0	0	0	0	0	0	0	0	0	0	0	0	0	0	0	0	0	0	0	0	0	
0	0	0	0	0	0	0	0	0	0	0	0	0	0	0	0	0	0	0	0	0	0	0	0	0	0	0	0	
0	0	0	0	0	0	0	0	0	0	0	0	0	0	0	0	0	0	0	0	0	0	0	0	0	0	0	0	
