7	0	0	0	0	0	0	6	0	0	4	5	2	0	0	0	0	5	1	0	2	0	0	6	0	0	0	0	
0	1	0	0	0	3	2	0	0	0	0	0	0	0	0	4	11	7	1	2	6	0	0	6	0	0	0	0	
0	2	4	0	0	6	3	0	3	5	2	3	7	0	0	2	0	0	0	2	3	2	0	0	0	0	0	0	
0	1	3	0	0	0	2	3	0	1	0	0	1	0	0	11	7	0	8	6	0	0	5	5	0	0	0	0	
0	0	0	3	0	0	6	29	121	177	233	255	252	152	36	0	11	0	0	14	3	0	1	7	0	0	0	0	
2	0	0	6	1	0	11	42	246	254	239	237	254	244	241	255	127	41	0	0	12	9	0	0	0	0	0	0	
1	0	0	4	2	0	5	22	69	67	36	32	75	107	155	230	254	193	89	6	0	2	6	1	0	0	0	0	
0	0	0	0	0	0	0	0	0	14	0	0	13	0	0	40	146	240	226	89	0	0	7	0	0	0	0	0	
0	0	0	0	0	0	0	0	0	11	0	0	0	0	12	0	10	134	250	245	49	4	0	0	0	0	0	0	
0	0	0	0	0	0	0	0	8	0	9	0	6	5	0	6	31	247	255	241	53	0	27	0	0	0	0	0	
0	0	0	0	0	0	0	0	0	0	15	6	0	15	2	0	240	239	255	157	0	16	0	0	0	0	0	0	
0	0	0	0	0	0	0	0	0	23	0	10	8	0	33	164	255	253	223	5	19	0	0	6	0	0	0	0	
0	0	0	0	0	0	0	0	4	1	5	0	1	9	161	253	249	197	56	8	0	13	0	8	0	0	0	0	
0	0	0	0	0	0	0	0	0	5	0	18	0	204	253	254	255	0	7	0	0	0	5	0	0	0	0	0	
0	0	0	0	0	0	0	0	15	0	2	31	188	255	254	247	49	0	11	0	14	0	3	0	0	0	0	0	
0	0	0	0	0	0	0	0	3	0	48	238	235	255	186	61	4	0	6	0	0	0	1	0	0	0	0	0	
1	0	0	0	0	1	2	3	0	17	171	255	253	172	46	11	0	5	0	0	13	0	0	9	0	0	0	0	
1	0	0	0	0	0	0	1	0	58	239	241	187	23	2	0	7	5	0	7	0	0	0	0	0	0	0	0	
0	0	0	0	0	0	0	0	33	214	255	192	0	3	11	3	0	0	0	0	0	0	13	6	0	0	0	0	
0	0	0	0	0	0	1	2	125	255	255	161	9	4	0	3	0	0	8	5	4	0	0	0	0	0	0	0	
0	0	0	0	1	3	4	5	182	255	219	36	5	0	0	12	0	4	0	0	0	12	8	10	0	0	0	0	
0	0	0	0	1	3	5	6	219	255	199	112	96	101	106	209	169	130	222	217	212	178	210	119	0	0	0	0	
0	0	0	0	0	0	1	2	110	242	255	238	253	250	252	248	245	255	215	80	155	41	8	14	0	0	0	0	
2	1	0	0	0	0	0	0	0	96	132	166	162	121	144	131	15	8	1	10	0	10	8	0	0	0	0	0	
0	0	0	0	0	0	0	0	0	0	0	0	0	0	0	0	0	0	0	0	0	0	0	0	0	0	0	0	
0	0	0	0	0	0	0	0	0	0	0	0	0	0	0	0	0	0	0	0	0	0	0	0	0	0	0	0	
0	0	0	0	0	0	0	0	0	0	0	0	0	0	0	0	0	0	0	0	0	0	0	0	0	0	0	0	
0	0	0	0	0	0	0	0	0	0	0	0	0	0	0	0	0	0	0	0	0	0	0	0	0	0	0	0	
