0	0	0	0	0	0	0	0	7	0	1	8	0	0	2	0	0	17	0	0	0	0	8	0	0	0	0	0	
0	0	0	0	0	0	0	0	7	0	0	1	8	0	0	14	1	0	0	0	4	8	0	0	0	0	0	0	
0	0	0	0	0	0	0	0	0	2	6	0	0	100	108	0	14	0	9	8	0	2	0	7	0	0	0	0	
0	0	0	0	0	0	0	0	10	51	163	236	225	236	255	228	80	9	0	0	0	0	0	12	0	0	0	0	
0	0	0	0	0	0	0	0	0	164	255	252	254	252	240	254	254	136	14	0	10	2	1	0	0	0	0	0	
0	0	0	0	0	0	0	0	10	168	227	154	93	74	102	163	255	197	58	0	0	0	14	4	0	0	0	0	
0	0	0	0	0	0	0	0	0	16	39	21	0	0	5	0	241	255	208	66	0	0	0	1	0	0	0	0	
0	0	0	0	0	0	0	0	4	5	0	0	7	4	0	4	118	249	252	83	1	13	0	0	0	0	0	0	
0	0	4	8	1	9	3	2	2	9	0	0	4	1	0	2	11	222	255	82	0	8	0	0	0	0	0	0	
8	2	0	0	2	0	3	0	0	0	0	5	12	4	0	6	0	223	251	87	0	7	0	5	0	0	0	0	
0	5	0	0	18	0	14	3	5	0	0	0	0	0	0	3	3	224	244	90	0	3	2	3	0	0	0	0	
0	5	5	0	3	0	0	1	7	1	0	0	1	5	9	9	65	236	255	86	0	1	0	0	0	0	0	0	
1	0	2	0	0	9	0	7	0	0	1	1	5	4	0	0	173	255	255	65	7	2	0	3	0	0	0	0	
4	0	3	5	0	9	1	0	0	11	2	0	0	0	7	50	252	255	197	28	0	0	0	6	0	0	0	0	
6	0	6	0	0	0	72	58	50	54	28	10	2	0	31	152	255	229	92	3	0	0	3	0	0	0	0	0	
0	0	2	0	12	10	239	255	254	250	206	167	120	48	101	255	244	205	14	1	0	3	13	0	0	0	0	0	
2	6	0	0	6	3	245	255	255	248	253	255	243	251	254	254	255	162	0	2	0	0	2	1	4	0	4	0	
5	0	8	13	0	0	255	194	31	0	87	240	252	249	255	255	252	202	110	38	20	6	91	118	102	13	5	5	
0	0	6	0	0	0	255	208	26	0	1	137	255	255	230	255	248	255	255	216	231	210	255	244	255	202	0	3	
7	9	10	0	14	9	180	244	210	207	195	217	238	255	230	191	191	245	255	255	243	253	255	247	216	125	9	14	
0	0	0	0	3	0	18	118	215	255	254	252	253	245	131	14	14	71	116	208	235	242	157	82	36	0	0	0	
7	0	12	8	3	11	0	15	32	112	120	122	124	81	0	0	0	0	7	5	0	0	3	10	0	21	0	0	
3	0	0	0	0	7	0	0	10	0	0	12	0	1	6	0	6	0	4	0	3	0	1	0	5	0	29	15	
0	11	0	0	7	0	6	8	0	11	0	2	0	2	0	9	0	0	3	0	0	4	0	0	0	19	0	2	
0	0	0	0	0	0	0	0	0	0	0	0	0	0	0	0	0	0	0	0	0	0	0	0	0	0	0	0	
0	0	0	0	0	0	0	0	0	0	0	0	0	0	0	0	0	0	0	0	0	0	0	0	0	0	0	0	
0	0	0	0	0	0	0	0	0	0	0	0	0	0	0	0	0	0	0	0	0	0	0	0	0	0	0	0	
0	0	0	0	0	0	0	0	0	0	0	0	0	0	0	0	0	0	0	0	0	0	0	0	0	0	0	0	
