0	0	0	0	0	0	0	0	0	8	0	8	0	2	0	7	2	0	3	10	3	0	0	0	0	0	0	0	
0	0	0	0	0	0	0	0	0	2	0	0	1	14	3	0	6	0	12	0	0	0	22	0	0	0	0	0	
0	0	0	0	0	0	0	0	1	1	3	1	0	0	0	5	0	0	0	9	0	3	4	0	0	0	0	0	
0	0	0	0	0	0	0	0	4	0	1	0	0	3	3	0	0	4	5	0	5	0	2	1	0	0	0	0	
0	0	0	0	0	0	0	0	2	0	0	0	3	73	185	255	255	255	209	27	7	0	14	2	0	0	0	0	
0	0	0	0	0	0	0	0	0	1	0	30	98	235	255	234	248	255	250	135	12	15	0	2	0	0	0	0	
0	0	0	0	0	0	0	0	28	0	9	188	236	255	243	255	255	216	255	228	0	10	0	16	0	0	0	0	
0	0	0	0	0	0	0	0	0	15	91	244	248	255	239	231	78	29	241	213	0	0	13	0	0	0	0	0	
0	0	0	0	0	0	0	0	11	0	180	255	250	244	246	89	0	28	247	242	13	0	3	6	0	0	0	0	
0	0	0	0	0	0	0	0	0	0	105	255	241	142	107	0	0	36	255	215	19	9	0	0	0	0	0	0	
0	0	0	0	0	0	0	0	0	3	0	64	45	0	3	6	9	116	255	212	6	11	0	0	0	0	0	0	
0	0	0	0	0	0	0	0	1	0	0	0	10	20	0	5	0	214	253	235	0	0	8	2	0	0	0	0	
0	0	0	0	0	0	0	0	5	0	11	0	1	7	0	8	17	246	255	206	6	0	3	0	0	0	0	0	
0	0	0	0	0	0	0	0	0	9	10	0	0	0	6	0	126	245	255	102	7	2	0	0	0	0	0	0	
0	0	0	0	0	0	0	0	0	1	0	4	7	5	2	14	233	250	234	15	0	0	0	5	0	0	0	0	
0	0	0	0	0	0	0	0	1	15	93	162	99	31	0	132	250	250	192	0	5	0	4	0	0	0	0	0	
0	2	3	0	7	0	0	4	133	239	245	245	255	236	211	243	255	233	30	11	4	0	7	2	0	0	0	0	
1	1	0	2	2	0	0	76	242	255	255	255	249	251	242	255	252	176	0	0	0	0	7	0	0	0	0	0	
2	1	0	4	0	0	3	163	242	237	53	39	83	255	252	254	250	210	44	0	9	7	0	9	0	0	0	0	
0	1	0	4	0	3	4	193	251	181	14	0	132	245	252	240	226	255	242	157	45	26	8	0	0	0	0	0	
0	2	0	0	0	11	0	145	250	212	0	127	255	238	255	40	51	187	255	255	255	218	76	3	0	0	0	0	
1	1	0	0	0	9	0	63	244	255	193	252	249	255	118	0	0	5	89	167	227	242	120	0	0	0	0	0	
4	0	3	2	0	3	0	9	194	225	255	250	244	132	5	0	16	9	0	0	19	27	0	0	0	0	0	0	
6	0	4	9	0	1	10	0	0	115	235	182	83	0	0	3	0	0	11	6	0	0	2	10	0	0	0	0	
0	0	0	0	0	0	0	0	0	0	0	0	0	0	0	0	0	0	0	0	0	0	0	0	0	0	0	0	
0	0	0	0	0	0	0	0	0	0	0	0	0	0	0	0	0	0	0	0	0	0	0	0	0	0	0	0	
0	0	0	0	0	0	0	0	0	0	0	0	0	0	0	0	0	0	0	0	0	0	0	0	0	0	0	0	
0	0	0	0	0	0	0	0	0	0	0	0	0	0	0	0	0	0	0	0	0	0	0	0	0	0	0	0	
