0	14	0	0	2	0	5	0	0	14	0	1	0	8	5	0	8	0	1	5	0	8	0	2	0	0	0	0	
0	2	0	4	10	0	6	0	3	0	4	6	0	0	0	2	0	3	0	0	1	6	0	0	0	0	0	0	
5	0	0	8	4	0	1	0	2	0	8	0	3	1	10	0	0	19	0	0	6	0	0	0	0	0	0	0	
4	0	1	5	0	0	4	2	0	5	0	5	19	0	0	7	0	0	0	0	4	0	1	3	0	0	0	0	
0	0	2	0	0	7	7	1	0	141	150	184	214	180	127	65	53	1	0	5	2	2	3	0	0	0	0	0	
3	0	0	0	4	9	0	0	38	244	255	251	249	255	255	247	209	112	6	2	0	5	5	0	0	0	0	0	
3	4	1	0	4	0	0	48	243	255	242	255	255	252	241	255	255	231	22	2	0	0	7	0	0	0	0	0	
0	4	9	0	5	0	16	138	255	255	255	153	81	64	77	110	234	255	12	8	6	0	10	0	0	0	0	0	
0	2	6	0	13	0	46	247	255	240	246	60	0	0	13	0	111	255	142	1	0	5	7	0	0	0	0	0	
7	0	0	0	4	0	65	255	255	238	42	2	20	1	0	0	26	255	229	50	0	0	1	0	0	0	0	0	
4	0	0	0	2	0	38	170	181	60	0	0	0	1	1	0	0	234	255	56	1	0	3	5	0	0	0	0	
0	0	10	0	0	4	0	22	22	0	8	2	9	0	0	17	8	191	246	41	8	3	1	7	0	0	0	0	
3	0	5	0	0	6	0	0	0	0	0	14	0	11	0	0	0	163	255	53	9	0	0	4	0	0	0	0	
3	0	0	5	0	0	2	6	5	5	4	0	0	7	0	9	19	181	255	57	0	0	0	0	0	0	0	0	
0	0	0	10	3	0	0	6	0	0	0	19	3	35	166	95	138	232	254	49	0	4	6	0	0	0	0	0	
2	4	0	0	0	3	7	0	0	8	0	0	33	225	241	255	239	255	246	60	4	0	0	1	0	0	0	0	
0	0	0	0	0	0	0	0	0	3	0	112	200	253	241	253	255	255	249	205	56	0	14	0	12	0	8	0	
0	0	0	0	0	0	0	0	21	0	111	255	254	253	237	242	250	254	240	255	248	44	8	0	0	6	6	0	
0	0	0	0	0	0	0	0	0	40	243	255	253	254	247	255	255	237	199	232	253	174	0	13	0	11	0	0	
0	0	0	0	0	0	0	0	16	144	251	127	185	255	255	253	239	64	18	114	217	238	165	0	14	7	0	0	
0	0	0	0	0	0	0	0	0	192	255	220	251	255	195	176	75	16	0	0	120	255	230	21	1	0	19	5	
0	0	0	0	0	0	0	0	0	249	244	255	239	180	0	2	0	7	6	7	66	222	241	255	222	12	0	10	
0	0	0	0	0	0	0	0	12	249	240	255	255	205	10	0	9	0	0	0	0	51	215	141	29	0	14	5	
0	0	0	0	0	0	0	0	0	147	212	155	89	31	2	0	0	5	0	16	4	0	3	0	0	0	0	0	
0	0	0	0	0	0	0	0	0	0	0	0	0	0	0	0	0	0	0	0	0	0	0	0	0	0	0	0	
0	0	0	0	0	0	0	0	0	0	0	0	0	0	0	0	0	0	0	0	0	0	0	0	0	0	0	0	
0	0	0	0	0	0	0	0	0	0	0	0	0	0	0	0	0	0	0	0	0	0	0	0	0	0	0	0	
0	0	0	0	0	0	0	0	0	0	0	0	0	0	0	0	0	0	0	0	0	0	0	0	0	0	0	0	
