0	4	8	0	4	0	8	0	4	2	0	1	4	0	5	4	0	0	0	0	3	8	7	0	0	0	0	0	
4	0	1	1	2	0	10	0	1	6	0	4	0	0	0	0	7	0	6	25	0	0	16	0	0	0	0	0	
11	0	8	6	0	0	14	0	0	0	0	4	10	7	11	0	0	16	0	0	22	7	0	0	0	0	0	0	
6	0	5	0	0	2	0	0	0	12	3	0	0	0	5	4	0	0	18	0	0	0	13	0	0	0	0	0	
0	0	0	0	15	6	0	43	98	131	169	229	255	255	247	209	162	55	42	3	8	0	0	0	0	0	0	0	
0	6	0	0	7	0	17	190	252	255	254	255	254	244	255	255	252	255	223	63	0	11	0	6	0	0	0	0	
0	7	6	3	0	0	27	209	251	253	224	177	108	70	116	165	255	255	252	233	21	0	2	7	0	0	0	0	
3	0	0	0	2	11	0	69	172	95	7	0	4	2	6	0	30	218	250	255	16	2	0	0	0	0	0	0	
0	0	0	0	0	0	0	0	4	0	0	5	0	0	5	2	4	49	255	255	17	1	1	3	0	0	0	0	
0	0	0	0	0	0	0	0	0	6	0	0	14	8	0	4	0	106	255	243	13	0	8	0	0	0	0	0	
0	0	0	0	0	0	0	0	8	0	15	1	0	8	2	0	0	219	238	223	20	0	0	2	0	0	0	0	
0	0	0	0	0	0	0	0	1	8	0	12	0	0	26	0	82	253	244	162	16	0	0	4	0	0	0	0	
0	0	0	0	0	0	0	0	0	7	0	0	25	0	0	84	224	231	255	65	0	0	3	0	0	0	0	0	
0	0	0	0	0	0	0	0	5	0	8	0	0	2	46	220	255	255	165	1	0	9	0	1	0	0	0	0	
0	0	0	0	0	0	0	0	0	14	0	16	3	39	221	255	228	204	27	0	5	5	0	8	0	0	0	0	
0	0	0	0	0	0	0	0	4	0	13	0	51	219	255	248	215	3	0	0	9	0	0	2	0	0	0	0	
0	9	5	0	7	3	0	1	0	4	0	74	221	250	248	231	44	9	0	7	4	1	5	0	0	0	0	0	
0	0	1	0	0	6	0	0	9	14	129	246	255	255	234	88	0	0	5	0	0	6	0	12	0	0	0	0	
5	0	1	2	0	3	0	4	53	219	252	235	255	251	145	69	77	91	166	183	154	79	0	0	0	0	0	0	
3	0	3	9	0	0	2	75	244	255	255	255	233	255	255	255	246	248	255	242	252	254	138	11	0	0	0	0	
0	5	0	5	3	0	18	191	255	243	237	255	251	255	249	255	255	255	255	255	255	255	191	5	0	0	0	0	
0	10	0	0	3	0	35	255	246	255	255	248	238	255	252	252	255	239	206	193	122	75	78	2	0	0	0	0	
0	5	0	0	0	3	26	241	255	251	255	228	196	139	100	121	25	37	9	0	0	3	22	0	0	0	0	0	
4	0	0	9	0	3	4	174	250	179	122	23	0	0	3	3	0	6	0	0	17	4	0	8	0	0	0	0	
0	0	0	0	0	0	0	0	0	0	0	0	0	0	0	0	0	0	0	0	0	0	0	0	0	0	0	0	
0	0	0	0	0	0	0	0	0	0	0	0	0	0	0	0	0	0	0	0	0	0	0	0	0	0	0	0	
0	0	0	0	0	0	0	0	0	0	0	0	0	0	0	0	0	0	0	0	0	0	0	0	0	0	0	0	
0	0	0	0	0	0	0	0	0	0	0	0	0	0	0	0	0	0	0	0	0	0	0	0	0	0	0	0	
