0	0	0	0	0	0	0	0	1	0	0	0	0	2	4	4	0	14	0	4	1	1	5	4	0	0	0	0	
0	0	0	0	0	0	0	0	0	0	2	1	0	0	0	0	0	3	0	3	3	0	0	0	0	0	0	0	
0	0	0	0	0	0	0	0	0	0	3	3	0	0	0	0	0	0	0	9	1	0	10	11	0	0	0	0	
0	0	0	0	0	0	0	0	3	0	0	0	0	0	2	6	0	0	0	1	0	0	1	0	0	0	0	0	
0	0	0	0	0	0	0	0	5	0	0	0	4	2	0	1	13	0	0	4	7	8	0	0	0	0	0	0	
0	0	0	0	0	0	0	0	2	0	0	5	7	0	0	0	0	1	0	0	0	11	0	8	0	0	0	0	
0	0	0	0	0	0	0	0	1	0	0	5	2	0	2	14	18	71	71	75	54	65	0	0	0	0	0	0	
0	0	0	0	0	0	0	0	4	0	0	0	0	0	16	44	190	250	241	255	249	229	53	0	0	0	0	0	
6	0	0	5	3	0	0	0	8	0	2	0	0	0	240	244	251	254	255	237	255	248	146	6	0	0	0	0	
0	6	19	0	0	0	15	15	0	0	10	0	15	50	252	246	247	248	237	255	252	248	234	93	0	0	0	0	
0	0	0	0	7	2	0	0	0	13	0	4	2	0	212	247	186	91	0	139	255	248	246	14	0	0	0	0	
0	6	0	8	0	11	0	17	23	0	4	5	0	0	13	60	0	11	85	210	234	247	59	0	0	0	0	0	
0	4	0	1	0	4	0	0	0	0	4	7	0	0	0	2	0	94	238	255	255	205	28	0	0	0	0	0	
11	0	7	0	9	0	25	51	124	136	225	182	116	90	0	15	109	255	243	239	227	40	21	6	0	0	0	0	
3	0	14	0	0	34	171	247	251	242	254	255	255	236	195	208	255	243	255	255	24	0	6	0	0	0	0	0	
0	9	0	0	17	201	255	242	255	255	255	241	241	255	254	249	251	253	227	33	9	0	0	10	0	0	0	0	
0	0	1	15	105	240	255	220	130	68	132	246	255	251	255	248	248	255	89	0	13	0	1	23	0	0	0	0	
9	0	1	0	236	255	233	155	100	151	232	255	251	239	250	254	251	240	217	181	192	210	157	98	0	0	0	0	
0	14	4	0	196	255	255	249	247	255	255	255	238	157	81	67	255	255	255	240	244	244	157	60	0	0	0	0	
0	11	0	17	100	251	255	253	255	247	220	196	136	21	0	7	13	215	237	223	222	91	0	0	0	0	0	0	
12	0	0	0	38	164	214	196	142	86	17	0	0	0	1	6	23	32	1	10	0	0	18	0	0	0	0	0	
0	1	18	5	1	3	0	0	7	1	1	1	4	16	11	0	4	0	0	0	5	7	0	3	0	0	0	0	
2	1	0	0	1	7	0	12	5	0	0	0	0	0	0	11	0	0	12	3	0	0	0	11	0	0	0	0	
3	0	20	0	4	0	3	0	0	8	0	0	14	8	0	2	0	25	0	0	10	0	7	0	0	0	0	0	
0	0	0	0	0	0	0	0	0	0	0	0	0	0	0	0	0	0	0	0	0	0	0	0	0	0	0	0	
0	0	0	0	0	0	0	0	0	0	0	0	0	0	0	0	0	0	0	0	0	0	0	0	0	0	0	0	
0	0	0	0	0	0	0	0	0	0	0	0	0	0	0	0	0	0	0	0	0	0	0	0	0	0	0	0	
0	0	0	0	0	0	0	0	0	0	0	0	0	0	0	0	0	0	0	0	0	0	0	0	0	0	0	0	
