0	11	3	3	0	0	8	0	0	0	9	0	0	4	0	0	16	0	7	4	0	4	2	1	0	0	0	0	
3	0	0	0	4	0	0	0	0	0	0	0	10	7	0	0	0	2	10	0	0	6	1	0	0	0	0	0	
2	0	1	0	5	0	0	14	19	0	0	8	0	0	11	0	2	14	0	0	13	1	0	8	0	0	0	0	
0	0	17	0	4	0	0	0	0	8	0	5	0	5	14	3	3	1	0	0	2	0	0	11	0	0	0	0	
5	0	7	0	3	0	9	12	13	142	197	246	255	239	123	71	0	0	18	3	0	7	0	1	0	0	0	0	
12	0	1	0	0	9	126	172	255	253	252	252	229	255	255	243	109	8	0	8	6	4	0	0	0	0	0	0	
6	0	6	0	0	53	240	255	255	177	188	195	126	182	209	255	240	106	0	1	21	0	0	2	0	0	0	0	
0	1	3	0	12	94	255	190	42	7	0	4	0	9	20	207	253	204	32	0	4	0	23	0	0	0	0	0	
1	4	2	0	0	27	73	108	1	0	5	11	0	0	11	27	255	244	96	3	5	0	0	9	0	0	0	0	
0	1	4	0	0	0	0	4	2	9	0	0	11	0	5	28	242	252	161	4	0	8	8	0	0	0	0	0	
0	0	1	2	3	3	1	0	0	12	0	0	3	0	9	22	255	245	176	0	0	6	5	0	0	0	0	0	
8	3	0	0	0	1	3	2	0	0	14	9	0	0	11	17	255	248	155	0	0	0	0	12	0	0	0	0	
0	0	0	1	0	0	0	0	12	0	6	0	0	2	0	67	243	255	124	0	2	0	0	2	0	0	0	0	
0	0	1	3	4	4	5	6	1	2	3	0	9	0	10	182	255	206	44	0	14	2	0	1	0	0	0	0	
11	5	0	0	0	0	0	0	0	11	5	0	2	14	116	255	233	86	0	0	15	0	1	3	0	0	0	0	
1	0	0	0	4	7	5	1	0	3	0	9	0	76	240	253	124	0	6	2	0	0	16	0	0	0	0	0	
0	6	0	3	4	0	5	0	4	0	8	0	30	217	236	239	0	1	1	0	0	0	1	3	0	0	0	0	
0	2	0	5	7	2	7	1	4	0	7	3	186	244	255	96	0	0	0	0	1	2	2	1	8	1	7	0	
7	0	2	0	0	1	0	2	1	5	0	206	255	246	98	0	4	2	1	2	4	3	0	0	0	0	10	6	
1	0	7	0	1	15	1	12	0	16	215	235	254	228	115	152	137	133	130	131	134	132	125	118	35	0	0	2	
0	0	12	7	1	0	0	0	56	181	246	255	248	240	255	243	255	255	254	255	255	255	252	245	113	22	0	0	
9	0	3	0	0	0	25	77	235	247	255	255	248	232	200	179	179	178	178	180	184	185	183	179	66	5	0	5	
3	0	0	1	0	22	131	235	255	237	195	142	51	23	0	0	0	0	1	2	3	4	4	4	0	0	3	9	
0	4	0	8	0	4	140	255	153	40	10	1	3	0	0	8	1	1	1	0	0	0	0	0	6	4	4	0	
0	0	0	0	0	0	0	0	0	0	0	0	0	0	0	0	0	0	0	0	0	0	0	0	0	0	0	0	
0	0	0	0	0	0	0	0	0	0	0	0	0	0	0	0	0	0	0	0	0	0	0	0	0	0	0	0	
0	0	0	0	0	0	0	0	0	0	0	0	0	0	0	0	0	0	0	0	0	0	0	0	0	0	0	0	
0	0	0	0	0	0	0	0	0	0	0	0	0	0	0	0	0	0	0	0	0	0	0	0	0	0	0	0	
