0	0	0	3	4	4	2	0	0	0	0	5	0	0	6	0	0	4	2	0	9	0	0	8	0	0	0	0	
3	3	1	0	0	0	0	2	5	0	4	0	0	10	0	0	7	0	0	0	0	4	0	0	0	0	0	0	
0	0	2	3	2	1	2	3	6	0	3	0	0	1	0	17	0	0	0	15	0	5	9	5	0	0	0	0	
2	1	0	0	0	0	0	0	0	8	12	0	0	7	0	0	2	7	6	0	0	0	0	0	0	0	0	0	
3	0	0	0	2	6	9	10	8	8	0	20	36	0	5	9	0	3	0	0	20	18	4	0	0	0	0	0	
0	0	3	3	0	0	0	0	0	59	101	217	246	167	171	179	186	175	112	29	0	0	0	15	0	0	0	0	
0	4	5	0	0	0	21	43	164	255	255	250	250	243	255	243	241	255	240	174	23	0	0	0	0	0	0	0	
0	0	0	0	17	85	182	255	248	255	239	244	255	255	246	255	250	255	246	207	0	1	3	1	0	0	0	0	
3	1	0	0	0	227	249	255	248	255	253	255	252	218	187	149	154	246	255	252	54	10	2	0	0	0	0	0	
0	3	11	7	18	227	255	242	255	244	157	164	46	0	35	0	28	207	246	247	68	0	0	12	0	0	0	0	
8	7	0	0	0	158	222	223	22	67	0	4	11	6	0	10	120	255	255	221	0	6	17	0	0	0	0	0	
0	0	0	9	0	7	12	0	7	0	0	0	0	4	23	79	255	246	254	97	0	0	19	0	0	0	0	0	
9	0	0	3	2	0	7	0	4	15	0	17	4	19	160	239	244	255	204	5	0	1	0	11	0	0	0	0	
0	1	5	0	1	0	13	0	0	0	0	10	0	156	255	255	255	240	79	8	0	15	0	0	0	0	0	0	
0	0	6	0	0	3	8	0	2	18	0	2	114	255	237	248	216	69	0	2	23	0	9	2	0	0	0	0	
2	0	1	0	4	1	0	1	7	0	31	161	255	252	245	237	23	0	6	0	0	6	7	0	0	0	0	0	
1	0	6	2	0	0	0	4	1	38	183	248	255	250	243	88	0	0	2	8	3	0	0	0	0	17	0	0	
0	0	3	0	0	10	0	0	8	208	254	255	249	243	98	5	0	0	8	0	12	21	95	133	37	0	0	7	
1	0	0	0	5	7	0	13	199	255	255	251	202	85	0	0	61	62	116	158	245	252	255	242	208	6	8	8	
4	0	0	3	9	0	1	79	255	231	255	255	255	177	211	211	247	249	252	255	255	253	250	254	253	0	0	7	
2	0	2	4	6	0	5	91	247	255	242	246	245	250	255	255	255	251	245	249	248	251	252	255	255	19	8	0	
0	3	6	0	0	1	3	38	238	255	247	255	248	255	247	249	247	245	255	206	175	104	102	95	52	0	4	0	
0	0	7	0	0	7	0	0	185	231	255	249	242	251	255	186	171	106	55	0	2	0	5	0	5	9	12	0	
2	0	5	2	0	1	0	1	0	33	36	29	32	38	32	0	0	0	0	4	4	4	0	0	0	8	0	0	
0	0	0	0	0	0	0	0	0	0	0	0	0	0	0	0	0	0	0	0	0	0	0	0	0	0	0	0	
0	0	0	0	0	0	0	0	0	0	0	0	0	0	0	0	0	0	0	0	0	0	0	0	0	0	0	0	
0	0	0	0	0	0	0	0	0	0	0	0	0	0	0	0	0	0	0	0	0	0	0	0	0	0	0	0	
0	0	0	0	0	0	0	0	0	0	0	0	0	0	0	0	0	0	0	0	0	0	0	0	0	0	0	0	
