0	0	8	0	0	11	11	0	2	6	0	4	0	10	0	0	0	0	0	8	9	0	15	0	0	0	0	0	
18	4	5	4	0	0	0	0	0	0	1	6	0	0	0	10	0	8	8	0	0	7	0	4	0	0	0	0	
0	0	0	4	0	1	10	5	0	0	6	2	2	0	0	0	12	1	0	5	0	11	0	0	0	0	0	0	
0	7	0	4	0	8	0	0	10	0	0	0	2	4	12	0	0	12	0	6	6	0	0	0	0	0	0	0	
0	10	1	2	0	1	0	35	0	16	69	80	108	92	55	0	0	9	16	0	5	0	0	12	0	0	0	0	
0	0	0	5	0	0	14	186	181	217	245	235	242	250	244	216	86	0	9	0	0	7	0	5	0	0	0	0	
9	0	6	6	0	0	2	253	240	255	255	255	246	255	255	255	220	49	1	9	0	4	8	0	0	0	0	0	
0	0	5	0	0	6	0	246	254	253	243	255	249	255	245	251	249	239	31	0	6	0	4	0	0	0	0	0	
0	10	0	0	11	0	16	110	190	204	202	195	201	121	137	240	251	255	29	0	0	0	17	0	0	3	5	3	
0	6	0	0	15	0	0	19	2	1	0	0	0	0	0	43	253	249	175	31	9	5	0	0	0	0	0	0	
0	6	0	0	3	3	0	0	0	0	0	17	5	0	18	150	255	246	255	34	3	0	0	7	2	0	0	0	
1	3	3	0	0	2	10	5	6	0	4	1	0	3	81	253	250	255	193	14	4	0	8	4	4	1	0	2	
0	0	6	9	0	0	3	0	0	0	21	0	0	90	210	255	242	255	81	0	5	0	2	0	0	0	1	5	
7	0	0	5	3	0	0	0	4	9	0	25	220	255	239	249	255	241	30	3	5	9	0	9	0	0	0	2	
7	2	0	0	0	4	5	4	0	30	108	219	252	232	255	255	239	162	0	0	0	4	0	0	15	1	0	0	
0	8	11	0	0	0	0	0	36	223	242	246	255	255	253	251	255	168	60	90	104	81	93	40	37	12	0	0	
1	0	1	0	11	0	62	73	217	250	255	247	254	255	247	250	255	244	239	244	252	255	248	224	226	32	6	17	
1	5	0	0	1	11	165	255	239	255	255	254	250	249	252	255	247	255	255	251	245	245	250	255	255	231	0	0	
0	5	4	0	12	3	137	250	255	246	245	248	251	255	255	241	250	255	245	244	255	255	251	250	208	210	4	9	
2	9	0	0	7	0	120	251	245	251	255	255	241	252	255	244	255	252	221	210	225	191	118	80	36	0	0	0	
0	7	1	0	0	0	111	250	255	249	232	223	230	240	191	107	94	79	24	0	1	4	0	8	13	2	13	9	
0	0	5	8	5	0	24	93	108	106	76	16	0	0	10	0	7	16	3	0	1	0	0	0	0	0	0	0	
8	0	0	1	4	0	0	2	0	7	11	1	0	0	0	0	0	0	0	0	4	10	4	0	9	0	10	9	
0	0	0	1	0	4	4	5	4	5	0	0	10	2	0	7	4	2	5	4	0	1	5	0	0	1	0	2	
0	0	0	0	0	0	0	0	0	0	0	0	0	0	0	0	0	0	0	0	0	0	0	0	0	0	0	0	
0	0	0	0	0	0	0	0	0	0	0	0	0	0	0	0	0	0	0	0	0	0	0	0	0	0	0	0	
0	0	0	0	0	0	0	0	0	0	0	0	0	0	0	0	0	0	0	0	0	0	0	0	0	0	0	0	
0	0	0	0	0	0	0	0	0	0	0	0	0	0	0	0	0	0	0	0	0	0	0	0	0	0	0	0	
