0	0	0	0	0	0	0	0	7	5	0	1	0	0	4	0	0	5	2	0	2	0	0	5	0	0	0	0	
0	0	0	0	0	0	0	0	0	0	5	2	25	0	15	0	7	0	0	0	4	3	7	0	0	0	0	0	
0	0	0	0	0	0	0	0	0	38	0	0	3	0	0	0	9	0	2	5	3	0	9	0	0	0	0	0	
0	0	0	0	0	0	0	0	10	0	0	7	87	158	255	254	93	18	6	8	0	0	7	0	0	0	0	0	
0	0	0	0	0	0	0	0	0	0	39	160	244	254	240	255	231	102	0	0	0	0	5	0	0	0	0	0	
0	0	0	0	0	0	0	0	0	1	182	159	128	31	156	254	255	168	0	1	5	0	0	0	0	0	0	0	
0	0	0	0	0	0	0	0	0	7	58	6	0	0	49	239	242	217	5	9	4	0	0	4	0	0	0	0	
0	0	0	0	0	0	0	0	9	0	0	0	0	15	2	209	255	255	1	0	0	8	0	5	0	0	0	0	
0	0	0	0	0	0	0	0	2	4	0	0	0	0	0	220	240	255	0	6	0	0	0	0	0	0	0	0	
0	0	0	0	0	0	0	0	0	0	0	5	8	5	0	209	255	238	4	4	0	0	2	0	0	0	0	0	
0	0	0	0	0	0	0	0	4	0	0	0	3	0	4	214	255	180	7	2	0	0	4	0	0	0	0	0	
0	0	0	0	0	0	0	0	2	0	3	0	0	0	36	229	248	154	1	2	0	1	3	0	0	0	0	0	
0	0	0	0	0	0	0	0	0	0	10	5	3	0	89	242	250	166	0	2	0	3	0	0	0	0	0	0	
0	0	0	0	0	0	0	0	0	2	0	0	0	0	159	255	255	157	0	1	0	0	0	1	0	0	0	0	
0	0	0	0	0	0	0	0	4	6	0	9	13	25	230	255	237	86	0	0	0	0	0	2	0	0	0	0	
0	0	0	0	0	0	0	0	0	8	0	49	64	69	255	248	202	4	0	0	0	0	0	0	0	0	0	0	
0	1	0	3	6	0	1	0	0	38	208	255	246	247	255	249	235	166	151	89	32	18	0	2	0	0	0	5	
1	2	0	0	3	4	0	8	34	219	244	255	250	255	255	255	255	246	237	255	253	181	179	79	66	27	0	0	
0	0	7	0	6	4	0	23	223	233	238	105	228	244	239	143	141	204	140	247	245	243	255	246	255	173	59	0	
0	0	11	0	3	0	0	83	251	249	82	144	255	214	79	0	0	5	0	72	0	52	83	88	77	42	6	0	
10	0	5	0	0	0	21	147	255	242	150	221	247	74	5	3	4	13	12	0	15	2	0	0	0	0	0	0	
2	0	5	2	1	0	12	111	239	255	255	242	103	23	0	0	4	0	0	0	0	0	18	0	1	2	5	8	
0	0	3	8	6	0	0	25	137	242	128	67	1	0	11	1	0	21	0	11	0	6	0	5	5	0	0	0	
3	5	0	0	0	1	4	0	0	3	2	0	2	0	5	0	0	0	12	0	0	11	0	6	0	0	2	4	
0	0	0	0	0	0	0	0	0	0	0	0	0	0	0	0	0	0	0	0	0	0	0	0	0	0	0	0	
0	0	0	0	0	0	0	0	0	0	0	0	0	0	0	0	0	0	0	0	0	0	0	0	0	0	0	0	
0	0	0	0	0	0	0	0	0	0	0	0	0	0	0	0	0	0	0	0	0	0	0	0	0	0	0	0	
0	0	0	0	0	0	0	0	0	0	0	0	0	0	0	0	0	0	0	0	0	0	0	0	0	0	0	0	
