0	0	8	0	5	11	0	0	9	1	0	0	0	0	8	1	0	0	9	6	0	1	9	0	0	0	0	0	
15	0	0	0	0	0	0	14	0	1	0	9	0	0	0	0	7	0	0	0	4	0	0	1	0	0	0	0	
2	0	5	0	0	15	1	0	0	2	0	9	0	12	7	14	7	0	14	13	0	0	16	1	0	0	0	0	
0	2	7	0	0	0	0	28	1	4	0	1	0	13	0	0	0	4	0	0	18	0	0	6	0	0	0	0	
1	0	0	0	6	0	53	238	244	254	255	255	248	223	138	108	114	41	12	0	7	0	6	0	0	0	0	0	
0	4	0	0	14	0	72	255	255	254	255	233	255	255	242	252	255	234	134	8	10	0	0	13	0	0	0	0	
0	9	4	0	0	0	3	66	194	212	255	225	255	255	237	254	248	255	249	122	52	0	3	0	0	0	0	0	
5	0	3	7	3	2	0	10	8	32	87	40	79	79	90	131	116	183	255	253	212	52	0	3	0	0	0	0	
0	0	0	0	0	0	0	0	0	14	0	9	0	0	21	0	6	171	248	255	246	57	0	0	0	0	0	0	
0	0	0	0	0	0	0	0	0	1	2	0	3	13	0	13	60	244	255	255	254	63	0	16	0	0	0	0	
0	0	0	0	0	0	0	0	0	0	15	0	2	1	14	0	171	255	243	244	252	64	0	0	0	0	0	0	
0	0	0	0	0	0	0	0	0	2	3	3	0	0	19	24	223	242	255	255	144	18	0	4	0	0	0	0	
0	0	0	0	0	0	0	0	6	1	0	9	2	2	0	170	241	251	255	239	27	10	0	7	0	0	0	0	
0	0	0	0	0	0	0	0	0	0	7	0	5	0	86	253	255	255	243	115	10	9	0	0	0	0	0	0	
0	0	0	0	0	0	0	0	0	0	16	0	5	55	250	246	245	255	172	17	10	0	5	7	0	0	0	0	
0	0	0	0	0	0	0	0	3	1	0	8	5	174	255	250	255	227	25	0	0	9	0	0	0	0	0	0	
2	2	2	1	0	0	1	3	0	11	0	16	158	255	242	254	213	41	3	0	7	0	5	0	0	0	0	0	
0	0	1	1	0	0	0	1	17	0	20	149	249	254	255	252	88	0	15	10	4	0	0	0	0	0	0	0	
0	0	2	3	1	0	0	0	0	8	145	255	243	247	255	75	8	0	0	0	1	0	16	0	0	0	0	0	
0	2	3	2	0	0	0	0	0	169	255	245	254	255	203	12	55	27	111	11	1	6	0	19	0	0	0	0	
3	3	2	0	0	0	3	6	133	253	255	234	255	255	208	161	232	232	255	210	178	21	7	0	0	0	0	0	
0	0	0	0	0	3	9	14	222	245	246	247	244	255	255	249	255	229	255	255	254	53	4	0	0	0	0	0	
0	0	0	0	0	2	7	11	165	255	243	255	255	254	246	248	237	227	208	225	174	11	9	0	0	0	0	0	
1	2	3	2	0	0	0	1	0	103	120	214	158	102	120	117	26	0	14	0	0	16	0	6	0	0	0	0	
0	0	0	0	0	0	0	0	0	0	0	0	0	0	0	0	0	0	0	0	0	0	0	0	0	0	0	0	
0	0	0	0	0	0	0	0	0	0	0	0	0	0	0	0	0	0	0	0	0	0	0	0	0	0	0	0	
0	0	0	0	0	0	0	0	0	0	0	0	0	0	0	0	0	0	0	0	0	0	0	0	0	0	0	0	
0	0	0	0	0	0	0	0	0	0	0	0	0	0	0	0	0	0	0	0	0	0	0	0	0	0	0	0	
