0	0	0	0	0	0	0	0	0	0	0	8	2	10	0	0	10	0	17	6	0	0	0	2	0	0	0	0	
0	0	0	0	0	0	0	0	0	19	24	0	0	0	2	9	3	0	0	0	0	7	11	0	0	0	0	0	
0	0	0	0	0	0	0	0	4	0	0	7	0	9	11	0	0	6	6	12	4	0	0	0	0	0	0	0	
0	0	0	0	0	0	0	0	0	18	1	0	4	0	0	11	0	2	0	7	11	0	0	6	0	0	0	0	
0	0	0	0	0	0	0	0	2	0	18	0	80	126	242	188	127	95	5	0	5	0	3	6	0	0	0	0	
0	0	0	0	0	0	0	0	8	0	0	65	201	240	255	239	255	233	118	0	1	0	4	0	0	0	0	0	
0	0	0	0	0	0	0	0	7	0	39	239	243	255	247	246	250	255	179	2	0	0	0	1	0	0	0	0	
0	0	0	0	0	0	0	0	0	3	44	243	255	255	245	255	255	253	185	0	8	0	0	7	0	0	0	0	
0	0	0	0	0	0	0	0	0	18	22	231	253	249	192	242	249	255	149	0	0	0	0	11	0	0	0	0	
0	0	0	0	0	0	0	0	7	0	0	50	58	65	248	255	255	207	51	5	0	1	4	0	0	0	0	0	
0	0	0	0	0	0	0	0	3	0	0	18	0	30	230	247	248	106	0	7	0	2	6	0	0	0	0	0	
0	0	0	0	0	0	0	0	0	22	3	0	32	194	255	255	186	16	1	0	1	1	0	6	0	0	0	0	
0	0	0	0	0	0	0	0	14	0	0	8	161	250	249	238	85	0	10	0	3	2	0	11	0	0	0	0	
0	0	0	0	0	0	0	0	0	0	4	78	193	255	244	159	3	8	0	7	1	4	1	1	0	0	0	0	
0	0	0	0	0	0	0	0	4	13	43	255	255	242	66	0	0	12	0	9	1	0	8	0	0	0	0	0	
0	0	0	0	0	0	0	0	2	0	38	255	249	255	8	0	4	0	11	0	2	0	2	0	0	0	0	0	
0	0	0	0	0	0	0	0	3	19	189	255	235	245	101	57	4	25	26	0	8	0	0	3	0	0	0	0	
0	0	0	0	0	0	0	0	0	99	252	255	255	255	248	138	2	201	189	12	0	0	4	0	0	0	0	0	
0	0	0	0	0	0	0	0	24	202	255	237	250	234	255	227	199	236	241	77	4	0	12	0	0	0	0	0	
0	0	0	0	0	0	0	0	163	255	240	255	247	251	249	255	255	246	243	54	0	0	0	13	0	0	0	0	
0	0	0	0	0	0	0	0	204	237	252	246	133	144	255	233	237	251	192	12	0	2	0	3	0	0	0	0	
0	0	0	0	0	0	0	0	199	255	240	84	4	0	255	244	255	255	96	0	11	0	15	0	0	0	0	0	
0	0	0	0	0	0	0	0	191	227	133	0	11	10	214	255	240	255	61	0	11	0	0	9	0	0	0	0	
0	0	0	0	0	0	0	0	33	40	0	2	0	0	64	240	255	125	22	17	0	4	0	2	0	0	0	0	
0	0	0	0	0	0	0	0	0	0	0	0	0	0	0	0	0	0	0	0	0	0	0	0	0	0	0	0	
0	0	0	0	0	0	0	0	0	0	0	0	0	0	0	0	0	0	0	0	0	0	0	0	0	0	0	0	
0	0	0	0	0	0	0	0	0	0	0	0	0	0	0	0	0	0	0	0	0	0	0	0	0	0	0	0	
0	0	0	0	0	0	0	0	0	0	0	0	0	0	0	0	0	0	0	0	0	0	0	0	0	0	0	0	
