0	5	11	0	0	0	9	0	0	9	1	0	10	7	0	11	8	0	0	0	0	5	0	3	0	0	0	0	
5	0	0	0	14	0	2	0	0	0	8	3	0	3	12	0	0	2	17	7	0	0	3	0	0	0	0	0	
1	1	4	0	7	0	0	5	2	3	0	6	3	0	0	1	23	0	15	0	0	18	0	3	0	0	0	0	
0	6	9	0	0	0	0	0	0	3	0	0	6	0	0	2	0	0	0	17	17	0	12	0	0	0	0	0	
2	0	0	0	9	5	0	31	19	26	77	123	140	199	248	217	88	42	0	0	6	1	0	4	0	0	0	0	
7	0	0	9	2	0	19	144	250	230	255	255	255	252	245	254	251	202	23	0	8	0	21	0	0	0	0	0	
2	0	4	5	0	0	24	171	255	255	255	211	201	172	127	192	250	255	193	13	5	0	0	5	0	0	0	0	
0	2	1	0	0	11	0	71	178	178	179	51	0	18	0	0	176	255	244	0	0	0	0	0	0	0	0	0	
0	0	0	0	0	0	0	0	4	2	0	0	14	0	0	9	88	255	255	85	0	4	0	0	0	0	0	0	
0	0	0	0	0	0	0	0	0	4	18	8	0	0	4	0	103	234	255	85	6	0	7	0	0	0	0	0	
0	0	0	0	0	0	0	0	11	0	0	4	0	4	13	0	95	255	239	130	0	0	10	0	0	0	0	0	
0	0	0	0	0	0	0	0	5	0	0	6	0	0	4	0	97	255	245	121	0	3	0	2	0	0	0	0	
0	0	0	0	0	0	0	0	0	7	1	0	8	5	0	5	164	244	253	33	0	14	0	6	0	0	0	0	
0	0	0	0	0	0	0	0	8	2	0	0	2	0	15	102	248	255	155	0	1	0	11	0	0	0	0	0	
0	0	0	0	0	0	0	0	0	0	10	9	0	5	113	240	255	207	31	13	0	0	15	0	0	0	0	0	
0	0	0	0	0	0	0	0	0	4	3	0	28	153	249	254	212	44	0	0	0	12	0	11	0	0	0	0	
0	0	0	0	0	0	0	0	0	0	17	0	180	239	255	165	30	9	9	0	4	0	10	0	0	0	0	0	
0	0	0	0	0	0	0	0	6	2	51	231	255	253	82	6	5	0	3	0	3	0	6	0	0	0	0	0	
0	0	0	0	0	0	0	0	0	3	177	254	214	37	0	13	9	0	0	5	5	0	0	14	0	0	0	0	
0	0	0	0	0	0	0	0	0	176	255	249	58	19	0	0	0	18	39	51	116	175	119	0	0	0	0	0	
0	0	0	0	0	0	0	0	36	250	244	158	0	0	29	72	106	185	248	255	255	249	137	0	0	0	0	0	
0	0	0	0	0	0	0	0	87	250	251	249	195	199	212	249	255	242	241	255	219	133	39	0	0	0	0	0	
0	0	0	0	0	0	0	0	7	158	255	247	248	255	250	253	240	218	173	127	41	4	0	0	0	0	0	0	
0	0	0	0	0	0	0	0	1	10	117	207	247	233	138	138	36	13	0	7	0	3	0	6	0	0	0	0	
0	0	0	0	0	0	0	0	0	0	0	0	0	0	0	0	0	0	0	0	0	0	0	0	0	0	0	0	
0	0	0	0	0	0	0	0	0	0	0	0	0	0	0	0	0	0	0	0	0	0	0	0	0	0	0	0	
0	0	0	0	0	0	0	0	0	0	0	0	0	0	0	0	0	0	0	0	0	0	0	0	0	0	0	0	
0	0	0	0	0	0	0	0	0	0	0	0	0	0	0	0	0	0	0	0	0	0	0	0	0	0	0	0	
