0	1	0	0	0	0	0	2	4	0	1	0	0	0	15	0	7	0	5	10	0	0	9	3	0	0	0	0	
5	0	0	12	1	0	6	2	11	0	0	3	4	1	3	0	0	0	8	0	3	13	0	0	0	0	0	0	
10	0	4	0	0	5	19	0	0	0	17	0	0	19	8	0	17	0	0	0	0	8	5	13	0	0	0	0	
0	0	9	2	0	46	117	146	249	156	124	136	119	95	18	31	17	9	0	16	10	0	0	0	0	0	0	0	
2	0	0	4	0	0	104	255	244	244	255	252	241	255	241	255	255	158	41	0	2	16	0	0	0	0	0	0	
0	1	0	3	14	0	65	196	255	251	253	246	234	220	179	194	214	170	238	169	18	0	0	9	0	0	0	0	
2	10	0	0	0	0	0	6	81	129	133	67	33	16	6	0	17	16	169	251	113	6	5	0	0	0	0	0	
1	0	0	7	4	1	3	3	0	10	5	0	8	0	0	9	0	1	0	202	253	61	8	0	0	0	0	0	
0	0	0	0	0	0	0	0	5	0	0	14	0	0	13	0	3	14	26	239	249	168	4	0	0	0	0	0	
0	0	0	0	0	0	0	0	1	8	7	0	0	0	0	7	0	4	174	254	255	121	0	14	0	0	0	0	
0	0	0	0	0	0	0	0	4	0	0	0	3	10	0	0	165	216	255	247	156	18	0	0	0	0	0	0	
0	0	0	0	0	0	0	0	0	0	0	16	0	5	9	64	230	255	228	252	122	0	10	3	0	0	0	0	
0	0	0	0	0	0	0	0	3	11	0	1	9	0	48	238	252	212	221	67	4	0	21	0	0	0	0	0	
0	0	0	0	0	0	0	0	2	0	14	0	34	113	255	242	255	40	81	0	12	0	0	9	0	0	0	0	
0	0	0	0	0	0	0	0	7	3	0	94	239	220	242	255	243	9	0	0	1	4	0	0	0	0	0	0	
0	0	0	0	0	0	0	0	0	40	84	246	255	255	255	200	201	0	9	4	0	0	4	4	0	0	0	0	
2	0	0	11	8	0	5	0	80	245	254	240	236	179	160	108	41	13	4	0	0	6	0	0	0	0	0	0	
0	13	2	0	0	13	0	35	208	249	255	225	38	0	8	0	4	0	0	66	101	125	111	133	0	0	0	0	
11	0	0	15	1	0	56	193	255	255	232	160	64	124	119	102	120	168	238	237	242	255	251	79	0	0	0	0	
0	5	6	1	0	20	228	255	242	255	255	239	250	254	238	255	255	242	255	254	255	255	239	37	0	0	0	0	
0	11	8	0	0	48	244	253	255	241	253	255	255	250	255	238	237	255	212	212	142	85	30	8	0	0	0	0	
9	0	0	13	5	6	89	237	246	253	233	255	205	242	255	219	128	138	44	13	0	6	0	0	0	0	0	0	
0	1	0	7	0	0	8	136	255	178	34	32	17	28	24	26	7	0	2	0	5	0	14	7	0	0	0	0	
0	0	0	6	3	0	10	0	0	12	0	0	2	0	1	0	0	8	7	0	5	4	0	5	0	0	0	0	
0	0	0	0	0	0	0	0	0	0	0	0	0	0	0	0	0	0	0	0	0	0	0	0	0	0	0	0	
0	0	0	0	0	0	0	0	0	0	0	0	0	0	0	0	0	0	0	0	0	0	0	0	0	0	0	0	
0	0	0	0	0	0	0	0	0	0	0	0	0	0	0	0	0	0	0	0	0	0	0	0	0	0	0	0	
0	0	0	0	0	0	0	0	0	0	0	0	0	0	0	0	0	0	0	0	0	0	0	0	0	0	0	0	
