0	0	0	0	0	0	0	0	0	3	0	7	4	0	2	2	0	0	0	0	0	0	0	0	0	0	0	0	
0	0	0	0	0	0	0	0	5	3	0	0	0	4	4	0	0	0	0	0	0	0	0	0	0	0	0	0	
0	0	0	0	0	0	0	0	0	3	13	0	0	0	0	3	0	0	0	0	0	0	0	0	0	0	0	0	
0	0	0	0	0	0	0	0	3	0	2	0	1	11	0	0	0	0	0	0	0	0	0	0	0	0	0	0	
0	0	0	0	0	0	0	0	0	0	3	2	0	0	0	2	0	0	0	0	0	0	0	0	0	0	0	0	
0	0	0	0	0	0	0	0	0	1	0	8	9	1	9	1	0	0	0	0	0	0	0	0	0	0	0	0	
0	0	0	0	0	0	0	0	0	22	1	40	79	81	71	0	0	0	0	0	0	0	0	0	0	0	0	0	
0	0	0	0	0	0	0	0	95	199	224	255	255	247	255	202	0	0	0	0	0	0	0	0	0	0	0	0	
2	0	2	0	5	0	2	36	226	255	242	196	132	63	118	254	4	3	0	0	0	3	0	0	3	2	4	0	
2	0	2	0	0	0	0	11	135	123	25	0	13	0	124	255	5	0	0	0	0	0	4	10	0	0	0	0	
0	6	0	0	0	0	4	0	0	13	0	6	0	0	197	236	0	0	0	5	4	0	0	2	4	1	11	5	
0	11	0	1	0	7	6	0	3	93	50	8	3	18	224	200	0	0	1	5	5	0	0	0	1	0	0	8	
0	14	0	0	0	3	0	6	111	228	253	192	42	47	255	193	3	2	0	0	0	6	8	4	8	1	0	8	
0	9	0	0	1	6	0	78	235	250	217	247	255	230	244	75	0	0	0	0	0	0	0	0	0	4	16	1	
0	3	0	2	4	8	3	172	255	76	8	113	254	255	236	32	6	0	0	11	4	0	0	16	35	70	95	0	
1	3	0	1	0	0	0	224	192	16	0	84	249	241	255	184	31	1	0	6	0	0	26	87	227	245	236	2	
5	0	17	2	1	0	16	194	244	78	82	236	255	188	192	255	221	205	172	137	127	157	207	245	246	255	195	4	
7	0	6	0	6	0	0	93	245	254	254	247	174	33	0	94	223	253	255	255	244	245	248	245	208	142	46	0	
4	0	0	0	4	4	0	6	55	245	255	112	21	0	0	17	11	82	148	163	147	118	72	28	7	8	0	6	
0	4	2	0	0	0	3	0	2	5	8	6	0	0	0	2	0	12	18	0	0	0	4	2	0	2	0	10	
0	3	0	5	0	0	13	0	0	0	14	14	0	3	17	0	0	0	1	0	0	0	0	0	24	1	0	5	
5	0	0	4	2	0	4	0	4	0	0	0	4	5	0	0	4	0	0	1	4	0	0	4	0	0	0	8	
4	0	0	0	4	5	0	0	0	13	5	0	2	0	0	25	1	0	0	0	1	2	2	0	10	13	1	0	
0	1	9	0	0	8	0	7	2	0	0	3	11	1	0	0	0	3	6	0	0	3	2	0	0	4	0	4	
0	0	0	0	0	0	0	0	0	0	0	0	0	0	0	0	0	0	0	0	0	0	0	0	0	0	0	0	
0	0	0	0	0	0	0	0	0	0	0	0	0	0	0	0	0	0	0	0	0	0	0	0	0	0	0	0	
0	0	0	0	0	0	0	0	0	0	0	0	0	0	0	0	0	0	0	0	0	0	0	0	0	0	0	0	
0	0	0	0	0	0	0	0	0	0	0	0	0	0	0	0	0	0	0	0	0	0	0	0	0	0	0	0	
