0	0	0	0	0	0	0	0	0	0	12	9	0	0	19	0	0	1	0	13	0	0	10	0	0	0	0	0	
0	0	0	0	0	0	0	0	12	5	1	0	7	8	0	15	8	10	6	0	0	11	7	0	0	0	0	0	
0	0	0	0	0	0	0	0	0	0	6	0	0	18	0	10	7	0	8	0	2	2	0	0	0	0	0	0	
0	0	0	0	0	0	0	0	4	0	8	4	26	107	185	248	243	163	124	61	7	0	5	3	0	0	0	0	
0	0	0	0	0	0	0	0	0	0	0	61	223	247	255	252	250	255	231	237	16	7	0	0	0	0	0	0	
0	0	0	0	0	0	0	0	3	2	0	32	198	237	252	147	164	171	213	255	154	37	17	3	0	0	0	0	
0	0	0	0	0	0	0	0	0	5	26	0	7	33	91	10	4	4	0	234	251	244	39	0	0	0	0	0	
0	0	0	0	0	0	0	0	7	0	0	0	13	0	0	0	0	5	1	110	250	255	75	8	0	0	0	0	
0	3	0	2	0	0	4	7	0	0	5	0	4	0	3	4	0	5	0	7	216	248	95	0	0	0	0	0	
0	0	0	3	2	2	3	0	6	0	3	2	16	0	0	0	17	0	13	93	255	207	0	3	0	0	0	0	
0	0	6	0	0	0	8	0	3	0	1	0	0	0	7	0	0	7	6	138	255	192	9	0	0	0	0	0	
4	0	3	0	0	2	0	0	0	0	13	0	0	0	6	0	10	18	0	254	251	200	0	12	0	0	0	0	
6	0	0	0	9	10	0	7	10	0	0	0	0	8	5	0	0	0	150	255	249	183	0	0	0	0	0	0	
0	0	6	0	2	0	25	131	150	77	0	0	0	0	0	6	4	39	243	254	205	41	9	13	0	0	0	0	
0	3	10	0	0	0	58	251	255	216	113	89	87	55	0	0	24	206	251	251	86	0	5	0	0	0	0	0	
4	0	0	0	16	3	53	255	235	255	245	250	255	202	70	14	44	193	249	253	143	0	0	6	0	0	0	0	
5	0	10	0	2	0	170	243	255	214	226	255	239	253	255	182	249	241	242	255	23	0	12	0	0	0	0	0	
8	1	0	0	0	0	190	250	255	0	0	85	196	255	243	237	236	255	255	252	106	12	0	11	0	0	0	0	
0	1	0	1	2	225	255	254	106	14	0	1	10	145	254	255	250	248	251	248	210	90	0	2	0	0	0	0	
8	3	0	0	0	230	244	243	120	0	53	107	163	244	255	245	145	52	28	22	30	14	0	0	0	0	0	0	
0	3	0	0	23	112	255	255	224	186	255	232	253	249	250	158	26	0	0	11	0	13	9	2	0	0	0	0	
0	2	5	0	2	30	198	251	245	255	238	255	255	243	168	10	0	3	7	10	0	0	0	0	0	0	0	0	
11	0	0	15	0	6	113	255	255	255	252	206	90	133	8	0	0	8	0	0	0	4	0	0	0	0	0	0	
0	11	0	0	13	0	15	0	0	0	14	0	0	4	0	9	2	1	0	7	0	0	14	0	0	0	0	0	
0	0	0	0	0	0	0	0	0	0	0	0	0	0	0	0	0	0	0	0	0	0	0	0	0	0	0	0	
0	0	0	0	0	0	0	0	0	0	0	0	0	0	0	0	0	0	0	0	0	0	0	0	0	0	0	0	
0	0	0	0	0	0	0	0	0	0	0	0	0	0	0	0	0	0	0	0	0	0	0	0	0	0	0	0	
0	0	0	0	0	0	0	0	0	0	0	0	0	0	0	0	0	0	0	0	0	0	0	0	0	0	0	0	
