0	0	0	0	0	0	0	0	1	8	0	0	10	0	0	0	13	0	6	0	3	7	4	0	0	0	0	0	
0	0	0	0	0	0	0	0	15	0	0	19	0	11	0	0	0	0	0	6	0	0	0	16	0	0	0	0	
0	0	0	0	0	0	0	0	0	13	8	0	7	0	21	0	0	17	0	9	8	18	0	0	0	0	0	0	
0	0	0	0	0	0	0	0	4	0	0	11	0	2	8	137	254	219	69	0	0	6	0	9	0	0	0	0	
0	0	0	0	0	0	0	0	10	0	0	0	13	31	192	249	250	254	147	9	2	0	0	0	0	0	0	0	
0	0	0	0	0	0	0	0	0	2	1	2	61	231	255	255	252	255	199	5	1	0	4	0	0	0	0	0	
0	0	0	0	0	0	0	0	0	1	8	91	233	255	255	237	255	246	203	0	0	1	5	0	0	0	0	0	
0	0	0	0	0	0	0	0	4	0	86	218	255	253	245	255	255	239	213	8	0	4	0	3	0	0	0	0	
0	8	9	3	2	0	0	2	12	0	155	248	254	254	255	255	255	234	114	0	11	0	0	6	0	0	0	0	
7	3	0	0	4	2	0	8	0	0	191	248	248	204	158	243	247	237	21	0	0	0	7	0	0	0	0	0	
3	0	0	0	8	0	0	0	12	0	144	240	230	37	125	255	251	218	0	8	0	6	8	0	0	0	0	0	
0	3	4	2	4	0	0	2	0	0	4	32	12	0	214	255	253	153	10	0	0	11	0	2	0	0	0	0	
0	10	3	0	0	4	6	8	0	16	7	0	6	216	255	248	247	95	15	0	0	8	0	9	0	0	0	0	
0	7	0	0	2	5	0	0	0	0	2	10	147	255	235	255	255	94	0	0	0	5	0	0	0	0	0	0	
0	0	0	3	6	0	0	13	0	18	8	73	255	244	248	245	255	85	0	11	1	0	5	0	0	0	0	0	
2	0	0	2	0	0	30	99	166	155	27	149	255	243	255	249	218	38	4	0	2	0	2	2	0	0	0	0	
0	0	8	6	0	12	94	255	245	250	196	200	241	255	234	141	36	1	4	0	1	12	0	0	0	4	0	0	
4	0	6	0	0	14	228	254	255	255	225	248	255	239	208	179	56	21	8	0	16	53	31	0	0	2	10	0	
5	0	1	6	7	4	255	246	243	251	252	255	249	235	255	255	255	219	193	186	218	255	236	195	17	0	5	1	
11	1	0	0	0	52	236	251	166	254	254	235	255	255	250	240	249	243	255	255	246	240	246	254	99	4	0	4	
0	0	4	2	12	135	255	254	240	247	251	224	161	154	218	255	252	243	246	255	255	255	255	249	95	0	0	3	
7	0	7	1	0	63	255	236	237	255	173	40	0	0	3	15	139	155	178	224	255	246	188	103	10	0	0	0	
14	0	0	0	6	35	237	255	241	103	4	0	5	0	0	17	0	6	10	16	11	12	22	0	0	1	9	0	
0	8	12	0	12	0	4	0	0	3	0	0	6	8	0	0	8	1	0	4	2	0	8	0	6	9	0	0	
0	0	0	0	0	0	0	0	0	0	0	0	0	0	0	0	0	0	0	0	0	0	0	0	0	0	0	0	
0	0	0	0	0	0	0	0	0	0	0	0	0	0	0	0	0	0	0	0	0	0	0	0	0	0	0	0	
0	0	0	0	0	0	0	0	0	0	0	0	0	0	0	0	0	0	0	0	0	0	0	0	0	0	0	0	
0	0	0	0	0	0	0	0	0	0	0	0	0	0	0	0	0	0	0	0	0	0	0	0	0	0	0	0	
