7	0	9	0	0	9	0	2	3	0	0	2	2	2	3	0	0	0	4	0	0	3	6	0	0	0	0	0	
0	8	0	4	0	0	6	0	0	9	0	13	0	14	6	7	4	5	4	0	0	0	0	7	0	0	0	0	
0	9	0	2	2	0	15	6	2	0	4	1	0	0	0	0	0	0	0	1	6	0	0	4	0	0	0	0	
9	0	7	0	1	10	0	0	8	0	1	5	2	0	8	11	0	1	0	0	11	9	0	0	0	0	0	0	
2	0	9	1	0	3	7	46	213	255	247	251	111	84	3	0	2	10	5	0	0	2	3	1	0	0	0	0	
0	5	0	4	0	6	117	205	244	255	240	255	246	255	127	6	0	0	7	6	0	0	4	0	0	0	0	0	
3	4	0	5	0	11	155	255	253	255	255	235	253	255	232	160	25	0	0	15	0	0	5	0	0	0	0	0	
7	0	9	9	0	0	72	202	224	215	220	229	241	254	255	248	121	20	0	8	0	0	9	0	0	0	0	0	
0	0	0	0	0	0	0	0	3	0	1	5	143	252	253	255	255	147	4	0	10	0	0	4	0	0	0	0	
0	0	0	0	0	0	0	0	9	5	9	0	63	226	255	244	255	210	0	11	0	0	9	0	0	0	0	0	
0	0	0	0	0	0	0	0	0	0	0	0	0	87	245	243	249	248	13	10	0	0	12	0	0	0	0	0	
0	0	0	0	0	0	0	0	0	10	0	8	0	0	253	255	246	249	108	0	0	4	0	2	0	0	0	0	
0	0	0	0	0	0	0	0	0	16	1	0	14	6	222	255	255	253	146	0	7	5	0	4	0	0	0	0	
0	0	0	0	0	0	0	0	0	0	0	0	0	2	111	246	252	250	74	0	0	3	0	1	0	0	0	0	
0	0	0	0	0	0	0	0	6	0	0	16	0	0	79	255	247	231	4	0	0	0	4	2	0	0	0	0	
0	0	0	0	0	0	0	0	0	14	0	0	12	0	144	251	255	219	3	3	2	0	0	2	0	0	0	0	
0	1	4	0	9	0	0	1	9	3	0	5	0	15	255	246	253	104	2	10	0	2	0	0	0	0	0	0	
11	0	0	0	0	9	17	0	18	98	129	110	119	208	245	255	208	31	0	0	19	0	0	17	0	0	0	0	
4	0	3	8	2	0	0	20	168	255	255	248	248	255	232	255	234	92	6	0	0	6	0	0	0	0	0	0	
0	12	0	0	4	0	9	192	255	255	234	255	255	253	253	251	250	225	134	120	8	1	0	7	0	0	0	0	
0	11	0	0	6	2	23	215	253	240	255	244	251	249	255	250	255	255	249	238	133	46	1	0	0	0	0	0	
1	0	8	8	0	0	0	45	207	255	246	255	246	247	252	246	242	238	255	255	242	229	143	105	0	0	0	0	
17	0	0	0	0	1	12	0	14	14	11	0	138	21	111	44	192	246	248	252	251	255	249	189	0	0	0	0	
0	0	0	0	16	0	4	1	0	0	0	9	2	0	0	0	0	68	79	126	238	151	255	166	0	0	0	0	
0	0	0	0	0	0	0	0	0	0	0	0	0	0	0	0	0	0	0	0	0	0	0	0	0	0	0	0	
0	0	0	0	0	0	0	0	0	0	0	0	0	0	0	0	0	0	0	0	0	0	0	0	0	0	0	0	
0	0	0	0	0	0	0	0	0	0	0	0	0	0	0	0	0	0	0	0	0	0	0	0	0	0	0	0	
0	0	0	0	0	0	0	0	0	0	0	0	0	0	0	0	0	0	0	0	0	0	0	0	0	0	0	0	
