5	0	9	0	10	6	2	0	0	0	0	4	0	8	0	5	6	0	3	6	0	3	2	0	0	0	0	0	
9	0	6	0	3	0	0	0	19	0	2	8	1	8	0	0	1	11	12	0	0	0	0	0	0	0	0	0	
6	0	0	3	3	0	10	6	0	0	8	0	0	0	0	23	0	4	0	0	17	3	0	13	0	0	0	0	
0	0	0	4	5	0	10	0	7	0	4	1	10	3	19	0	1	40	40	26	1	0	0	0	0	0	0	0	
0	7	0	0	2	0	0	0	0	0	0	12	23	55	194	190	218	255	232	157	10	0	17	9	0	0	0	0	
0	7	0	0	4	7	0	39	71	138	32	86	255	241	225	255	239	255	255	250	86	2	0	0	0	0	0	0	
0	2	1	0	5	7	1	137	253	255	221	242	253	252	248	215	255	247	255	255	139	0	1	14	0	0	0	0	
5	1	4	0	0	0	0	200	209	243	218	128	41	46	25	16	57	151	245	242	159	0	0	0	0	0	0	0	
0	0	0	0	0	0	0	0	59	42	0	0	5	0	0	1	3	22	249	239	253	9	9	0	0	0	0	0	
0	0	0	0	0	0	0	0	0	0	10	1	0	0	5	5	11	183	255	255	204	0	3	3	0	0	0	0	
0	0	0	0	0	0	0	0	2	5	9	0	4	15	0	1	92	239	241	183	33	6	17	0	0	0	0	0	
0	0	0	0	0	0	0	0	1	0	0	11	0	0	15	159	255	255	255	147	0	0	0	10	0	0	0	0	
0	0	0	0	0	0	0	0	11	0	13	0	19	160	227	237	247	246	146	24	1	0	12	2	0	0	0	0	
0	0	0	0	0	0	0	0	0	7	33	50	221	255	245	255	228	131	4	0	15	0	0	0	0	0	0	0	
0	0	0	0	0	0	0	0	6	91	237	255	245	246	255	203	38	0	3	8	0	12	8	0	0	0	0	0	
0	0	0	0	0	0	0	0	125	239	250	255	243	234	107	7	0	0	0	0	3	3	0	5	0	0	0	0	
7	0	1	1	0	4	18	138	243	245	254	162	82	16	0	5	5	4	0	30	0	12	0	3	9	0	0	0	
0	9	5	0	11	8	156	255	255	253	236	143	91	89	143	204	183	228	214	228	224	197	152	194	209	194	13	7	
2	0	13	0	0	0	255	251	247	243	255	247	255	255	255	254	255	248	250	255	242	243	255	251	255	255	0	0	
9	0	4	7	0	4	240	251	255	255	255	245	242	244	252	255	254	198	210	240	255	255	255	204	163	168	11	7	
2	1	0	1	14	0	76	245	246	242	239	255	255	254	217	183	107	20	76	123	110	116	127	20	0	4	0	0	
0	10	0	0	0	0	0	108	185	209	200	179	103	38	5	0	0	5	0	0	24	3	0	3	9	6	11	10	
0	0	9	1	0	26	1	6	0	5	0	10	0	0	1	5	0	0	4	0	4	0	0	5	2	0	0	0	
1	4	0	0	7	0	0	0	0	9	0	13	0	0	0	0	8	3	0	0	4	3	0	0	3	0	16	0	
0	0	0	0	0	0	0	0	0	0	0	0	0	0	0	0	0	0	0	0	0	0	0	0	0	0	0	0	
0	0	0	0	0	0	0	0	0	0	0	0	0	0	0	0	0	0	0	0	0	0	0	0	0	0	0	0	
0	0	0	0	0	0	0	0	0	0	0	0	0	0	0	0	0	0	0	0	0	0	0	0	0	0	0	0	
0	0	0	0	0	0	0	0	0	0	0	0	0	0	0	0	0	0	0	0	0	0	0	0	0	0	0	0	
