0	0	0	0	0	0	0	0	0	1	2	0	2	5	0	2	11	0	1	6	0	0	9	0	0	0	0	0	
0	0	0	0	0	0	0	0	5	4	2	0	0	6	2	0	0	0	10	0	0	5	3	0	0	0	0	0	
0	0	0	0	0	0	0	0	11	0	0	10	4	0	0	3	9	0	2	0	3	6	0	8	0	0	0	0	
0	0	0	0	0	0	0	0	0	0	3	1	0	1	13	0	10	0	4	1	0	7	0	3	0	0	0	0	
0	0	0	0	0	0	0	0	0	0	0	43	44	6	2	0	0	0	8	5	0	7	6	0	0	0	0	0	
0	0	0	0	0	0	0	0	0	35	97	206	246	197	190	202	108	25	0	0	0	0	6	0	0	0	0	0	
0	0	0	0	0	0	0	0	0	167	246	255	255	252	255	245	243	143	7	0	15	0	0	6	0	0	0	0	
0	0	0	0	0	0	0	0	4	171	233	223	171	116	176	255	255	255	90	0	5	0	3	0	0	0	0	0	
0	0	2	7	4	0	0	6	1	0	0	1	9	0	0	133	255	244	90	0	1	14	0	1	0	0	0	0	
6	0	0	0	0	0	0	0	5	0	12	7	0	14	15	72	248	255	79	7	0	3	1	6	0	0	0	0	
0	0	1	2	4	6	4	0	0	6	1	0	0	0	0	95	246	255	120	4	0	0	0	0	0	0	0	0	
0	5	9	2	0	0	0	0	0	12	0	2	22	1	0	85	255	253	199	0	10	7	0	1	0	0	0	0	
0	0	0	0	0	6	9	8	0	0	0	0	0	3	20	75	247	245	196	0	0	4	3	0	0	0	0	0	
1	0	0	3	7	3	0	0	6	58	75	68	9	0	12	133	250	255	121	8	0	0	4	0	0	0	0	0	
8	2	1	0	0	0	13	45	153	240	255	255	204	112	105	235	255	235	59	19	0	3	7	3	0	0	0	0	
0	0	1	1	2	46	153	255	252	255	230	242	253	255	248	255	249	153	9	0	5	6	0	6	0	0	0	0	
1	0	5	9	0	142	242	255	228	140	48	151	255	245	255	255	244	69	37	16	10	0	0	53	0	1	11	0	
3	7	0	8	1	240	254	224	41	82	200	255	249	242	255	241	255	235	255	215	184	197	209	230	155	0	0	0	
0	11	3	9	0	244	252	246	243	255	255	238	255	239	179	248	246	235	255	249	243	249	255	244	255	1	4	0	
7	0	0	0	17	180	237	255	246	231	255	181	43	4	0	0	106	119	180	235	255	250	255	245	169	0	14	0	
0	5	17	3	0	18	108	162	202	98	6	0	14	0	0	27	2	0	0	30	88	92	71	3	24	0	4	0	
8	12	0	0	0	0	0	0	0	21	5	0	0	0	4	0	0	2	3	0	0	0	16	10	0	3	0	5	
0	6	0	12	10	8	0	2	3	0	0	9	2	0	12	0	4	0	5	0	14	0	0	0	6	9	0	5	
2	1	4	0	0	0	0	10	0	4	1	0	4	0	0	2	0	0	11	0	4	0	0	6	3	0	0	0	
0	0	0	0	0	0	0	0	0	0	0	0	0	0	0	0	0	0	0	0	0	0	0	0	0	0	0	0	
0	0	0	0	0	0	0	0	0	0	0	0	0	0	0	0	0	0	0	0	0	0	0	0	0	0	0	0	
0	0	0	0	0	0	0	0	0	0	0	0	0	0	0	0	0	0	0	0	0	0	0	0	0	0	0	0	
0	0	0	0	0	0	0	0	0	0	0	0	0	0	0	0	0	0	0	0	0	0	0	0	0	0	0	0	
