0	0	8	0	0	6	0	4	0	0	1	0	9	0	0	1	0	0	6	8	0	0	6	0	0	0	0	0	
0	9	5	0	0	2	11	9	2	14	0	1	4	9	17	0	3	0	0	0	0	0	0	5	0	0	0	0	
0	17	0	0	27	0	0	0	0	0	6	0	0	0	8	0	0	3	9	0	2	6	0	7	0	0	0	0	
0	9	0	0	0	0	7	23	13	0	19	14	0	17	0	1	0	0	10	0	0	13	0	0	0	0	0	0	
4	0	19	9	0	11	16	0	0	34	75	179	174	231	177	176	76	3	0	0	0	8	0	3	0	0	0	0	
7	0	0	0	11	1	0	37	193	255	245	255	255	225	255	254	216	89	0	0	4	0	0	5	0	0	0	0	
0	13	0	0	3	0	60	251	234	255	255	215	238	155	219	255	255	205	56	1	8	0	0	1	0	0	0	0	
0	0	3	15	0	26	172	251	240	144	59	9	0	0	0	152	247	255	108	0	3	0	5	0	0	0	0	0	
0	0	0	0	0	5	39	75	62	0	18	0	2	12	0	66	255	237	161	6	6	2	0	1	0	0	0	0	
3	0	1	3	0	0	0	15	0	0	0	10	13	0	2	112	252	255	154	0	0	0	2	0	0	0	0	0	
2	0	0	7	5	0	0	0	0	9	5	0	0	0	7	178	250	252	116	1	4	3	12	3	0	0	0	0	
3	0	0	3	7	4	1	2	4	0	5	0	0	9	48	244	255	165	33	0	9	0	0	0	0	0	0	0	
4	0	0	0	0	0	0	2	0	0	0	16	9	0	137	255	251	78	0	0	0	0	0	6	0	0	0	0	
0	0	0	0	0	0	0	0	4	8	4	0	9	114	250	249	143	11	0	8	3	5	4	5	0	0	0	0	
0	0	0	1	3	5	3	1	0	0	8	12	104	255	255	178	14	0	0	0	6	0	4	0	0	0	0	0	
6	2	0	0	1	5	3	0	0	4	19	179	255	254	172	25	0	10	8	0	14	0	13	0	0	0	0	0	
5	0	0	1	4	0	5	0	0	87	197	255	252	158	49	0	0	3	2	0	0	3	2	0	12	0	7	6	
0	4	0	2	0	0	0	17	91	195	255	255	86	20	0	11	7	0	0	0	3	5	4	4	0	14	0	0	
0	2	0	8	0	0	14	148	243	255	245	213	27	19	31	80	33	13	0	2	4	0	0	0	105	100	0	0	
2	0	0	11	0	1	46	255	255	247	246	254	227	244	255	250	244	234	227	229	234	236	237	239	255	172	18	0	
3	6	0	3	0	0	24	219	243	248	255	254	255	251	250	243	249	255	255	245	243	252	254	246	73	10	0	4	
0	9	0	0	0	7	0	67	70	82	69	58	62	60	60	81	87	103	102	79	67	72	69	55	20	0	12	0	
0	5	1	0	3	7	0	0	0	0	0	2	0	11	0	0	0	1	3	0	0	0	0	0	0	0	0	0	
8	1	0	4	0	0	6	8	9	0	6	10	0	0	14	0	4	1	0	0	3	4	2	1	0	24	0	9	
0	0	0	0	0	0	0	0	0	0	0	0	0	0	0	0	0	0	0	0	0	0	0	0	0	0	0	0	
0	0	0	0	0	0	0	0	0	0	0	0	0	0	0	0	0	0	0	0	0	0	0	0	0	0	0	0	
0	0	0	0	0	0	0	0	0	0	0	0	0	0	0	0	0	0	0	0	0	0	0	0	0	0	0	0	
0	0	0	0	0	0	0	0	0	0	0	0	0	0	0	0	0	0	0	0	0	0	0	0	0	0	0	0	
