0	0	0	0	0	0	0	0	3	0	9	0	11	2	0	0	0	0	1	1	4	0	0	8	0	0	0	0	
0	0	0	0	0	0	0	0	9	0	0	7	0	4	18	2	7	9	0	0	0	3	0	0	0	0	0	0	
0	0	0	0	0	0	0	0	0	19	5	2	2	7	0	4	0	0	5	13	1	0	3	9	0	0	0	0	
0	0	0	0	0	0	0	0	0	0	0	0	0	8	0	4	19	0	0	0	0	0	5	0	0	0	0	0	
0	0	0	0	0	0	0	0	5	0	12	0	1	0	0	1	0	0	7	0	0	7	5	0	0	0	0	0	
0	0	0	0	0	0	0	0	0	1	15	48	169	156	70	35	24	10	0	2	15	3	0	7	0	0	0	0	
0	0	0	0	0	0	0	0	1	79	207	255	255	248	249	255	214	132	15	0	7	5	0	3	0	0	0	0	
0	0	0	0	0	0	0	0	99	209	255	232	163	129	139	243	249	255	145	11	0	5	0	1	0	0	0	0	
1	1	0	2	3	0	0	22	213	255	183	23	9	0	0	23	148	255	234	36	12	0	3	4	0	0	0	0	
0	0	0	0	6	3	9	28	248	141	23	0	0	10	6	15	10	121	255	153	0	0	0	2	0	0	0	0	
0	5	0	0	0	0	2	12	71	17	0	16	0	1	0	0	0	69	246	170	0	8	8	0	0	0	0	0	
0	8	2	0	0	0	0	0	0	14	5	0	0	7	5	10	0	153	254	153	8	0	0	0	0	0	0	0	
0	5	2	0	4	4	0	0	0	0	4	0	7	0	0	0	74	245	241	67	0	1	0	6	0	0	0	0	
0	4	1	0	3	0	0	3	12	0	8	2	2	0	11	0	113	255	255	64	0	0	0	4	0	0	0	0	
2	3	0	0	0	0	0	13	0	0	0	0	10	1	0	0	231	235	114	3	0	13	1	0	0	0	0	0	
1	0	0	0	5	0	11	39	125	130	43	3	1	0	33	193	241	211	0	0	7	0	4	0	0	0	0	0	
0	0	4	0	0	7	90	255	252	248	252	181	158	73	206	238	253	105	0	0	1	0	6	0	0	3	5	2	
9	0	0	0	1	3	237	255	181	177	149	254	253	249	236	255	248	197	134	100	85	99	97	36	6	0	0	0	
3	0	0	7	3	0	255	242	67	2	0	159	233	255	235	255	255	251	247	255	254	255	255	216	235	123	18	0	
0	2	0	7	0	0	132	255	136	19	121	255	255	227	138	13	6	0	14	83	112	108	124	127	120	51	0	0	
1	5	5	0	0	2	30	255	255	255	255	250	199	116	0	0	2	0	0	9	11	0	2	0	2	4	10	12	
0	0	8	0	6	0	10	144	249	239	252	174	26	0	0	2	1	10	2	5	0	0	0	0	3	0	0	0	
0	0	6	1	3	0	8	20	56	34	49	10	0	0	17	0	0	1	0	6	6	0	0	9	0	2	5	4	
8	0	3	5	0	5	4	0	0	7	0	0	0	0	0	0	0	9	0	0	6	6	5	0	2	0	0	0	
0	0	0	0	0	0	0	0	0	0	0	0	0	0	0	0	0	0	0	0	0	0	0	0	0	0	0	0	
0	0	0	0	0	0	0	0	0	0	0	0	0	0	0	0	0	0	0	0	0	0	0	0	0	0	0	0	
0	0	0	0	0	0	0	0	0	0	0	0	0	0	0	0	0	0	0	0	0	0	0	0	0	0	0	0	
0	0	0	0	0	0	0	0	0	0	0	0	0	0	0	0	0	0	0	0	0	0	0	0	0	0	0	0	
