0	0	0	0	0	0	0	0	7	0	0	0	2	5	0	0	0	5	5	1	0	4	3	0	0	0	0	0	
0	0	0	0	0	0	0	0	0	0	9	3	0	0	0	8	2	3	0	0	0	3	1	0	0	0	0	0	
0	0	0	0	0	0	0	0	10	1	0	0	2	7	0	0	0	0	1	3	2	0	0	10	0	0	0	0	
0	0	0	0	0	0	0	0	0	3	6	13	5	0	0	6	5	0	4	2	9	0	0	4	0	0	0	0	
0	0	0	0	0	0	0	0	0	0	0	0	3	0	2	5	0	0	10	0	5	9	11	0	0	0	0	0	
0	0	0	0	0	0	0	0	10	11	1	60	135	195	255	255	255	254	199	61	0	0	14	11	0	0	0	0	
0	0	0	0	0	0	0	0	0	107	193	253	255	251	254	214	221	238	255	217	135	8	0	0	0	0	0	0	
0	0	0	0	0	0	0	0	124	235	255	212	131	75	60	1	0	9	143	250	239	55	0	12	0	0	0	0	
0	0	0	0	0	0	0	0	191	255	195	10	4	0	2	0	0	0	12	161	255	98	0	4	0	0	0	0	
0	0	0	0	0	0	0	0	41	211	115	1	0	2	11	0	4	2	6	251	221	31	6	0	0	0	0	0	
0	0	0	0	0	0	0	0	8	7	0	13	0	3	0	0	11	0	173	255	159	0	0	4	0	0	0	0	
0	0	0	0	0	0	0	0	0	0	8	0	0	14	0	10	0	124	255	229	51	0	6	0	0	0	0	0	
0	0	0	0	0	0	0	0	10	10	0	14	14	0	0	5	32	237	248	97	0	4	5	0	0	0	0	0	
0	0	0	0	0	0	0	0	3	0	0	7	0	9	15	1	187	246	155	0	9	1	0	0	0	0	0	0	
0	0	0	0	0	0	0	0	0	0	10	3	9	0	1	184	247	180	13	11	2	0	2	0	0	0	0	0	
0	0	0	0	0	0	0	0	0	7	14	0	8	10	129	250	222	0	10	0	0	14	0	9	0	0	0	0	
0	2	0	7	9	0	0	5	8	0	0	2	0	115	252	219	18	9	2	0	0	0	3	0	0	0	0	0	
2	3	0	0	0	5	6	0	0	3	0	16	120	255	215	16	6	5	0	7	15	0	0	6	0	0	0	0	
0	0	0	1	0	4	1	0	7	0	0	111	255	196	39	10	0	0	0	0	4	10	28	53	0	0	0	0	
6	0	3	8	0	0	0	3	0	0	136	252	207	71	0	5	2	20	101	136	142	233	240	96	0	0	0	0	
11	0	3	0	0	2	0	7	13	95	242	232	91	31	66	123	203	231	237	230	189	82	0	2	0	0	0	0	
0	0	10	0	0	10	0	0	51	226	255	149	142	231	255	251	248	166	97	38	0	0	17	0	0	0	0	0	
0	0	11	0	5	3	0	74	255	255	255	254	242	227	173	81	8	0	0	11	3	0	3	0	0	0	0	0	
7	0	0	0	2	0	46	226	251	255	221	167	87	10	3	3	0	15	3	0	0	2	0	6	0	0	0	0	
8	0	1	10	0	0	106	241	187	92	8	0	8	4	0	0	0	0	0	0	0	0	0	0	0	0	0	0	
0	0	0	6	1	0	0	12	11	1	0	1	0	0	0	9	0	0	0	0	0	0	0	0	0	0	0	0	
0	3	0	0	0	9	2	0	0	1	11	7	0	0	0	0	0	0	0	0	0	0	0	0	0	0	0	0	
2	0	1	4	2	0	2	10	6	7	0	0	0	7	6	0	0	0	0	0	0	0	0	0	0	0	0	0	
