0	0	0	0	0	0	0	0	1	2	0	5	0	0	4	0	0	7	2	0	0	5	4	0	0	0	0	0	
0	0	0	0	0	0	0	0	7	0	3	0	1	19	8	1	0	0	8	14	8	0	0	13	0	0	0	0	
0	0	0	0	0	0	0	0	0	1	9	4	0	0	0	0	3	4	1	0	0	21	3	0	0	0	0	0	
0	0	0	0	0	0	0	0	11	16	0	0	8	0	15	1	0	0	0	4	9	0	0	0	0	0	0	0	
0	0	0	0	0	0	0	0	0	0	0	0	6	0	0	8	0	22	16	51	59	46	61	23	0	0	0	0	
0	0	0	0	0	0	0	0	9	0	33	0	2	47	6	67	123	198	236	255	244	250	239	121	0	0	0	0	
0	0	0	0	0	0	0	0	0	5	52	38	120	233	230	255	255	241	255	236	200	247	255	211	0	0	0	0	
0	0	0	0	0	0	0	0	24	178	254	252	251	255	255	247	132	52	55	26	83	249	220	74	0	0	0	0	
0	0	0	0	0	0	0	0	17	214	246	247	255	214	140	19	0	0	11	93	205	255	200	14	0	0	0	0	
0	0	0	0	0	0	0	0	14	165	255	219	86	4	6	0	14	0	185	237	254	249	12	15	0	0	0	0	
0	0	0	0	0	0	0	0	5	0	5	0	0	8	7	5	45	180	255	255	209	45	14	0	0	0	0	0	
0	0	0	0	0	0	0	0	0	1	17	0	2	6	0	34	238	255	247	222	57	0	1	0	0	0	0	0	
0	0	0	0	0	0	0	0	11	0	0	5	9	19	126	255	246	255	119	0	17	2	18	0	0	0	0	0	
0	0	0	0	0	0	0	0	0	11	0	9	51	154	255	246	232	119	11	7	0	0	0	0	0	0	0	0	
0	0	0	0	0	0	0	0	10	0	7	139	247	255	252	195	12	0	0	0	12	0	15	0	0	0	0	0	
0	0	0	0	0	0	0	0	0	133	210	245	255	196	90	34	0	4	0	8	0	0	2	0	0	0	0	0	
1	3	5	0	0	16	0	46	140	247	255	238	184	66	2	0	0	0	19	0	8	0	12	0	0	0	0	0	
0	0	0	0	1	0	39	226	250	252	236	108	0	0	0	13	0	15	0	0	7	12	0	9	0	0	0	0	
7	11	0	7	20	141	180	255	250	155	57	14	6	7	3	0	21	11	1	0	0	4	3	0	0	0	0	0	
0	14	0	3	89	253	255	255	162	0	0	2	0	6	0	7	78	204	218	82	4	0	8	0	0	0	0	0	
0	0	4	0	249	247	243	250	144	182	133	149	167	150	214	253	255	253	249	218	19	0	0	2	0	0	0	0	
18	0	0	8	255	255	255	247	246	255	255	250	239	250	255	251	236	255	255	199	67	14	5	0	0	0	0	0	
0	1	0	0	85	170	221	201	200	223	191	198	217	193	198	210	188	109	92	34	6	0	15	0	0	0	0	0	
0	6	7	0	15	0	2	0	9	0	5	0	0	12	0	0	0	8	0	0	6	6	0	7	0	0	0	0	
0	0	0	0	0	0	0	0	0	0	0	0	0	0	0	0	0	0	0	0	0	0	0	0	0	0	0	0	
0	0	0	0	0	0	0	0	0	0	0	0	0	0	0	0	0	0	0	0	0	0	0	0	0	0	0	0	
0	0	0	0	0	0	0	0	0	0	0	0	0	0	0	0	0	0	0	0	0	0	0	0	0	0	0	0	
0	0	0	0	0	0	0	0	0	0	0	0	0	0	0	0	0	0	0	0	0	0	0	0	0	0	0	0	
