0	0	0	0	0	0	0	0	7	0	0	10	2	0	2	7	5	0	0	0	8	0	0	10	0	0	0	0	
0	0	0	0	0	0	0	0	0	8	22	0	20	9	0	3	0	0	7	16	0	9	15	0	0	0	0	0	
0	0	0	0	0	0	0	0	7	0	0	4	0	0	16	0	18	0	0	0	10	0	0	2	0	0	0	0	
0	0	0	0	0	0	0	0	0	21	4	8	5	3	0	4	0	12	0	0	0	6	7	0	0	0	0	0	
0	0	0	0	0	0	0	0	13	0	0	0	9	3	0	0	125	135	125	134	10	2	7	0	0	0	0	0	
0	0	0	0	0	0	0	0	0	15	0	20	0	123	255	254	255	241	253	255	255	183	134	9	0	0	0	0	
0	0	0	0	0	0	0	0	1	4	3	200	242	247	255	253	255	255	255	184	255	241	255	124	0	0	0	0	
0	0	0	0	0	0	0	0	2	0	255	253	255	255	246	194	124	7	0	131	247	255	251	133	0	0	0	0	
0	0	0	0	0	0	0	0	4	0	124	253	254	255	118	4	6	0	10	41	255	255	255	188	0	0	0	0	
0	0	0	0	0	0	0	0	2	5	0	80	177	55	10	0	0	12	2	192	255	246	231	197	0	0	0	0	
0	0	0	0	0	0	0	0	2	3	0	0	9	0	12	0	2	0	68	244	255	255	255	64	0	0	0	0	
0	0	0	0	0	0	0	0	0	4	7	0	0	10	0	7	0	140	246	255	249	248	134	0	0	0	0	0	
0	0	0	0	0	0	0	0	0	3	0	0	15	0	1	0	194	255	255	244	246	192	71	7	0	0	0	0	
0	0	0	0	0	0	0	0	8	0	6	12	0	0	13	76	191	250	244	251	218	47	0	0	0	0	0	0	
0	0	0	0	0	0	0	0	0	0	0	5	0	19	46	246	255	255	245	255	59	6	17	0	0	0	0	0	
0	0	0	0	0	0	0	0	2	0	12	0	0	57	250	255	255	243	199	63	0	0	0	0	0	0	0	0	
0	4	6	0	0	12	0	7	5	0	0	5	121	253	255	255	252	135	4	4	8	0	0	9	0	0	0	0	
0	0	0	12	0	0	191	255	250	255	252	240	255	255	249	253	128	0	66	54	4	0	11	0	0	0	0	0	
7	0	0	12	58	248	255	255	243	255	255	255	255	244	254	255	251	255	255	192	119	1	0	0	0	0	0	0	
0	9	6	0	195	255	255	240	255	255	255	249	253	255	253	245	255	227	246	255	78	0	3	2	0	0	0	0	
0	0	5	5	248	255	239	255	255	243	255	228	138	73	65	135	182	255	129	76	0	0	25	0	0	0	0	0	
1	4	0	0	199	243	255	241	255	255	242	94	0	0	0	0	1	0	7	0	0	25	0	13	0	0	0	0	
11	0	3	4	0	140	129	255	181	62	0	0	1	9	0	7	8	0	9	0	6	1	2	0	0	0	0	0	
0	4	6	0	2	0	0	4	7	0	0	3	0	0	11	0	9	0	7	2	0	0	4	7	0	0	0	0	
0	0	0	0	0	0	0	0	0	0	0	0	0	0	0	0	0	0	0	0	0	0	0	0	0	0	0	0	
0	0	0	0	0	0	0	0	0	0	0	0	0	0	0	0	0	0	0	0	0	0	0	0	0	0	0	0	
0	0	0	0	0	0	0	0	0	0	0	0	0	0	0	0	0	0	0	0	0	0	0	0	0	0	0	0	
0	0	0	0	0	0	0	0	0	0	0	0	0	0	0	0	0	0	0	0	0	0	0	0	0	0	0	0	
