0	0	9	3	0	1	0	2	10	0	10	0	0	9	0	1	0	0	0	0	0	0	0	0	0	0	0	0	
2	0	7	0	0	7	1	0	0	14	0	6	0	0	17	0	0	0	0	0	0	0	0	0	0	0	0	0	
4	0	6	0	0	8	0	0	10	3	0	18	0	0	0	4	0	0	0	0	0	0	0	0	0	0	0	0	
2	0	5	2	2	1	0	12	43	145	232	176	64	18	0	1	0	0	0	0	0	0	0	0	0	0	0	0	
2	0	1	4	3	0	2	58	249	255	252	255	183	11	0	5	0	0	0	0	0	0	0	0	0	0	0	0	
4	0	0	0	0	0	12	85	255	199	185	241	255	134	7	0	0	0	0	0	0	0	0	0	0	0	0	0	
1	1	0	0	2	0	3	57	167	14	0	134	255	225	0	6	0	0	0	0	0	0	0	0	0	0	0	0	
0	5	3	0	7	5	0	9	6	0	0	160	255	234	5	0	0	0	0	0	0	0	0	0	0	0	0	0	
0	0	0	0	0	0	0	0	0	7	3	125	255	244	46	6	0	0	0	0	0	0	0	0	0	0	0	0	
0	0	0	0	0	0	0	0	0	0	0	58	248	251	95	0	0	0	0	0	0	0	0	0	0	0	0	0	
0	0	0	0	0	0	0	0	0	3	0	52	244	254	130	1	0	0	0	0	0	0	0	0	0	0	0	0	
0	0	0	0	0	0	0	0	0	9	5	40	249	255	173	13	0	0	0	0	0	0	0	0	0	0	0	0	
0	0	0	0	0	0	0	0	0	4	7	15	255	255	187	0	0	0	0	0	0	0	0	0	0	0	0	0	
0	0	0	0	0	0	0	0	0	4	0	91	254	252	103	0	0	0	0	0	0	0	0	0	0	0	0	0	
0	0	0	0	0	0	0	0	0	4	0	138	254	240	44	3	0	0	0	0	0	0	0	0	0	0	0	0	
0	0	0	0	0	0	0	0	1	0	4	57	255	242	85	0	0	0	0	0	0	0	0	0	0	0	0	0	
0	0	0	0	0	0	0	0	6	0	3	69	244	255	79	3	10	0	0	1	0	0	4	5	0	0	0	0	
0	0	0	0	0	0	0	0	2	0	9	139	255	240	44	2	0	0	9	11	2	0	0	0	0	0	0	0	
0	0	0	0	0	0	0	0	8	0	0	159	255	219	25	0	0	13	3	0	0	0	0	8	0	0	0	0	
0	0	0	0	0	0	0	0	0	10	2	162	246	234	118	91	86	0	0	10	0	63	97	0	0	0	0	0	
0	0	0	0	0	0	0	0	12	0	0	142	255	255	244	255	245	233	244	240	223	245	255	216	0	0	0	0	
0	0	0	0	0	0	0	0	0	22	2	12	110	202	255	239	255	253	252	252	253	255	235	186	0	0	0	0	
0	0	0	0	0	0	0	0	1	0	0	1	6	0	73	157	163	243	255	252	255	167	42	8	0	0	0	0	
0	0	0	0	0	0	0	0	1	0	3	0	0	0	0	0	0	6	0	0	3	4	0	0	0	0	0	0	
0	0	0	0	0	0	0	0	0	0	0	0	0	0	0	0	0	0	0	0	0	0	0	0	0	0	0	0	
0	0	0	0	0	0	0	0	0	0	0	0	0	0	0	0	0	0	0	0	0	0	0	0	0	0	0	0	
0	0	0	0	0	0	0	0	0	0	0	0	0	0	0	0	0	0	0	0	0	0	0	0	0	0	0	0	
0	0	0	0	0	0	0	0	0	0	0	0	0	0	0	0	0	0	0	0	0	0	0	0	0	0	0	0	
