0	0	0	0	0	0	0	0	4	5	1	0	0	0	0	0	3	0	0	7	1	0	0	0	0	0	0	0	
0	0	0	0	0	0	0	0	0	0	4	13	6	0	0	7	6	7	0	0	10	0	0	18	0	0	0	0	
0	0	0	0	0	0	0	0	1	2	0	0	0	8	5	0	0	6	9	0	8	2	0	0	0	0	0	0	
0	0	0	0	0	0	0	0	7	0	0	7	1	0	0	15	7	0	0	6	0	0	3	0	0	0	0	0	
0	0	0	0	0	0	0	0	0	0	4	9	9	4	0	0	0	1	13	83	76	42	0	6	0	0	0	0	
0	0	0	0	0	0	0	0	4	1	0	0	0	0	10	27	185	255	241	250	255	203	43	0	0	0	0	0	
0	0	0	0	0	0	0	0	8	0	0	17	1	0	76	191	248	254	180	128	212	255	148	0	0	0	0	0	
0	0	0	0	0	0	0	0	0	11	2	0	39	157	240	255	255	105	12	0	127	247	216	7	0	0	0	0	
0	0	0	0	0	0	0	0	0	0	0	21	163	249	255	227	105	16	0	1	175	248	138	3	0	0	0	0	
0	0	0	0	0	0	0	0	6	0	24	67	244	253	158	8	11	0	6	81	245	133	5	0	0	0	0	0	
0	0	0	0	0	0	0	0	1	0	0	21	147	59	0	0	0	0	9	241	243	57	0	4	0	0	0	0	
0	0	0	0	0	0	0	0	0	1	5	0	0	0	4	3	0	33	139	255	194	2	9	3	0	0	0	0	
0	0	0	0	0	0	0	0	0	13	0	1	9	0	0	10	0	92	234	230	17	12	0	0	0	0	0	0	
0	0	0	0	0	0	0	0	4	0	7	0	0	0	29	0	108	246	186	31	16	0	0	10	0	0	0	0	
0	0	0	0	0	0	0	0	8	0	6	54	119	56	30	82	250	235	45	0	0	1	11	0	0	0	0	0	
0	0	0	0	0	0	0	0	68	179	216	250	255	249	207	255	198	20	0	6	0	0	0	8	0	0	0	0	
0	0	0	1	4	0	23	126	235	184	112	93	129	255	252	255	175	0	8	1	0	0	27	0	0	0	0	0	
0	15	0	0	3	38	152	255	81	0	13	18	190	255	249	245	255	15	0	0	25	12	0	5	0	0	0	0	
5	0	0	1	65	185	185	56	0	26	128	214	247	96	30	214	246	78	18	0	0	11	4	7	0	0	0	0	
3	14	0	23	198	238	74	1	73	219	249	249	103	10	0	20	255	247	33	0	19	0	0	3	0	0	0	0	
2	0	0	153	255	116	37	195	246	246	102	0	1	0	11	0	149	248	57	13	0	0	18	0	0	0	0	0	
0	16	14	164	255	229	255	237	184	31	7	20	23	0	0	6	17	213	101	0	0	6	0	4	0	0	0	0	
0	14	0	133	249	194	113	9	6	0	1	0	0	22	0	5	0	13	3	0	3	3	2	0	0	0	0	0	
12	0	2	9	0	0	0	3	0	6	1	5	1	0	1	0	7	0	4	8	3	0	11	0	0	0	0	0	
0	0	0	0	0	0	0	0	0	0	0	0	0	0	0	0	0	0	0	0	0	0	0	0	0	0	0	0	
0	0	0	0	0	0	0	0	0	0	0	0	0	0	0	0	0	0	0	0	0	0	0	0	0	0	0	0	
0	0	0	0	0	0	0	0	0	0	0	0	0	0	0	0	0	0	0	0	0	0	0	0	0	0	0	0	
0	0	0	0	0	0	0	0	0	0	0	0	0	0	0	0	0	0	0	0	0	0	0	0	0	0	0	0	
