0	0	0	0	0	0	0	0	7	0	0	7	0	0	8	0	0	4	1	0	0	3	0	1	0	0	0	0	
0	0	0	0	0	0	0	0	0	3	5	0	0	1	7	3	4	0	0	4	5	2	0	15	0	0	0	0	
0	0	0	0	0	0	0	0	0	3	3	7	1	0	0	14	4	0	13	0	0	17	0	0	0	0	0	0	
0	0	0	0	0	0	0	0	0	13	3	0	0	20	12	0	0	0	12	0	0	0	0	6	0	0	0	0	
0	0	0	0	0	0	0	0	9	0	3	81	123	202	247	255	244	255	248	105	18	0	19	0	0	0	0	0	
0	0	0	0	0	0	0	0	0	38	135	251	245	250	248	255	252	244	248	247	179	2	0	7	0	0	0	0	
0	0	0	0	0	0	0	0	47	190	255	255	232	255	250	242	246	255	245	255	207	8	0	6	0	0	0	0	
0	0	0	0	0	0	0	0	178	255	247	230	192	144	43	43	132	248	255	243	191	5	5	0	0	0	0	0	
0	2	0	2	0	8	0	7	52	159	186	81	4	0	0	2	204	255	253	236	102	3	0	2	0	0	0	0	
1	0	3	11	0	7	13	0	0	0	10	8	6	0	1	32	255	231	254	184	6	8	0	1	0	0	0	0	
0	4	0	7	3	0	10	23	9	0	15	0	0	22	9	139	247	244	255	42	0	0	0	0	0	0	0	0	
0	6	0	0	8	4	74	72	5	13	0	16	0	0	142	255	237	255	141	0	2	12	0	0	0	0	0	0	
10	0	4	0	0	73	163	33	0	0	0	8	0	95	255	250	255	146	5	0	2	0	8	0	0	0	0	0	
0	0	7	2	0	57	97	0	17	0	17	4	93	248	255	247	177	18	0	4	0	0	11	0	0	0	0	0	
0	13	0	0	7	4	0	0	0	0	0	123	247	255	241	210	24	0	0	19	0	20	0	12	0	0	0	0	
2	13	0	0	0	11	0	14	1	11	108	235	253	255	198	3	0	0	9	0	4	0	0	1	0	0	0	0	
1	0	4	3	0	3	0	0	0	57	255	255	245	248	73	0	0	6	0	13	0	0	17	41	0	0	0	0	
0	7	14	0	0	11	6	4	84	210	230	255	244	92	2	3	0	7	2	0	0	24	143	231	0	0	0	0	
6	0	0	0	12	0	0	23	219	237	255	236	91	0	9	0	12	25	50	82	161	205	253	242	0	0	0	0	
1	0	1	7	6	0	30	181	255	238	255	120	0	10	21	65	115	194	255	251	252	255	255	227	0	0	0	0	
0	3	1	0	6	2	79	249	250	255	248	194	176	181	196	255	252	255	254	251	250	255	200	143	0	0	0	0	
6	0	0	0	12	6	80	250	255	235	249	255	242	247	255	253	239	245	243	222	136	70	0	0	0	0	0	0	
4	0	2	1	0	0	65	238	255	255	255	246	255	255	237	238	238	140	51	3	0	8	0	4	0	0	0	0	
0	4	3	0	9	6	0	38	228	255	243	255	231	125	51	8	0	0	15	0	2	5	0	0	0	0	0	0	
0	0	0	0	0	0	0	0	0	0	0	0	0	0	0	0	0	0	0	0	0	0	0	0	0	0	0	0	
0	0	0	0	0	0	0	0	0	0	0	0	0	0	0	0	0	0	0	0	0	0	0	0	0	0	0	0	
0	0	0	0	0	0	0	0	0	0	0	0	0	0	0	0	0	0	0	0	0	0	0	0	0	0	0	0	
0	0	0	0	0	0	0	0	0	0	0	0	0	0	0	0	0	0	0	0	0	0	0	0	0	0	0	0	
