0	0	0	0	0	0	0	0	0	0	7	0	9	4	10	0	0	0	0	10	0	0	0	4	0	0	0	0	
0	0	0	0	0	0	0	0	7	0	4	0	2	0	0	1	0	5	6	0	21	1	0	0	0	0	0	0	
0	0	0	0	0	0	0	0	1	0	2	0	1	5	12	1	1	10	0	0	0	0	0	2	0	0	0	0	
0	0	0	0	0	0	0	0	0	1	12	6	0	0	0	0	5	0	3	6	5	7	6	0	0	0	0	0	
0	0	0	0	0	0	0	0	13	0	0	3	3	0	4	23	113	169	247	193	126	7	0	14	0	0	0	0	
0	0	0	0	0	0	0	0	0	7	8	2	2	66	140	198	238	255	253	255	254	182	8	0	0	0	0	0	
0	0	0	0	0	0	0	0	12	0	0	43	138	247	255	255	255	211	138	189	247	255	87	0	0	0	0	0	
0	0	0	0	0	0	0	0	0	0	49	195	255	255	237	255	153	0	3	29	188	255	184	0	0	0	0	0	
0	0	0	0	0	0	0	0	0	1	164	250	250	255	223	92	3	1	7	7	235	255	211	3	0	0	0	0	
0	0	0	0	0	0	0	0	3	0	153	255	255	103	14	0	6	0	0	144	250	255	62	0	0	0	0	0	
0	0	0	0	0	0	0	0	3	0	71	103	40	0	9	0	0	0	136	253	237	239	21	0	0	0	0	0	
0	0	0	0	0	0	0	0	12	14	0	13	0	0	0	20	99	193	233	255	208	46	0	0	0	0	0	0	
0	0	0	0	0	0	0	0	0	0	0	7	2	0	47	145	255	249	246	173	50	0	1	17	0	0	0	0	
0	0	0	0	0	0	0	0	21	0	12	0	1	59	211	255	236	222	117	19	2	0	3	0	0	0	0	0	
0	0	0	0	0	0	0	0	4	0	0	86	208	244	247	223	100	0	1	0	1	7	0	11	0	0	0	0	
0	0	0	0	0	0	0	0	0	11	75	245	243	255	164	33	6	1	0	13	0	4	0	2	0	0	0	0	
0	0	12	0	0	2	2	1	3	6	208	253	239	94	0	5	4	0	0	3	0	0	3	0	0	0	0	0	
3	0	0	0	7	11	0	0	16	209	233	223	19	9	0	0	5	13	7	2	6	0	0	1	0	0	0	0	
7	0	0	0	10	0	0	28	237	255	189	60	0	5	18	9	0	0	0	0	0	0	2	2	0	0	0	0	
0	5	0	0	1	0	20	133	255	221	60	5	33	79	161	157	169	61	6	12	2	1	8	0	0	0	0	0	
0	4	3	0	2	0	70	237	250	178	87	207	242	251	231	255	247	246	196	103	32	5	0	0	0	0	0	0	
0	2	0	0	5	0	83	255	255	240	255	248	233	233	119	96	162	242	254	248	248	139	12	0	0	0	0	0	
7	0	0	2	2	0	77	247	248	255	209	172	49	0	0	14	1	29	102	226	246	77	0	19	0	0	0	0	
0	0	0	6	0	0	86	255	188	74	19	0	4	0	0	0	0	0	10	23	11	9	8	0	0	0	0	0	
0	0	0	0	0	0	0	0	0	0	0	0	0	0	0	0	0	0	0	0	0	0	0	0	0	0	0	0	
0	0	0	0	0	0	0	0	0	0	0	0	0	0	0	0	0	0	0	0	0	0	0	0	0	0	0	0	
0	0	0	0	0	0	0	0	0	0	0	0	0	0	0	0	0	0	0	0	0	0	0	0	0	0	0	0	
0	0	0	0	0	0	0	0	0	0	0	0	0	0	0	0	0	0	0	0	0	0	0	0	0	0	0	0	
