0	0	10	0	1	1	0	3	0	12	0	8	0	2	3	1	0	0	0	0	0	0	0	0	0	0	0	0	
7	0	8	0	4	6	0	0	3	2	0	1	0	0	9	0	0	5	6	0	0	9	11	3	0	0	0	0	
0	0	8	6	0	1	0	12	3	0	0	8	12	0	13	0	12	1	0	0	0	0	0	0	0	0	0	0	
20	0	0	0	0	8	0	0	15	0	0	0	6	0	0	4	0	0	10	18	10	0	0	8	0	0	0	0	
0	0	5	2	14	9	0	6	0	14	0	0	7	19	0	5	10	6	0	0	0	7	2	0	0	0	0	0	
3	9	0	0	60	101	135	189	174	249	255	255	253	243	144	100	0	0	0	13	8	0	0	19	0	0	0	0	
1	0	0	19	217	255	255	250	255	252	255	241	244	255	255	255	254	137	23	0	0	0	0	0	0	0	0	0	
0	4	0	0	201	252	247	253	242	176	227	255	255	242	249	252	252	238	162	50	0	1	10	0	0	0	0	0	
0	6	0	0	35	115	156	150	91	13	25	7	28	117	171	255	254	245	255	159	0	9	0	0	0	0	0	0	
3	8	3	0	0	11	10	0	9	0	7	1	0	7	0	23	50	173	236	248	223	1	7	4	0	0	0	0	
2	0	1	3	0	0	0	0	8	0	12	8	0	1	0	6	0	1	183	255	251	29	2	0	0	0	0	0	
3	0	0	3	1	0	5	18	0	0	0	0	0	0	5	0	10	2	131	255	255	105	10	0	0	0	0	0	
0	0	0	1	0	0	0	0	2	12	0	3	8	4	6	0	1	8	161	253	255	120	10	0	0	0	0	0	
0	0	0	0	3	7	4	0	0	6	0	0	0	0	3	2	0	30	234	240	241	34	0	0	0	0	0	0	
7	3	0	0	0	0	1	3	0	5	5	2	9	0	0	0	66	207	255	253	255	0	0	6	0	0	0	0	
0	0	0	6	5	0	0	5	0	1	2	0	0	1	0	38	231	253	255	239	124	0	7	0	0	0	0	0	
0	8	0	2	5	0	0	11	0	0	0	7	0	8	12	65	249	252	246	214	1	6	0	2	0	0	0	0	
1	7	0	0	3	6	2	0	0	20	0	0	0	0	65	243	255	234	223	35	0	0	16	0	0	0	0	0	
3	0	0	3	2	0	0	8	0	0	2	0	58	158	248	255	237	204	34	0	2	23	0	0	0	0	0	0	
0	0	7	4	0	0	0	3	8	0	73	161	234	237	255	221	132	0	8	0	0	0	2	8	0	0	0	0	
0	1	7	0	0	17	2	0	0	62	221	255	236	241	244	53	35	160	152	149	6	8	8	0	0	0	0	0	
8	0	0	0	3	0	0	77	151	238	255	241	227	183	240	255	253	255	255	218	65	0	0	10	0	0	0	0	
8	0	0	11	8	0	25	207	254	246	240	255	255	233	255	251	246	255	136	24	16	0	17	0	0	0	0	0	
0	3	8	0	0	16	87	255	247	255	255	241	254	247	246	155	125	87	12	11	0	1	0	0	0	0	0	0	
0	0	4	1	6	0	15	149	253	198	136	93	52	13	0	1	0	0	0	0	0	0	0	0	0	0	0	0	
2	5	1	0	13	11	0	23	9	0	0	0	6	0	0	1	0	0	0	0	0	0	0	0	0	0	0	0	
1	7	6	0	2	11	0	0	4	1	1	5	6	2	0	0	0	0	0	0	0	0	0	0	0	0	0	0	
1	0	2	4	0	0	3	14	0	0	0	0	0	0	2	3	0	0	0	0	0	0	0	0	0	0	0	0	
