0	0	0	0	0	0	0	0	0	0	0	0	0	0	0	0	0	0	0	0	0	0	0	0	0	0	0	0	
0	0	0	0	0	0	0	0	0	0	0	0	0	0	0	0	0	0	0	0	0	0	0	0	0	0	0	0	
0	0	0	0	0	0	0	0	0	0	0	0	0	0	0	0	0	0	0	0	0	0	0	0	0	0	0	0	
0	0	0	0	0	0	0	0	0	0	0	0	0	0	0	0	0	0	0	0	0	0	0	0	0	0	0	0	
0	0	0	0	0	0	0	0	0	0	0	0	0	0	0	0	0	0	0	0	0	0	0	0	0	0	0	0	
0	0	0	0	0	0	0	0	0	0	0	0	0	0	0	0	0	0	0	0	0	0	0	0	0	0	0	0	
0	0	0	0	0	0	0	0	0	0	0	0	0	0	0	0	0	0	0	0	0	0	0	0	0	0	0	0	
0	0	0	0	0	0	0	0	0	0	0	0	0	0	0	0	0	0	0	0	0	0	0	0	0	0	0	0	
0	6	8	0	0	0	0	0	0	15	0	0	4	0	4	2	1	6	0	0	10	5	3	0	0	0	7	6	
5	0	0	0	0	4	5	4	15	0	44	83	114	162	178	46	0	0	6	5	0	0	1	13	8	6	0	0	
5	0	0	4	2	0	0	0	0	0	157	255	255	219	247	219	44	0	9	0	0	16	13	0	0	0	0	0	
0	0	6	9	0	0	3	0	9	7	19	26	71	11	39	244	244	33	0	13	2	0	0	8	0	20	3	0	
0	3	4	0	0	1	11	8	0	0	9	9	0	0	0	97	247	60	5	3	0	10	6	0	18	105	106	24	
0	6	0	0	2	1	0	0	0	4	0	1	0	8	12	170	255	88	12	21	38	88	149	205	238	192	89	4	
0	7	0	0	14	0	0	24	129	64	7	8	5	25	83	238	233	217	223	240	255	255	234	184	65	17	0	0	
0	11	0	0	10	0	17	115	242	255	255	234	241	253	245	255	255	241	187	142	99	49	19	0	0	0	3	3	
2	0	6	0	4	0	13	158	250	236	188	220	255	255	230	140	52	24	0	0	1	0	0	0	0	0	0	0	
7	0	1	0	4	0	0	60	227	255	250	255	255	186	105	3	9	0	0	0	4	0	0	3	0	0	0	0	
2	0	3	0	4	14	0	0	37	115	147	127	52	0	0	1	0	0	0	6	5	0	0	2	0	0	0	0	
0	0	12	0	0	14	4	0	1	12	0	2	6	6	13	0	4	3	4	5	1	0	0	3	0	0	0	0	
1	0	10	1	0	0	2	0	0	2	2	2	0	0	0	0	0	0	0	0	0	0	0	3	0	0	0	0	
5	0	0	2	0	0	0	0	4	6	2	0	0	1	7	7	0	0	0	0	2	2	0	0	0	0	0	0	
0	0	0	1	6	2	2	0	0	0	4	0	0	0	0	0	3	3	3	3	3	2	0	0	0	0	0	0	
0	6	0	0	0	0	0	1	3	0	1	0	0	6	0	0	0	0	0	0	0	0	5	7	0	0	0	0	
0	0	0	0	0	0	0	0	0	0	0	0	0	0	0	0	0	0	0	0	0	0	0	0	0	0	0	0	
0	0	0	0	0	0	0	0	0	0	0	0	0	0	0	0	0	0	0	0	0	0	0	0	0	0	0	0	
0	0	0	0	0	0	0	0	0	0	0	0	0	0	0	0	0	0	0	0	0	0	0	0	0	0	0	0	
0	0	0	0	0	0	0	0	0	0	0	0	0	0	0	0	0	0	0	0	0	0	0	0	0	0	0	0	
