3	0	0	3	5	0	1	7	16	0	6	0	0	9	0	8	0	0	0	0	6	1	0	0	0	0	0	0	
7	4	0	0	0	0	0	0	0	5	0	13	0	0	20	0	12	12	1	0	0	8	6	0	0	0	0	0	
0	3	2	0	2	14	14	4	0	14	2	0	3	13	0	8	0	0	5	12	0	0	0	7	0	0	0	0	
0	2	4	0	0	0	0	0	14	0	10	12	0	0	0	0	17	0	0	3	0	2	6	0	0	0	0	0	
2	0	0	5	0	0	0	17	69	235	198	103	93	113	103	5	0	2	2	0	0	10	9	0	0	0	0	0	
5	0	0	6	4	0	21	53	201	254	255	254	241	235	242	186	61	32	0	0	6	0	0	3	0	0	0	0	
8	0	0	0	0	0	0	12	222	255	255	240	255	255	239	255	255	168	37	0	11	8	0	4	0	0	0	0	
0	0	0	3	6	4	0	0	64	189	191	186	188	200	255	249	250	255	152	18	0	4	0	0	0	0	0	0	
0	0	0	0	0	0	0	0	1	0	0	2	7	28	87	152	255	240	239	55	0	8	0	0	0	0	0	0	
0	0	0	0	0	0	0	0	3	14	0	0	0	1	10	94	250	255	243	93	1	0	6	0	0	0	0	0	
0	0	0	0	0	0	0	0	0	0	0	12	5	3	0	106	245	255	249	94	9	0	5	0	0	0	0	0	
0	0	0	0	0	0	0	0	11	11	0	6	0	0	91	253	248	249	224	39	12	0	0	5	0	0	0	0	
0	0	0	0	0	0	0	0	5	1	0	3	8	20	169	254	255	255	139	0	4	4	0	5	0	0	0	0	
0	0	0	0	0	0	0	0	0	7	15	0	2	63	238	255	255	242	41	0	0	4	6	0	0	0	0	0	
0	0	0	0	0	0	0	0	14	0	0	6	125	242	255	224	237	140	1	1	0	1	1	0	0	0	0	0	
0	0	0	0	0	0	0	0	0	0	23	31	134	254	251	255	218	19	11	0	5	1	0	7	0	0	0	0	
0	0	0	0	0	0	0	0	1	0	100	249	249	249	254	248	52	5	0	0	7	1	0	13	0	0	0	0	
0	0	0	0	0	0	0	0	1	0	232	251	252	249	255	122	17	0	1	6	72	74	91	0	0	0	0	0	
0	0	0	0	0	0	0	0	7	95	255	240	251	245	158	10	0	0	55	148	141	211	10	22	0	0	0	0	
0	0	0	0	0	0	0	0	63	252	255	255	255	255	149	87	223	239	255	255	255	239	0	0	0	0	0	0	
0	0	0	0	0	0	0	0	12	164	229	250	248	249	255	252	255	253	255	227	232	184	14	4	0	0	0	0	
0	0	0	0	0	0	0	0	0	33	166	252	255	242	248	255	255	240	250	255	0	1	0	4	0	0	0	0	
0	0	0	0	0	0	0	0	0	0	76	188	254	255	235	197	161	223	50	26	3	5	10	0	0	0	0	0	
0	0	0	0	0	0	0	0	0	0	11	11	88	131	170	0	12	0	3	0	5	0	0	11	0	0	0	0	
0	0	0	0	0	0	0	0	0	0	0	0	0	0	0	0	0	0	0	0	0	0	0	0	0	0	0	0	
0	0	0	0	0	0	0	0	0	0	0	0	0	0	0	0	0	0	0	0	0	0	0	0	0	0	0	0	
0	0	0	0	0	0	0	0	0	0	0	0	0	0	0	0	0	0	0	0	0	0	0	0	0	0	0	0	
0	0	0	0	0	0	0	0	0	0	0	0	0	0	0	0	0	0	0	0	0	0	0	0	0	0	0	0	
