0	0	0	0	0	0	0	0	0	0	7	0	0	0	6	0	3	0	13	0	0	4	10	0	0	0	0	0	
0	0	0	0	0	0	0	0	13	8	0	5	0	7	0	3	14	0	0	0	2	0	0	10	0	0	0	0	
0	0	0	0	0	0	0	0	0	7	11	14	0	4	0	13	0	16	23	0	5	12	0	0	0	0	0	0	
0	0	0	0	0	0	0	0	20	0	0	0	10	0	43	108	241	250	202	33	0	0	18	2	0	0	0	0	
0	0	0	0	0	0	0	0	1	3	4	8	106	203	255	249	255	255	255	168	17	0	1	0	0	0	0	0	
0	0	0	0	0	0	0	0	13	0	4	169	234	255	236	253	247	244	244	246	0	8	0	8	0	0	0	0	
0	0	0	0	0	0	0	0	0	0	64	249	253	255	238	255	255	255	255	251	0	16	0	0	0	0	0	0	
0	0	0	0	0	0	0	0	0	13	113	255	245	254	251	255	255	250	255	225	1	3	0	0	0	0	0	0	
0	0	0	0	0	0	0	0	0	0	72	255	248	255	234	255	245	255	250	225	21	2	0	0	0	0	0	0	
0	0	0	0	0	0	0	0	0	9	14	230	255	249	255	250	255	250	255	255	118	0	1	1	0	0	0	0	
0	0	0	0	0	0	0	0	22	0	0	171	255	255	243	255	255	249	250	255	173	0	0	7	0	0	0	0	
0	0	0	0	0	0	0	0	0	0	1	18	100	197	169	184	253	255	232	255	188	1	0	3	0	0	0	0	
0	0	0	0	0	0	0	0	8	13	0	3	15	0	0	72	244	255	245	255	234	18	3	0	0	0	0	0	
0	0	0	0	0	0	0	0	0	0	0	0	2	8	0	105	251	255	255	254	255	6	3	0	0	0	0	0	
0	0	0	0	0	0	0	0	20	0	8	29	39	43	18	152	255	251	252	242	255	2	0	5	0	0	0	0	
0	0	0	0	0	0	0	0	12	158	190	255	255	240	242	252	247	255	255	255	243	27	0	3	0	0	0	0	
0	1	3	0	0	14	23	170	253	249	254	250	250	254	249	253	251	253	248	255	255	161	0	6	0	0	0	0	
0	0	3	5	0	0	127	252	255	254	255	255	255	255	254	255	252	255	255	240	253	255	38	7	0	0	0	0	
6	0	0	8	3	0	213	254	253	252	249	249	249	252	255	255	240	252	242	255	255	236	35	0	0	0	0	0	
4	6	0	2	7	25	245	242	249	255	255	255	255	251	250	241	255	248	255	246	250	246	33	0	0	0	0	0	
0	11	2	1	0	25	216	255	255	255	246	250	250	248	255	255	246	252	240	255	214	53	0	9	0	0	0	0	
0	3	0	5	0	1	112	217	243	255	247	255	255	240	248	231	183	144	102	43	28	1	0	0	0	0	0	0	
6	0	0	1	4	0	20	71	214	237	223	225	183	106	61	6	5	6	0	7	9	0	11	1	0	0	0	0	
1	2	4	0	6	0	6	0	0	9	0	3	4	0	12	0	0	1	10	3	0	13	0	0	0	0	0	0	
0	0	0	0	0	0	0	0	0	0	0	0	0	0	0	0	0	0	0	0	0	0	0	0	0	0	0	0	
0	0	0	0	0	0	0	0	0	0	0	0	0	0	0	0	0	0	0	0	0	0	0	0	0	0	0	0	
0	0	0	0	0	0	0	0	0	0	0	0	0	0	0	0	0	0	0	0	0	0	0	0	0	0	0	0	
0	0	0	0	0	0	0	0	0	0	0	0	0	0	0	0	0	0	0	0	0	0	0	0	0	0	0	0	
