0	0	0	0	0	0	0	0	1	0	6	0	6	0	7	0	0	0	8	0	0	10	0	10	0	0	0	0	
0	0	0	0	0	0	0	0	7	0	0	5	0	0	0	10	9	9	5	0	8	0	0	2	0	0	0	0	
0	0	0	0	0	0	0	0	0	24	0	16	65	229	255	249	255	207	87	5	0	12	4	0	0	0	0	0	
0	0	0	0	0	0	0	0	10	0	2	133	173	209	185	215	255	255	251	95	15	0	12	0	0	0	0	0	
0	0	0	0	0	0	0	0	0	2	0	25	9	8	0	0	46	158	242	247	26	6	0	11	0	0	0	0	
0	0	0	0	0	0	0	0	0	0	2	8	3	0	0	8	10	25	187	246	171	17	7	0	0	0	0	0	
0	0	0	0	0	0	0	0	11	2	0	0	0	2	0	0	0	0	94	255	250	38	9	3	0	0	0	0	
0	0	0	0	0	0	0	0	0	6	3	8	0	7	1	4	0	6	6	253	255	60	1	0	0	0	0	0	
0	0	0	0	5	4	0	0	4	8	0	0	9	2	0	0	0	0	0	175	238	58	7	0	0	0	0	0	
2	3	0	4	0	0	0	14	6	0	9	20	0	0	13	0	8	5	1	91	252	162	0	0	0	0	0	0	
0	0	0	5	0	11	1	0	0	15	0	0	6	11	0	0	0	6	0	49	243	105	0	2	0	0	0	0	
18	0	0	4	2	0	7	5	0	0	15	15	0	0	0	0	11	0	0	64	252	50	13	0	0	0	0	0	
0	1	8	0	8	0	14	0	13	0	0	0	0	1	5	15	6	0	21	114	250	68	3	0	0	0	0	0	
4	0	0	0	19	5	135	244	232	235	162	26	0	3	0	0	0	9	0	196	255	60	0	11	0	0	0	0	
0	21	0	45	161	230	244	213	214	230	255	164	34	12	6	0	5	14	5	251	254	44	3	0	0	0	0	0	
0	1	8	203	255	135	3	1	6	30	159	255	247	114	0	8	3	0	120	255	162	2	4	0	0	0	0	0	
0	8	0	212	253	56	0	2	0	14	9	131	255	255	149	76	0	3	204	241	81	0	11	0	0	0	0	0	
0	1	5	154	246	74	0	6	0	0	13	0	88	230	254	245	227	163	255	245	24	0	0	9	0	0	0	0	
7	0	0	73	236	235	158	125	30	30	32	29	17	46	211	255	255	250	237	39	0	11	0	0	0	0	0	0	
9	0	0	19	59	196	253	252	255	234	255	238	230	250	253	218	201	230	255	169	21	0	0	5	0	0	0	0	
0	31	0	0	1	28	57	171	160	231	255	236	169	143	71	21	0	38	148	253	201	119	53	0	0	0	0	0	
6	0	5	13	9	0	5	0	7	48	7	26	2	0	0	9	5	10	0	41	147	136	109	1	0	0	0	0	
0	0	11	0	0	0	19	0	0	0	12	0	7	28	0	1	0	0	0	26	0	2	22	0	0	0	0	0	
10	0	3	11	0	9	0	8	11	5	0	0	2	0	10	0	0	16	0	0	19	0	0	6	0	0	0	0	
0	0	0	0	0	0	0	0	0	0	0	0	0	0	0	0	0	0	0	0	0	0	0	0	0	0	0	0	
0	0	0	0	0	0	0	0	0	0	0	0	0	0	0	0	0	0	0	0	0	0	0	0	0	0	0	0	
0	0	0	0	0	0	0	0	0	0	0	0	0	0	0	0	0	0	0	0	0	0	0	0	0	0	0	0	
0	0	0	0	0	0	0	0	0	0	0	0	0	0	0	0	0	0	0	0	0	0	0	0	0	0	0	0	
