0	0	0	0	0	0	0	0	3	0	4	3	0	4	0	0	4	0	11	0	14	0	1	3	0	0	0	0	
0	0	0	0	0	0	0	0	15	0	4	0	13	0	0	18	0	28	0	2	7	6	3	0	0	0	0	0	
0	0	0	0	0	0	0	0	0	9	0	0	0	14	0	0	19	0	0	0	3	6	0	6	0	0	0	0	
0	0	0	0	0	0	0	0	15	0	0	13	152	238	255	253	201	43	21	0	6	0	0	2	0	0	0	0	
0	0	0	0	0	0	0	0	0	3	67	214	245	255	212	171	255	203	23	14	0	0	18	0	0	0	0	0	
0	0	0	0	0	0	0	0	0	0	148	255	224	49	17	14	97	249	126	10	0	0	7	0	0	0	0	0	
0	0	0	0	0	0	0	0	6	3	68	185	124	19	0	0	0	237	255	66	7	0	0	0	0	0	0	0	
0	0	0	0	0	0	0	0	0	3	0	3	4	0	12	2	0	233	252	140	0	0	11	2	0	0	0	0	
9	0	2	6	0	2	0	0	3	4	0	0	1	1	0	2	0	104	255	142	1	10	0	6	0	0	0	0	
0	5	6	0	0	0	0	2	0	0	2	2	0	0	0	4	3	32	245	211	12	0	0	4	0	0	0	0	
0	10	0	0	14	15	7	3	8	0	0	4	2	3	0	0	6	0	255	255	0	0	11	0	0	0	0	0	
7	6	0	0	6	0	0	0	0	0	0	3	0	0	5	2	6	21	253	254	0	0	10	0	0	0	0	0	
2	0	3	7	0	0	15	6	0	0	0	0	2	4	1	0	0	89	244	202	5	4	0	1	0	0	0	0	
0	0	11	5	0	17	6	0	1	33	48	36	16	0	0	12	0	204	255	138	0	7	0	2	0	0	0	0	
6	0	9	0	0	0	0	26	106	198	255	253	199	91	4	0	103	255	219	62	0	0	5	0	0	0	0	0	
1	0	13	0	9	0	17	213	234	200	134	150	245	255	184	145	248	241	82	0	13	0	0	0	0	0	0	0	
0	10	0	3	3	2	115	255	79	10	0	5	94	224	255	241	253	132	5	7	0	0	0	1	0	2	3	0	
0	12	7	0	0	40	227	248	58	0	9	2	0	127	255	255	250	67	0	0	2	2	17	3	0	0	0	0	
15	0	0	8	14	40	255	229	0	12	4	22	154	255	247	205	253	246	178	24	0	0	0	5	4	3	2	2	
2	0	4	0	0	34	248	231	39	0	97	234	255	215	129	20	102	239	252	135	26	23	1	0	7	2	0	1	
0	5	9	0	0	4	155	255	227	241	253	248	177	54	0	2	0	150	210	255	238	121	20	0	2	0	0	0	
7	0	0	12	13	0	21	174	199	232	167	60	7	0	6	0	10	0	34	169	244	251	255	102	17	6	0	2	
1	1	3	0	0	12	0	13	5	25	9	0	0	0	9	0	0	11	2	2	59	143	255	236	26	12	3	6	
8	0	10	10	0	5	8	0	0	26	0	0	7	0	0	4	0	14	0	3	8	4	0	11	9	0	0	0	
0	0	0	0	0	0	0	0	0	0	0	0	0	0	0	0	0	0	0	0	0	0	0	0	0	0	0	0	
0	0	0	0	0	0	0	0	0	0	0	0	0	0	0	0	0	0	0	0	0	0	0	0	0	0	0	0	
0	0	0	0	0	0	0	0	0	0	0	0	0	0	0	0	0	0	0	0	0	0	0	0	0	0	0	0	
0	0	0	0	0	0	0	0	0	0	0	0	0	0	0	0	0	0	0	0	0	0	0	0	0	0	0	0	
