0	0	0	0	0	0	0	0	7	0	5	2	2	0	0	12	1	0	8	1	0	3	8	1	0	0	0	0	
0	0	0	0	0	0	0	0	0	0	5	0	7	8	1	0	0	0	0	4	7	0	0	7	0	0	0	0	
0	0	0	0	0	0	0	0	0	0	6	0	0	0	8	0	2	8	0	0	3	8	9	0	0	0	0	0	
0	0	0	0	0	0	0	0	6	0	0	7	13	0	14	0	0	18	3	0	5	0	0	3	0	0	0	0	
0	0	0	0	0	0	0	0	0	8	12	0	0	27	141	212	223	138	167	165	46	0	9	0	0	0	0	0	
0	0	0	0	0	0	0	0	0	0	0	0	23	183	255	255	245	241	255	255	247	149	0	0	0	0	0	0	
0	0	0	0	0	0	0	0	6	12	3	0	0	211	252	249	255	248	255	231	255	239	55	6	0	0	0	0	
0	0	0	0	0	0	0	0	0	0	1	6	7	234	251	255	234	156	246	255	255	245	76	0	0	0	0	0	
0	0	0	0	0	0	0	0	0	7	1	94	181	249	255	250	228	48	166	248	248	246	135	0	0	0	0	0	
0	0	0	0	0	0	0	0	0	0	90	245	255	255	244	193	57	0	160	255	245	229	2	0	0	0	0	0	
0	0	0	0	0	0	0	0	11	0	123	251	231	255	236	36	0	9	199	244	255	196	0	14	0	0	0	0	
0	0	0	0	0	0	0	0	11	0	110	255	255	228	137	3	4	15	184	254	242	57	0	0	0	0	0	0	
0	0	0	0	0	0	0	0	0	0	6	129	246	150	4	0	0	133	232	255	117	0	0	6	0	0	0	0	
0	0	0	0	0	0	0	0	0	16	14	0	36	5	0	17	0	237	255	163	0	7	0	2	0	0	0	0	
0	0	0	0	0	0	0	0	8	0	0	0	12	0	0	11	120	245	249	94	21	6	0	0	0	0	0	0	
0	0	0	0	0	0	0	0	0	19	60	89	167	127	73	111	252	255	178	27	0	0	7	2	0	0	0	0	
5	0	4	7	0	0	1	15	178	205	253	249	242	255	247	255	255	249	61	0	0	3	0	5	0	0	0	0	
6	0	0	7	0	22	54	183	242	255	245	255	251	246	255	247	253	113	0	0	4	18	2	2	0	0	0	0	
0	0	0	9	0	6	88	255	255	236	207	231	246	255	246	249	255	149	9	0	9	0	0	1	0	0	0	0	
0	10	0	3	4	0	142	244	229	156	46	237	255	255	235	255	251	239	119	54	41	10	0	0	0	0	0	0	
2	4	0	0	1	58	228	253	255	153	238	255	243	90	102	251	255	251	255	248	222	219	43	0	0	0	0	0	
4	0	0	6	0	164	255	255	244	246	246	231	103	0	11	107	255	239	238	255	255	215	17	4	0	0	0	0	
0	0	3	10	0	192	246	248	255	255	219	119	6	0	0	20	156	193	165	232	250	136	13	4	0	0	0	0	
0	12	0	0	8	165	254	255	227	150	12	0	0	5	11	0	2	0	5	34	30	8	1	0	0	0	0	0	
0	0	0	0	0	0	0	0	0	0	0	0	0	0	0	0	0	0	0	0	0	0	0	0	0	0	0	0	
0	0	0	0	0	0	0	0	0	0	0	0	0	0	0	0	0	0	0	0	0	0	0	0	0	0	0	0	
0	0	0	0	0	0	0	0	0	0	0	0	0	0	0	0	0	0	0	0	0	0	0	0	0	0	0	0	
0	0	0	0	0	0	0	0	0	0	0	0	0	0	0	0	0	0	0	0	0	0	0	0	0	0	0	0	
