0	0	0	0	0	0	0	0	3	3	0	8	5	0	13	0	0	4	7	0	5	0	3	0	0	0	0	0	
0	0	0	0	0	0	0	0	0	0	6	0	5	5	0	0	12	0	0	20	0	12	0	6	0	0	0	0	
0	0	0	0	0	0	0	0	5	0	23	0	0	0	15	1	0	12	0	3	17	0	8	0	0	0	0	0	
0	0	0	0	0	0	0	0	8	0	0	13	4	69	237	209	131	0	8	0	0	0	0	6	0	0	0	0	
0	0	0	0	0	0	0	0	3	2	10	36	28	92	255	255	248	180	19	0	0	13	8	0	0	0	0	0	
0	0	0	0	0	0	0	0	0	121	205	245	255	251	245	246	251	244	248	152	31	4	0	8	0	0	0	0	
0	0	0	0	0	0	0	0	60	236	255	255	255	255	237	255	255	255	253	255	237	57	0	0	0	0	0	0	
0	0	0	0	0	0	0	0	17	241	242	255	247	248	255	247	245	255	249	255	244	163	36	3	0	0	0	0	
0	0	2	6	0	0	0	1	0	82	162	248	255	227	119	22	29	35	95	211	255	249	114	8	0	0	0	0	
1	3	0	1	0	0	0	3	0	0	0	7	9	15	0	0	0	4	0	50	252	255	255	23	0	0	0	0	
0	5	0	4	0	12	0	6	8	1	18	0	0	2	0	5	17	3	22	209	247	235	152	0	0	0	0	0	
0	7	0	0	0	0	0	0	0	0	8	0	2	0	2	0	0	5	88	255	255	255	13	2	0	0	0	0	
5	1	2	0	2	0	5	11	0	0	0	7	21	0	7	0	1	15	219	236	252	140	13	0	0	0	0	0	
0	0	4	0	0	8	7	0	6	12	0	0	0	0	11	0	5	138	255	255	239	19	0	23	0	0	0	0	
0	8	0	4	0	74	75	26	0	0	14	9	0	11	0	30	146	244	253	231	67	0	5	0	0	0	0	0	
0	13	0	15	19	222	255	234	140	6	2	8	0	8	35	223	255	247	255	149	0	7	0	8	0	0	0	0	
0	17	0	0	30	242	244	255	249	243	125	14	0	2	89	252	254	255	217	14	0	0	3	0	0	0	0	0	
10	0	0	0	68	255	255	249	255	249	255	132	49	147	218	255	255	146	57	0	9	12	0	10	0	0	0	0	
5	0	3	6	13	248	237	255	247	248	245	241	253	255	249	247	152	12	0	13	0	0	3	3	0	0	0	0	
0	0	0	12	11	237	254	255	255	255	250	255	247	253	255	208	16	0	0	0	9	6	0	0	0	0	0	0	
7	0	10	0	2	113	238	255	248	242	255	250	255	255	234	249	210	88	34	0	0	0	10	0	0	0	0	0	
0	0	3	1	0	34	182	248	255	255	244	185	178	234	255	255	245	255	172	25	17	4	0	0	0	0	0	0	
7	0	0	18	0	0	3	20	105	138	22	0	31	34	149	255	255	250	255	239	142	21	0	21	0	0	0	0	
0	0	8	1	6	4	1	0	8	0	0	4	0	3	10	0	2	4	0	10	1	10	0	0	0	0	0	0	
0	0	0	0	0	0	0	0	0	0	0	0	0	0	0	0	0	0	0	0	0	0	0	0	0	0	0	0	
0	0	0	0	0	0	0	0	0	0	0	0	0	0	0	0	0	0	0	0	0	0	0	0	0	0	0	0	
0	0	0	0	0	0	0	0	0	0	0	0	0	0	0	0	0	0	0	0	0	0	0	0	0	0	0	0	
0	0	0	0	0	0	0	0	0	0	0	0	0	0	0	0	0	0	0	0	0	0	0	0	0	0	0	0	
