0	0	0	0	0	0	0	0	2	4	7	0	0	0	0	2	0	0	9	4	0	0	11	0	0	0	0	0	
0	0	0	0	0	0	0	0	0	0	0	10	10	8	0	0	6	0	3	2	0	19	6	0	0	0	0	0	
0	0	0	0	0	0	0	0	2	14	0	0	0	5	0	0	0	21	0	0	28	0	0	11	0	0	0	0	
0	0	0	0	0	0	0	0	0	0	0	14	6	0	0	14	0	0	9	0	0	30	0	0	0	0	0	0	
0	0	0	0	0	0	0	0	22	0	0	3	0	1	104	222	255	252	106	11	10	0	2	8	0	0	0	0	
0	0	0	0	0	0	0	0	0	12	10	0	42	159	241	251	237	241	254	152	14	0	0	1	0	0	0	0	
0	0	0	0	0	0	0	0	0	14	0	18	118	255	208	88	14	196	251	237	27	13	0	6	0	0	0	0	
0	0	0	0	0	0	0	0	0	0	33	233	246	197	33	0	0	9	226	251	176	0	8	0	0	0	0	0	
0	0	0	0	0	0	0	0	0	34	211	249	198	32	0	5	7	0	140	245	253	27	0	0	0	0	0	0	
0	0	0	0	0	0	0	0	0	52	249	121	0	3	6	0	0	0	107	247	245	7	12	0	0	0	0	0	
0	0	0	0	0	0	0	0	9	1	172	96	0	7	0	14	2	0	181	255	242	22	3	0	0	0	0	0	
0	0	0	0	0	0	0	0	0	0	27	23	6	5	0	0	0	36	227	234	120	4	0	3	0	0	0	0	
0	0	0	0	0	0	0	0	4	21	0	0	0	2	7	0	0	174	253	251	32	2	6	15	0	0	0	0	
0	0	0	0	0	0	0	0	0	0	0	8	0	0	3	11	61	229	255	175	8	0	0	0	0	0	0	0	
0	0	0	0	0	0	0	0	4	48	73	32	3	0	5	56	211	254	213	52	4	0	2	12	0	0	0	0	
0	0	0	0	0	0	0	0	124	235	252	213	166	28	38	172	249	255	60	4	0	4	0	0	0	0	0	0	
0	7	4	0	8	2	0	8	187	235	199	244	255	185	184	255	255	131	6	0	0	0	10	4	0	0	0	0	
0	2	0	0	8	0	0	76	246	188	0	191	238	254	255	249	127	38	8	0	5	15	0	0	0	0	0	0	
0	0	0	2	2	0	8	186	255	95	4	70	249	255	247	183	13	0	0	0	0	13	0	0	0	0	0	0	
0	3	1	5	0	0	21	255	255	75	72	192	252	235	255	184	5	17	0	6	0	0	10	0	0	0	0	0	
0	5	3	2	0	3	11	207	248	255	236	255	241	254	254	170	0	1	0	5	9	0	7	0	0	0	0	0	
0	1	0	0	0	12	0	89	255	241	243	183	135	131	255	213	33	7	3	0	1	12	0	9	0	0	0	0	
3	0	0	0	0	9	0	9	76	148	51	1	0	34	216	254	190	132	68	2	0	9	0	1	0	0	0	0	
0	0	4	2	0	1	8	0	10	0	13	0	0	5	20	132	254	208	79	7	0	0	7	0	0	0	0	0	
0	0	0	0	0	0	0	0	0	0	0	0	0	0	0	0	0	0	0	0	0	0	0	0	0	0	0	0	
0	0	0	0	0	0	0	0	0	0	0	0	0	0	0	0	0	0	0	0	0	0	0	0	0	0	0	0	
0	0	0	0	0	0	0	0	0	0	0	0	0	0	0	0	0	0	0	0	0	0	0	0	0	0	0	0	
0	0	0	0	0	0	0	0	0	0	0	0	0	0	0	0	0	0	0	0	0	0	0	0	0	0	0	0	
