0	0	0	0	0	0	0	0	0	0	3	10	5	0	0	8	0	13	0	5	0	5	5	0	0	0	0	0	
0	0	0	0	0	0	0	0	13	4	0	0	0	0	0	0	7	0	3	0	16	0	4	15	0	0	0	0	
0	0	0	0	0	0	0	0	0	0	0	0	5	10	9	4	0	7	4	16	6	13	0	0	0	0	0	0	
0	0	0	0	0	0	0	0	0	2	6	1	0	0	0	0	8	0	0	0	3	11	0	0	0	0	0	0	
0	0	0	0	0	0	0	0	4	5	4	0	0	0	4	4	0	7	11	10	0	5	2	3	0	0	0	0	
0	0	0	0	0	0	0	0	2	0	0	3	9	6	0	0	13	0	9	180	170	146	47	0	0	0	0	0	
0	0	0	0	0	0	0	0	2	0	0	1	0	0	0	6	0	106	228	245	255	255	223	0	0	0	0	0	
0	0	0	0	0	0	0	0	2	0	0	3	0	8	63	124	203	246	255	249	244	255	244	5	0	0	0	0	
0	0	0	0	0	0	0	0	1	6	10	0	3	52	238	255	249	245	157	86	162	245	255	2	0	0	0	0	
0	0	0	0	0	0	0	0	0	0	0	17	0	0	177	153	69	29	0	5	237	255	240	0	0	0	0	0	
0	0	0	0	0	0	0	0	7	0	10	0	14	7	0	7	0	0	15	171	238	250	119	2	0	0	0	0	
0	0	0	0	0	0	0	0	0	0	0	0	0	0	11	0	4	8	169	255	231	165	0	0	0	0	0	0	
0	0	0	0	0	0	0	0	0	0	0	13	3	0	0	4	54	202	244	240	219	20	8	10	0	0	0	0	
0	0	0	0	0	0	0	0	9	3	13	0	0	1	0	94	235	253	253	154	5	0	8	0	0	0	0	0	
0	0	0	0	0	0	0	0	0	0	0	6	0	46	212	255	254	225	106	0	11	11	0	5	0	0	0	0	
0	0	0	0	0	0	0	0	1	3	0	0	105	215	255	244	126	43	0	0	2	0	6	0	0	0	0	0	
13	0	1	3	0	0	11	0	1	1	25	171	249	254	250	126	6	14	0	0	0	3	0	8	0	0	0	0	
0	5	18	0	9	11	0	7	15	78	239	255	255	249	102	16	0	2	10	5	0	6	0	0	0	0	0	0	
0	0	8	0	0	2	42	120	247	251	245	255	250	255	229	67	24	0	12	3	0	5	6	0	0	0	0	0	
0	8	0	19	88	198	255	255	242	255	255	246	245	255	255	255	129	0	0	0	0	1	4	1	0	0	0	0	
0	19	0	176	251	247	233	255	206	28	9	27	115	248	243	241	177	11	0	3	6	0	0	2	0	0	0	0	
8	0	11	255	255	255	210	73	0	18	2	3	8	26	123	213	97	4	0	1	0	4	1	0	0	0	0	0	
0	11	1	125	166	82	0	7	0	0	0	2	0	0	9	0	6	0	0	0	0	5	1	2	0	0	0	0	
5	0	3	0	2	8	0	0	0	7	0	2	9	0	5	0	0	16	0	6	0	2	0	6	0	0	0	0	
0	0	0	0	0	0	0	0	0	0	0	0	0	0	0	0	0	0	0	0	0	0	0	0	0	0	0	0	
0	0	0	0	0	0	0	0	0	0	0	0	0	0	0	0	0	0	0	0	0	0	0	0	0	0	0	0	
0	0	0	0	0	0	0	0	0	0	0	0	0	0	0	0	0	0	0	0	0	0	0	0	0	0	0	0	
0	0	0	0	0	0	0	0	0	0	0	0	0	0	0	0	0	0	0	0	0	0	0	0	0	0	0	0	
