0	4	6	0	0	0	0	0	6	2	0	0	4	0	0	7	3	0	0	0	0	0	0	3	0	0	0	0	
0	3	3	0	0	2	3	0	0	3	5	0	4	6	0	0	1	0	6	3	0	0	0	0	0	0	0	0	
2	2	0	0	0	3	4	2	1	13	8	0	0	0	0	5	0	0	5	0	0	13	3	0	0	0	0	0	
2	0	0	0	1	3	1	0	3	0	0	8	22	6	0	10	6	0	3	0	3	7	0	12	0	0	0	0	
0	0	0	2	2	0	0	0	0	6	7	2	0	0	19	81	153	185	245	255	239	141	9	0	0	0	0	0	
0	0	1	4	2	0	0	1	1	0	5	67	172	234	218	180	87	53	0	0	160	241	104	13	0	0	0	0	
0	0	2	3	0	0	3	14	101	192	252	223	145	64	9	0	0	17	0	0	181	255	85	0	0	0	0	0	
0	0	2	2	0	0	9	26	170	128	56	5	0	0	1	4	1	0	0	69	246	224	24	3	0	0	0	0	
0	0	0	0	0	0	0	0	0	0	1	5	2	0	0	6	0	1	0	191	255	85	17	0	0	0	0	0	
0	0	0	0	0	0	0	0	0	19	0	0	10	2	0	1	4	8	171	246	164	0	0	9	0	0	0	0	
0	0	0	0	0	0	0	0	0	12	0	0	3	0	2	7	1	96	244	226	10	1	10	5	0	0	0	0	
0	0	0	0	0	0	0	0	3	0	6	5	0	4	3	0	32	228	170	16	0	8	0	0	0	0	0	0	
0	0	0	0	0	0	0	0	4	0	17	0	0	14	0	24	212	247	90	0	5	3	12	3	0	0	0	0	
0	0	0	0	0	0	0	0	8	0	0	0	3	0	17	185	249	147	3	0	0	4	0	6	0	0	0	0	
0	0	0	0	0	0	0	0	7	0	0	2	2	19	125	250	156	7	15	0	0	0	30	0	0	0	0	0	
0	0	0	0	0	0	0	0	0	7	2	5	3	127	249	147	5	0	2	0	0	0	0	0	0	0	0	0	
0	0	6	0	0	0	0	4	2	0	6	8	121	255	189	18	0	0	0	1	0	0	0	1	0	0	0	0	
4	0	0	11	2	0	4	2	0	0	0	116	250	141	0	23	19	5	0	0	0	2	4	5	0	0	0	0	
7	0	7	0	2	18	0	0	2	64	185	252	131	11	8	0	0	0	0	7	4	0	0	0	0	0	0	0	
0	6	0	17	0	0	23	8	150	255	223	84	0	0	11	4	16	5	0	0	2	4	3	4	0	0	0	0	
0	20	1	0	18	2	24	182	255	148	36	0	7	15	0	0	0	58	135	167	135	69	15	0	0	0	0	0	
4	1	0	14	0	60	238	255	138	15	0	4	0	0	8	98	241	244	223	154	61	0	0	2	0	0	0	0	
10	0	5	0	0	106	248	248	150	111	138	196	231	255	250	218	80	47	11	0	0	1	0	0	0	0	0	0	
0	11	0	9	0	11	119	170	174	186	178	172	112	39	19	0	8	1	0	0	1	0	0	1	0	0	0	0	
0	0	0	0	0	0	0	0	0	0	0	0	0	0	0	0	0	0	0	0	0	0	0	0	0	0	0	0	
0	0	0	0	0	0	0	0	0	0	0	0	0	0	0	0	0	0	0	0	0	0	0	0	0	0	0	0	
0	0	0	0	0	0	0	0	0	0	0	0	0	0	0	0	0	0	0	0	0	0	0	0	0	0	0	0	
0	0	0	0	0	0	0	0	0	0	0	0	0	0	0	0	0	0	0	0	0	0	0	0	0	0	0	0	
