0	0	0	0	0	0	0	0	0	0	0	12	4	0	22	0	0	6	0	7	0	7	0	3	0	0	0	0	
0	0	0	0	0	0	0	0	8	1	0	0	0	18	0	23	13	1	0	0	3	0	0	1	0	0	0	0	
0	0	0	0	0	0	0	0	0	0	4	0	22	0	0	0	0	0	13	0	4	0	12	0	0	0	0	0	
0	0	0	0	0	0	0	0	0	10	79	162	209	255	247	151	37	2	0	1	8	0	4	0	0	0	0	0	
0	0	0	0	0	0	0	0	12	44	238	255	255	247	246	246	197	76	0	0	6	0	0	4	0	0	0	0	
0	0	0	0	0	0	0	0	57	151	240	233	255	250	240	255	255	188	51	0	0	15	0	0	0	0	0	0	
0	0	0	0	0	0	0	0	169	161	13	105	19	0	28	202	251	250	139	8	0	14	9	0	0	0	0	0	
0	0	0	0	0	0	0	0	1	2	4	0	8	0	3	18	251	248	153	18	2	0	0	3	0	0	0	0	
0	0	0	0	0	0	0	0	9	0	9	0	6	2	0	2	247	241	173	0	0	0	0	6	0	0	0	0	
0	0	0	0	0	0	0	0	0	6	0	3	5	0	11	50	246	249	119	2	6	4	0	0	0	0	0	0	
0	0	0	0	0	0	0	0	0	9	0	6	0	0	1	96	255	255	63	0	0	4	0	1	0	0	0	0	
0	0	0	0	0	0	0	0	6	0	4	0	0	0	7	155	252	204	26	0	0	4	4	3	0	0	0	0	
0	0	0	0	0	0	0	0	0	0	0	0	3	0	87	233	247	108	0	0	6	5	0	0	0	0	0	0	
0	0	0	0	0	0	0	0	0	15	0	2	6	10	190	255	251	46	0	4	12	0	0	0	0	0	0	0	
0	0	0	0	0	0	0	0	0	12	0	1	7	96	252	250	163	18	0	0	0	0	0	4	0	0	0	0	
0	0	0	0	0	0	0	0	9	0	7	0	16	205	255	224	14	0	8	1	0	5	2	0	0	0	0	0	
0	0	0	0	0	0	0	0	4	0	0	9	160	255	229	61	0	5	0	4	8	0	4	0	0	0	0	0	
0	0	0	0	0	0	0	0	0	16	0	51	235	251	189	0	17	5	0	4	0	46	0	13	0	0	0	0	
0	0	0	0	0	0	0	0	9	0	41	255	245	209	31	13	0	0	0	13	91	235	31	0	0	0	0	0	
0	0	0	0	0	0	0	0	0	43	221	237	255	125	28	101	187	195	215	204	255	211	0	2	0	0	0	0	
0	0	0	0	0	0	0	0	2	117	237	254	246	253	254	236	236	247	255	255	249	102	0	14	0	0	0	0	
0	0	0	0	0	0	0	0	0	151	255	255	249	255	234	255	254	255	248	217	99	9	12	0	0	0	0	0	
0	0	0	0	0	0	0	0	8	50	153	168	179	253	183	145	153	70	21	39	0	0	9	0	0	0	0	0	
0	0	0	0	0	0	0	0	0	5	0	15	2	14	2	0	0	0	13	0	0	8	0	10	0	0	0	0	
0	0	0	0	0	0	0	0	0	0	0	0	0	0	0	0	0	0	0	0	0	0	0	0	0	0	0	0	
0	0	0	0	0	0	0	0	0	0	0	0	0	0	0	0	0	0	0	0	0	0	0	0	0	0	0	0	
0	0	0	0	0	0	0	0	0	0	0	0	0	0	0	0	0	0	0	0	0	0	0	0	0	0	0	0	
0	0	0	0	0	0	0	0	0	0	0	0	0	0	0	0	0	0	0	0	0	0	0	0	0	0	0	0	
