0	0	0	0	0	0	0	0	5	0	17	0	0	9	0	7	8	0	11	0	0	6	0	4	0	0	0	0	
0	0	0	0	0	0	0	0	0	14	0	0	12	0	13	0	0	0	0	12	18	8	0	0	0	0	0	0	
0	0	0	0	0	0	0	0	0	10	0	6	0	0	0	8	0	26	20	0	0	4	1	14	0	0	0	0	
0	0	0	0	0	0	0	0	5	0	6	8	0	4	40	115	238	255	244	58	4	2	0	0	0	0	0	0	
0	0	0	0	0	0	0	0	7	0	1	0	13	42	212	243	253	249	237	103	5	0	0	7	0	0	0	0	
0	0	0	0	0	0	0	0	2	1	2	0	19	166	255	255	255	255	255	196	0	0	7	0	0	0	0	0	
0	0	0	0	0	0	0	0	1	0	10	4	60	255	229	245	173	125	248	222	0	0	15	0	0	0	0	0	
0	0	0	0	0	0	0	0	3	0	7	0	148	253	255	255	165	0	255	247	64	17	0	1	0	0	0	0	
0	2	0	4	8	0	0	0	3	0	5	9	140	238	255	216	39	0	250	251	96	0	11	0	0	0	0	0	
5	7	0	0	0	6	9	0	0	1	0	0	138	255	220	68	0	0	255	217	0	0	11	2	0	0	0	0	
0	0	3	0	0	5	4	0	0	16	3	0	28	88	62	0	6	4	245	179	0	18	0	0	0	0	0	0	
0	0	7	11	0	0	0	1	4	0	0	0	4	4	0	0	0	65	245	102	0	0	0	19	0	0	0	0	
4	0	5	0	0	6	1	8	0	0	10	0	51	59	52	3	7	148	255	101	11	8	3	0	0	0	0	0	
3	4	10	0	0	13	0	0	57	111	195	208	255	248	240	190	187	248	237	124	0	0	14	6	0	0	0	0	
0	0	10	0	4	3	0	58	253	249	255	240	252	244	255	255	252	255	249	218	89	0	0	3	0	0	0	0	
5	0	0	0	5	0	25	187	243	255	255	255	253	255	255	248	250	255	248	254	250	113	13	0	0	0	0	0	
0	10	0	3	0	0	60	246	210	86	47	2	74	113	174	251	252	255	241	255	237	255	64	0	0	0	0	0	
0	9	3	7	4	0	144	228	23	6	12	2	13	39	223	254	255	247	144	240	252	255	199	21	0	0	0	0	
13	1	0	0	11	23	255	221	8	1	0	8	116	216	240	255	244	138	0	59	162	255	255	121	0	0	0	0	
0	0	19	7	1	0	255	233	172	87	60	176	249	248	255	248	138	11	0	6	41	255	255	110	0	0	0	0	
12	0	0	0	9	29	246	255	243	235	255	243	255	255	244	157	0	11	0	0	48	255	235	34	0	0	0	0	
0	1	13	0	0	0	143	239	255	248	255	252	240	224	40	8	14	0	0	15	29	209	191	19	0	0	0	0	
0	0	2	0	6	0	3	30	113	220	242	255	62	25	5	0	0	0	6	0	0	30	0	6	0	0	0	0	
3	1	2	0	11	5	0	0	0	9	3	0	0	0	2	0	2	0	0	0	6	0	0	0	0	0	0	0	
0	0	0	0	0	0	0	0	0	0	0	0	0	0	0	0	0	0	0	0	0	0	0	0	0	0	0	0	
0	0	0	0	0	0	0	0	0	0	0	0	0	0	0	0	0	0	0	0	0	0	0	0	0	0	0	0	
0	0	0	0	0	0	0	0	0	0	0	0	0	0	0	0	0	0	0	0	0	0	0	0	0	0	0	0	
0	0	0	0	0	0	0	0	0	0	0	0	0	0	0	0	0	0	0	0	0	0	0	0	0	0	0	0	
