0	0	0	0	0	0	0	0	11	0	5	0	3	3	0	1	1	7	0	9	0	6	0	0	0	0	0	0	
0	0	0	0	0	0	0	0	0	14	4	10	0	5	6	6	0	5	0	0	0	7	0	2	0	0	0	0	
0	0	0	0	0	0	0	0	0	1	0	0	5	0	0	0	0	12	2	0	0	6	0	1	0	0	0	0	
0	0	0	0	0	0	0	0	3	8	14	0	0	6	0	13	0	3	6	0	0	4	0	0	0	0	0	0	
0	0	0	0	0	0	0	0	6	0	0	79	203	242	158	20	4	0	0	0	0	2	0	3	0	0	0	0	
0	0	0	0	0	0	0	0	4	15	0	232	230	255	247	232	79	0	0	3	2	0	0	0	0	0	0	0	
0	0	0	0	0	0	0	0	0	0	149	250	185	24	140	250	193	26	1	6	2	0	0	0	0	0	0	0	
0	0	0	0	0	0	0	0	0	0	165	255	49	2	1	173	255	44	0	0	0	0	5	0	0	0	0	0	
0	0	0	0	0	0	0	0	0	0	246	198	11	0	3	116	255	75	2	3	0	4	0	3	0	0	0	0	
0	0	0	0	0	0	0	0	1	0	255	169	0	0	1	71	254	81	0	0	0	0	0	0	0	0	0	0	
0	0	0	0	0	0	0	0	9	5	238	105	0	6	2	92	250	93	0	0	4	1	0	0	0	0	0	0	
0	0	0	0	0	0	0	0	0	2	117	11	7	0	0	151	249	98	0	0	4	1	3	0	0	0	0	0	
0	0	0	0	0	0	0	0	0	2	15	0	6	0	0	175	254	92	0	0	0	0	0	0	0	0	0	0	
0	0	0	0	0	0	0	0	3	8	0	7	0	6	11	158	255	75	4	3	0	3	0	0	0	0	0	0	
0	0	0	0	0	0	0	0	0	1	0	12	0	0	3	166	252	42	3	10	0	11	0	3	0	0	0	0	
0	0	0	0	0	0	0	0	0	8	0	4	6	1	0	225	231	5	0	6	0	12	0	2	0	0	0	0	
0	0	0	0	0	0	0	0	0	6	0	0	0	12	137	255	118	0	0	0	1	7	4	0	0	0	0	0	
0	0	0	0	0	0	0	0	0	3	9	0	0	3	225	255	80	3	9	0	0	0	2	0	0	0	0	0	
0	0	0	0	0	0	0	0	6	0	0	15	7	111	255	189	5	0	0	0	0	0	8	9	0	0	0	0	
0	0	0	0	0	0	0	0	0	17	13	0	22	223	252	84	0	4	0	4	8	0	0	0	0	0	0	0	
0	0	0	0	0	0	0	0	0	0	30	87	229	255	163	2	0	6	0	0	5	7	8	9	0	0	0	0	
0	0	0	0	0	0	0	0	113	255	255	248	255	250	199	121	78	82	48	9	0	0	0	0	0	0	0	0	
0	0	0	0	0	0	0	0	133	255	243	255	224	244	248	255	253	255	244	127	19	17	0	0	0	0	0	0	
0	0	0	0	0	0	0	0	7	0	12	0	0	65	119	161	179	242	254	119	0	5	0	6	0	0	0	0	
0	0	0	0	0	0	0	0	0	0	0	0	0	0	0	0	0	0	0	0	0	0	0	0	0	0	0	0	
0	0	0	0	0	0	0	0	0	0	0	0	0	0	0	0	0	0	0	0	0	0	0	0	0	0	0	0	
0	0	0	0	0	0	0	0	0	0	0	0	0	0	0	0	0	0	0	0	0	0	0	0	0	0	0	0	
0	0	0	0	0	0	0	0	0	0	0	0	0	0	0	0	0	0	0	0	0	0	0	0	0	0	0	0	
