0	0	0	0	0	0	0	0	5	0	0	5	0	0	5	3	7	0	6	0	0	0	0	0	0	0	0	0	
0	0	0	0	0	0	0	0	1	0	2	5	1	3	5	0	0	0	0	0	0	10	5	2	0	0	0	0	
0	0	0	0	0	0	0	0	0	6	5	0	0	6	0	0	1	8	0	0	0	1	0	0	0	0	0	0	
0	0	0	0	0	0	0	0	3	6	0	0	8	0	0	21	0	5	9	0	16	0	5	5	0	0	0	0	
0	0	0	0	0	0	0	0	4	10	0	0	9	12	0	0	0	5	0	0	1	0	7	0	0	0	0	0	
0	0	0	0	0	0	0	0	0	0	0	9	0	0	50	142	210	255	255	211	67	0	0	10	0	0	0	0	
0	0	0	0	0	0	0	0	3	20	6	0	64	202	255	233	255	236	254	255	172	22	2	0	0	0	0	0	
0	0	0	0	0	0	0	0	0	0	60	186	255	255	243	221	116	61	183	255	223	0	3	13	0	0	0	0	
5	0	0	0	9	0	0	5	18	97	239	252	238	254	148	32	0	64	232	255	220	0	0	2	0	0	0	0	
0	1	2	1	0	0	10	40	223	242	255	234	120	23	12	0	5	136	250	247	106	18	7	0	0	0	0	0	
0	2	4	1	0	0	14	46	186	155	85	0	0	0	0	23	144	244	255	165	8	3	0	3	0	0	0	0	
1	3	0	0	6	2	0	11	19	0	3	13	14	0	26	174	255	254	194	17	0	7	0	0	0	0	0	0	
3	3	0	0	8	2	0	0	0	0	0	0	0	82	249	255	244	253	253	61	0	0	8	11	0	0	0	0	
0	4	1	0	0	0	0	5	1	19	0	50	183	243	249	247	255	255	255	182	5	17	0	0	0	0	0	0	
0	5	3	0	0	0	0	11	0	16	146	239	255	255	240	194	189	241	251	192	0	0	0	14	0	0	0	0	
0	5	1	0	5	4	0	0	74	244	255	239	240	170	82	0	136	255	253	109	4	7	0	4	0	0	0	0	
3	7	1	0	0	2	1	0	140	244	224	109	0	0	12	1	145	242	255	89	5	0	0	6	0	0	0	0	
0	4	0	23	5	3	0	12	0	6	0	0	15	0	9	0	218	255	246	0	0	26	0	0	0	0	0	0	
7	13	0	1	0	4	2	0	8	0	0	21	0	0	9	121	255	253	181	0	5	0	0	12	0	0	0	0	
0	2	1	0	7	0	21	0	0	13	1	0	0	1	11	196	251	247	109	9	0	0	5	0	0	0	0	0	
0	0	9	0	0	13	114	158	76	0	6	2	15	46	238	255	254	166	27	7	2	0	14	0	0	0	0	0	
3	16	0	0	12	174	252	255	234	47	13	0	118	241	245	250	184	30	0	0	18	0	0	7	0	0	0	0	
0	9	0	4	40	250	255	238	255	236	128	209	249	255	244	148	37	0	11	0	0	10	4	0	0	0	0	0	
7	0	11	3	0	134	190	245	248	255	252	255	244	218	107	4	0	9	0	12	0	3	0	2	0	0	0	0	
1	0	0	0	0	2	6	9	146	232	255	196	76	9	0	7	0	0	0	0	0	0	0	0	0	0	0	0	
1	0	0	0	0	1	5	7	0	0	0	0	0	7	1	0	0	0	0	0	0	0	0	0	0	0	0	0	
0	0	0	0	0	1	2	3	7	0	0	5	4	0	0	7	0	0	0	0	0	0	0	0	0	0	0	0	
0	0	1	1	1	0	0	0	0	0	0	8	6	0	0	3	0	0	0	0	0	0	0	0	0	0	0	0	
