0	9	0	0	2	0	0	4	4	0	0	0	4	5	1	0	0	2	0	1	0	0	9	0	0	0	0	0	
2	0	0	14	3	0	2	1	0	6	13	3	0	0	0	5	0	0	0	3	4	0	1	0	0	0	0	0	
9	0	1	12	0	0	11	0	2	0	0	13	0	6	14	0	0	2	0	0	6	1	0	1	0	0	0	0	
2	0	2	0	0	6	0	0	8	5	1	0	0	0	0	7	2	7	6	0	0	2	0	5	0	0	0	0	
0	0	4	0	6	0	0	31	43	122	151	194	255	223	84	16	2	1	8	0	0	6	0	3	0	0	0	0	
0	0	0	0	9	0	8	126	227	255	255	236	238	255	250	212	27	0	4	0	0	9	0	0	0	0	0	0	
9	0	2	0	0	0	15	118	255	237	218	190	157	190	249	255	98	1	0	6	0	5	0	3	0	0	0	0	
0	0	17	0	0	3	0	7	8	30	1	0	13	0	53	224	167	17	0	10	0	0	0	13	0	0	0	0	
4	0	16	0	0	8	11	0	0	0	15	1	5	0	13	204	254	27	0	0	7	0	4	0	0	0	0	0	
0	6	0	0	10	0	0	10	2	7	0	0	4	5	84	236	176	0	8	6	0	0	7	0	0	0	0	0	
7	0	0	1	0	4	12	0	0	8	10	27	32	115	251	255	164	0	0	11	2	0	13	2	0	0	0	0	
0	0	7	17	0	4	0	21	162	193	190	242	255	237	252	247	207	30	0	0	5	0	0	3	0	0	0	0	
0	0	0	0	12	0	0	207	239	249	255	255	242	255	255	250	251	163	84	5	2	7	0	0	0	0	0	0	
8	1	2	0	4	0	13	200	249	255	255	253	241	177	145	228	246	255	231	68	0	5	7	2	0	0	0	0	
0	0	15	5	0	0	0	0	95	89	96	58	9	0	3	19	131	222	255	157	28	0	0	0	0	0	0	0	
0	15	0	0	13	0	18	0	0	0	4	8	0	0	3	0	0	77	218	253	122	12	0	6	0	0	0	0	
0	0	0	0	0	0	0	0	0	0	24	0	10	0	0	0	3	14	11	231	229	0	12	0	0	0	0	0	
0	0	0	0	0	0	0	0	12	12	0	25	0	0	8	0	0	0	13	177	227	9	1	11	0	0	0	0	
0	0	0	0	0	0	0	0	0	0	1	0	0	5	3	13	0	26	31	246	228	10	0	5	0	0	0	0	
0	0	0	0	0	0	0	0	2	111	118	0	0	11	0	10	5	14	172	255	188	2	0	9	0	0	0	0	
0	0	0	0	0	0	0	0	5	255	252	151	33	19	18	61	144	236	254	255	75	0	13	0	0	0	0	0	
0	0	0	0	0	0	0	0	9	165	255	255	232	255	255	254	255	247	192	54	10	3	0	9	0	0	0	0	
0	0	0	0	0	0	0	0	0	48	216	242	255	255	255	247	238	190	34	7	0	5	0	0	0	0	0	0	
0	0	0	0	0	0	0	0	0	2	28	152	255	250	188	115	63	27	0	4	0	6	5	3	0	0	0	0	
0	0	0	0	0	0	0	0	0	0	0	0	0	0	0	0	0	0	0	0	0	0	0	0	0	0	0	0	
0	0	0	0	0	0	0	0	0	0	0	0	0	0	0	0	0	0	0	0	0	0	0	0	0	0	0	0	
0	0	0	0	0	0	0	0	0	0	0	0	0	0	0	0	0	0	0	0	0	0	0	0	0	0	0	0	
0	0	0	0	0	0	0	0	0	0	0	0	0	0	0	0	0	0	0	0	0	0	0	0	0	0	0	0	
