1	0	10	0	6	0	3	0	4	0	0	0	0	4	6	0	11	0	0	0	0	7	0	0	0	0	0	0	
0	0	8	2	2	0	3	1	0	0	3	0	0	0	1	0	0	0	22	0	2	0	4	3	0	0	0	0	
4	8	0	1	0	0	0	3	9	0	0	4	14	1	0	1	13	1	0	0	0	5	0	0	0	0	0	0	
12	0	0	2	3	0	0	0	0	9	2	0	0	7	6	6	2	0	0	6	1	3	0	22	0	0	0	0	
0	0	2	9	14	1	0	13	10	0	42	114	121	88	132	230	251	155	85	16	0	0	2	0	0	0	0	0	
13	0	15	0	0	10	7	50	168	209	255	255	246	249	255	253	242	255	255	196	7	5	0	6	0	0	0	0	
0	0	9	0	14	187	192	255	255	242	248	243	210	198	180	132	118	196	255	255	26	13	0	5	0	0	0	0	
1	4	0	0	6	250	209	247	233	142	97	75	20	2	10	0	0	57	243	255	114	0	9	0	0	0	0	0	
4	0	0	8	0	65	8	76	36	0	0	5	10	0	0	9	51	157	255	241	2	10	0	0	0	0	0	0	
0	1	3	6	0	9	0	15	5	0	4	4	0	1	9	107	239	255	235	123	0	0	14	0	0	0	0	0	
0	8	3	0	5	0	9	0	0	9	0	0	4	1	12	250	255	246	189	9	0	0	0	15	0	0	0	0	
2	4	0	0	14	0	17	0	0	0	3	8	54	143	180	255	245	169	33	0	16	0	0	0	0	0	0	0	
0	0	3	0	3	0	2	21	130	182	173	153	229	255	255	255	211	22	0	3	0	10	0	6	0	0	0	0	
0	0	10	0	0	6	42	152	254	230	255	255	255	222	255	233	248	178	57	5	3	0	19	0	0	0	0	0	
3	0	6	0	1	9	88	255	255	255	254	246	255	252	255	255	245	244	144	0	4	6	2	0	0	0	0	0	
0	0	0	0	16	0	75	255	255	244	255	221	124	33	24	91	205	247	255	215	87	0	12	0	0	0	0	0	
0	0	0	4	0	7	14	124	255	252	56	43	0	0	6	4	6	60	151	224	255	203	89	24	0	0	0	0	
17	0	0	8	7	0	90	247	245	249	0	18	0	12	0	0	2	9	0	60	217	241	247	172	38	0	13	0	
0	24	2	0	0	65	232	242	240	124	0	0	2	3	0	9	16	0	0	2	0	73	255	251	240	7	0	0	
0	0	20	0	5	194	255	255	83	3	13	4	5	0	5	4	0	25	1	0	14	0	45	255	255	0	7	0	
13	5	0	4	0	112	244	247	238	224	81	75	94	93	77	0	35	94	76	76	149	237	225	254	245	0	8	2	
0	0	8	0	6	92	244	255	241	255	238	255	255	252	252	208	211	254	251	255	255	236	255	232	201	0	0	1	
2	10	0	6	10	0	96	91	241	195	234	226	222	255	248	239	254	255	241	251	238	219	194	76	12	0	17	0	
0	5	0	12	0	5	0	3	0	32	0	0	34	170	124	112	109	105	124	110	0	3	5	0	0	4	0	0	
0	0	0	0	0	0	0	0	0	0	0	0	0	0	0	0	0	0	0	0	0	0	0	0	0	0	0	0	
0	0	0	0	0	0	0	0	0	0	0	0	0	0	0	0	0	0	0	0	0	0	0	0	0	0	0	0	
0	0	0	0	0	0	0	0	0	0	0	0	0	0	0	0	0	0	0	0	0	0	0	0	0	0	0	0	
0	0	0	0	0	0	0	0	0	0	0	0	0	0	0	0	0	0	0	0	0	0	0	0	0	0	0	0	
