7	0	8	0	0	14	0	0	0	7	0	4	8	0	0	4	3	0	0	0	0	0	0	4	0	0	0	0	
4	0	8	4	0	2	12	7	0	5	0	0	0	0	3	0	2	0	1	4	6	4	0	0	0	0	0	0	
4	0	0	6	0	0	10	0	2	9	2	3	5	0	6	0	0	0	0	0	1	4	1	0	0	0	0	0	
3	0	0	0	5	0	1	17	7	0	0	0	3	0	4	0	2	3	1	0	0	0	2	3	0	0	0	0	
0	7	13	0	0	0	10	126	247	251	255	255	246	170	95	0	0	2	6	6	2	0	0	4	0	0	0	0	
0	0	9	0	6	2	3	129	255	255	255	233	255	255	241	135	7	0	0	2	8	1	0	0	0	0	0	0	
0	0	0	0	11	4	0	40	216	208	202	158	182	222	255	236	112	48	0	0	3	0	0	0	0	0	0	0	
9	2	0	10	0	0	6	0	8	0	13	0	14	70	216	255	255	144	29	0	0	0	0	3	0	0	0	0	
0	0	0	0	0	0	0	0	0	0	11	0	8	0	9	200	254	241	172	0	13	3	0	0	0	0	0	0	
0	0	0	0	0	0	0	0	0	0	0	0	11	0	71	245	255	231	193	4	0	0	0	5	0	0	0	0	
0	0	0	0	0	0	0	0	4	1	0	4	23	119	246	251	247	255	134	0	14	2	14	0	0	0	0	0	
0	0	0	0	0	0	0	0	10	0	6	103	227	255	255	234	239	239	30	0	9	2	0	0	0	0	0	0	
0	0	0	0	0	0	0	0	0	16	176	255	255	234	246	255	230	76	2	4	0	0	0	14	0	0	0	0	
0	0	0	0	0	0	0	0	0	114	255	225	249	255	242	255	103	0	0	0	16	7	10	0	0	0	0	0	
0	0	0	0	0	0	0	0	0	61	254	255	250	255	254	248	255	233	129	12	0	0	17	3	0	0	0	0	
0	0	0	0	0	0	0	0	0	13	192	247	255	244	246	255	242	255	254	180	49	12	0	3	0	0	0	0	
0	4	0	5	2	0	5	0	3	0	27	109	144	155	155	181	247	255	244	255	125	1	4	0	0	0	0	0	
1	6	0	0	0	0	0	7	3	0	0	7	1	0	0	3	7	51	207	251	182	37	0	2	0	0	0	0	
0	1	0	0	4	4	91	86	0	0	3	5	1	0	0	9	33	77	215	255	255	190	8	0	0	0	0	0	
0	0	3	0	7	2	217	203	68	24	0	0	0	6	58	113	211	244	255	242	255	208	0	8	0	0	0	0	
4	0	3	0	0	0	184	255	252	229	225	243	244	229	231	252	252	255	255	249	236	83	0	0	0	0	0	0	
6	0	0	0	0	8	46	242	251	252	240	252	240	255	253	255	251	248	240	212	87	0	2	13	0	0	0	0	
1	0	1	0	7	6	0	120	223	251	251	255	243	255	239	253	255	166	57	29	0	19	17	0	0	0	0	0	
0	0	8	0	7	0	21	0	43	102	149	230	171	142	76	88	26	3	18	0	11	0	0	12	0	0	0	0	
0	0	0	0	0	0	0	0	0	0	0	0	0	0	0	0	0	0	0	0	0	0	0	0	0	0	0	0	
0	0	0	0	0	0	0	0	0	0	0	0	0	0	0	0	0	0	0	0	0	0	0	0	0	0	0	0	
0	0	0	0	0	0	0	0	0	0	0	0	0	0	0	0	0	0	0	0	0	0	0	0	0	0	0	0	
0	0	0	0	0	0	0	0	0	0	0	0	0	0	0	0	0	0	0	0	0	0	0	0	0	0	0	0	
