0	0	0	0	0	0	0	0	6	0	3	0	3	0	3	0	5	0	1	0	1	6	2	0	0	0	0	0	
0	0	0	0	0	0	0	0	0	0	2	0	9	0	1	14	0	0	5	7	0	0	0	13	0	0	0	0	
0	0	0	0	0	0	0	0	10	11	4	0	9	7	0	0	0	8	0	2	0	18	2	0	0	0	0	0	
0	0	0	0	0	0	0	0	0	0	6	11	7	0	8	11	12	0	0	9	8	0	0	23	0	0	0	0	
0	0	0	0	0	0	0	0	0	2	143	253	232	180	221	246	243	251	176	66	11	0	0	0	0	0	0	0	
0	0	0	0	0	0	0	0	6	9	138	244	255	245	249	192	173	185	206	254	191	25	0	22	0	0	0	0	
0	0	0	0	0	0	0	0	0	0	6	33	92	149	160	89	13	0	0	191	244	137	12	0	0	0	0	0	
0	0	0	0	0	0	0	0	8	2	3	0	4	0	1	3	0	25	50	255	255	145	0	0	0	0	0	0	
0	0	0	0	0	0	0	0	4	0	4	6	0	4	9	0	9	138	246	253	227	0	2	1	0	0	0	0	
0	0	0	0	0	0	0	0	0	17	0	0	13	0	0	111	216	245	255	201	37	0	26	0	0	0	0	0	
0	0	0	0	0	0	0	0	1	8	0	19	29	85	219	229	252	229	123	0	10	14	0	16	0	0	0	0	
0	0	0	0	0	0	0	0	0	52	135	202	234	248	255	255	186	24	4	5	2	0	7	0	0	0	0	0	
0	0	0	0	0	0	0	0	27	226	251	255	255	240	255	239	232	105	0	12	0	0	0	7	0	0	0	0	
0	0	0	0	0	0	0	0	2	94	210	204	101	58	117	193	243	255	108	0	0	5	7	0	0	0	0	0	
0	0	0	0	0	0	0	0	0	13	0	0	4	0	10	4	63	241	243	109	18	0	3	0	0	0	0	0	
0	0	0	0	0	0	0	0	8	0	0	0	7	3	0	5	0	163	254	231	0	0	8	0	0	0	0	0	
14	0	0	0	0	10	9	0	3	0	0	0	14	0	0	5	5	56	250	240	5	9	0	8	0	0	0	0	
0	5	20	0	0	0	0	0	0	0	2	6	2	6	0	0	5	24	255	255	0	0	0	0	0	0	0	0	
0	0	4	0	14	6	4	8	0	1	0	0	0	7	9	6	0	98	255	204	9	19	0	1	0	0	0	0	
4	0	13	0	6	0	0	0	2	8	3	14	5	0	0	4	22	204	246	255	4	0	6	0	0	0	0	0	
0	22	0	0	89	189	106	17	8	0	0	0	21	0	10	87	245	238	255	40	0	2	9	2	0	0	0	0	
2	0	11	0	255	244	255	253	208	179	135	111	151	129	172	255	245	255	119	0	10	0	0	0	0	0	0	0	
0	31	0	0	111	255	253	255	255	255	251	248	255	250	251	255	204	71	0	8	15	0	7	1	0	0	0	0	
5	0	2	11	0	56	131	192	247	253	253	235	167	151	89	7	16	0	11	0	0	4	2	0	0	0	0	0	
0	0	0	0	0	0	0	0	0	0	0	0	0	0	0	0	0	0	0	0	0	0	0	0	0	0	0	0	
0	0	0	0	0	0	0	0	0	0	0	0	0	0	0	0	0	0	0	0	0	0	0	0	0	0	0	0	
0	0	0	0	0	0	0	0	0	0	0	0	0	0	0	0	0	0	0	0	0	0	0	0	0	0	0	0	
0	0	0	0	0	0	0	0	0	0	0	0	0	0	0	0	0	0	0	0	0	0	0	0	0	0	0	0	
