0	0	5	5	0	10	0	2	0	2	0	0	9	0	0	7	13	0	4	2	0	8	1	0	0	0	0	0	
0	1	0	2	9	3	0	0	0	4	11	6	0	2	31	0	1	0	2	6	0	0	0	1	0	0	0	0	
0	5	2	0	2	0	3	8	0	6	0	5	15	0	0	4	0	0	0	4	0	0	0	5	0	0	0	0	
6	0	5	2	0	7	9	0	0	0	15	0	0	16	0	13	2	7	0	0	2	0	4	0	0	0	0	0	
7	0	0	5	0	18	0	3	79	197	127	197	198	16	3	6	0	0	0	0	0	0	5	0	0	0	0	0	
0	5	0	1	11	0	0	121	255	250	238	253	250	253	232	126	18	0	2	6	0	0	0	0	0	0	0	0	
0	8	4	0	2	0	109	238	249	251	255	255	250	250	248	255	125	6	0	5	0	4	0	4	0	0	0	0	
9	0	2	0	0	3	226	245	255	254	255	243	253	255	245	255	241	37	0	0	0	15	0	2	0	0	0	0	
2	0	0	5	0	0	84	187	210	80	75	227	228	254	255	247	255	126	0	0	0	0	0	3	0	0	0	0	
5	0	1	7	0	0	0	25	31	19	0	13	38	95	212	255	243	213	0	9	0	8	6	2	0	0	0	0	
0	0	0	4	9	9	1	0	0	0	0	1	0	11	193	255	255	131	13	0	6	0	0	0	0	0	0	0	
0	2	0	0	0	2	7	7	0	6	17	0	0	8	182	249	255	134	0	14	0	0	8	1	0	0	0	0	
0	0	2	1	0	0	0	0	9	0	0	7	16	0	59	224	255	224	85	1	0	15	0	3	0	0	0	0	
0	0	0	7	10	4	2	8	0	1	6	0	0	6	0	45	255	255	237	60	0	0	0	1	0	0	0	0	
7	0	0	0	0	0	0	0	23	0	0	8	0	11	6	10	153	253	244	237	77	0	17	1	0	0	0	0	
0	2	6	1	0	0	1	0	0	20	0	0	6	0	0	1	0	162	250	255	178	8	0	0	0	0	0	0	
11	0	0	1	12	6	0	0	4	0	1	0	6	0	4	6	0	16	149	248	205	0	0	7	0	0	0	0	
0	3	4	3	0	0	12	13	0	7	9	0	12	0	0	4	6	0	52	249	188	0	0	0	0	0	0	0	
0	7	0	4	0	0	11	0	0	18	0	0	0	8	0	12	33	177	249	253	255	76	0	13	0	0	0	0	
1	5	0	0	12	1	0	7	3	0	0	24	1	0	64	186	249	245	255	232	253	86	0	0	0	0	0	0	
0	1	3	0	7	0	1	127	73	51	87	179	194	212	229	255	253	255	239	255	201	21	0	29	0	0	0	0	
0	0	8	0	6	0	0	160	255	250	255	255	244	255	255	252	243	249	255	166	66	16	19	0	0	0	0	0	
1	0	3	0	10	7	0	68	228	248	255	254	255	243	244	254	255	221	193	0	0	0	0	11	0	0	0	0	
5	0	4	0	0	4	0	0	18	205	250	112	79	102	123	115	53	0	0	7	7	0	6	0	0	0	0	0	
0	0	0	0	0	0	0	0	0	0	0	0	0	0	0	0	0	0	0	0	0	0	0	0	0	0	0	0	
0	0	0	0	0	0	0	0	0	0	0	0	0	0	0	0	0	0	0	0	0	0	0	0	0	0	0	0	
0	0	0	0	0	0	0	0	0	0	0	0	0	0	0	0	0	0	0	0	0	0	0	0	0	0	0	0	
0	0	0	0	0	0	0	0	0	0	0	0	0	0	0	0	0	0	0	0	0	0	0	0	0	0	0	0	
