0	0	0	0	0	0	0	0	0	0	17	0	4	0	9	0	0	0	9	0	0	7	0	4	0	0	0	0	
0	0	0	0	0	0	0	0	6	0	0	0	6	0	2	8	0	5	0	3	6	0	0	1	0	0	0	0	
0	0	0	0	0	0	0	0	7	0	5	4	4	0	0	4	0	16	0	9	2	0	0	6	0	0	0	0	
0	0	0	0	0	0	0	0	8	0	1	4	0	7	22	0	0	0	0	6	0	0	9	0	0	0	0	0	
0	0	0	0	0	0	0	0	0	6	132	252	255	255	207	101	53	0	0	3	0	0	10	0	0	0	0	0	
0	0	0	0	0	0	0	0	5	9	126	255	250	250	255	251	207	88	0	0	6	0	8	0	0	0	0	0	
0	0	0	0	0	0	0	0	0	0	14	57	23	21	86	187	255	214	4	0	2	0	7	7	0	0	0	0	
0	0	0	0	0	0	0	0	0	13	0	7	0	0	15	124	232	255	2	0	0	0	2	0	0	0	0	0	
2	1	1	3	0	0	0	1	3	0	10	4	0	9	3	216	255	199	8	0	0	5	0	3	0	0	0	0	
0	1	1	0	2	7	7	3	0	13	0	0	16	17	198	251	220	29	0	8	0	0	0	0	0	0	0	0	
0	3	1	0	0	5	3	0	0	4	7	0	69	220	255	243	119	0	11	2	0	7	12	4	0	0	0	0	
1	1	0	0	0	0	0	0	0	2	123	205	255	255	246	248	105	36	0	0	0	0	6	0	0	0	0	0	
1	0	0	6	3	0	0	8	7	0	143	252	241	249	255	242	241	131	0	7	17	0	1	0	0	0	0	0	
3	0	0	4	1	0	0	1	0	5	0	145	66	31	130	201	255	248	141	0	7	0	4	8	0	0	0	0	
1	5	2	0	1	10	8	0	8	0	6	0	10	0	0	10	109	251	255	66	0	4	0	0	0	0	0	0	
0	6	3	0	11	44	42	13	2	5	0	3	2	0	16	0	12	147	255	230	27	0	4	0	0	0	0	0	
0	9	0	6	0	230	247	99	7	0	0	13	0	2	6	0	0	12	255	250	127	0	0	10	0	0	0	0	
0	0	1	15	1	160	255	243	42	8	22	0	3	0	0	0	4	8	204	248	112	31	0	0	0	0	0	0	
1	1	4	0	0	99	224	255	225	2	0	0	0	2	7	5	0	15	245	255	122	0	2	9	0	0	0	0	
9	0	0	13	4	0	92	236	245	84	15	14	0	18	4	0	21	119	255	246	79	3	0	2	0	0	0	0	
0	0	0	16	7	0	10	115	245	227	88	5	0	0	0	48	167	255	240	112	0	3	7	6	0	0	0	0	
0	17	0	0	0	23	3	0	148	249	243	151	98	29	103	241	254	252	169	37	20	0	1	0	0	0	0	0	
0	1	1	11	0	0	0	0	1	104	239	252	242	248	255	233	237	145	0	0	0	7	6	11	0	0	0	0	
6	0	0	1	0	3	11	0	7	0	57	147	194	255	203	154	28	0	0	3	12	0	18	0	0	0	0	0	
0	0	0	0	0	0	0	0	0	0	0	0	0	0	0	0	0	0	0	0	0	0	0	0	0	0	0	0	
0	0	0	0	0	0	0	0	0	0	0	0	0	0	0	0	0	0	0	0	0	0	0	0	0	0	0	0	
0	0	0	0	0	0	0	0	0	0	0	0	0	0	0	0	0	0	0	0	0	0	0	0	0	0	0	0	
0	0	0	0	0	0	0	0	0	0	0	0	0	0	0	0	0	0	0	0	0	0	0	0	0	0	0	0	
