0	0	0	0	0	0	0	0	6	0	9	13	0	0	16	0	0	3	0	0	2	0	0	3	0	0	0	0	
0	0	0	0	0	0	0	0	4	16	0	0	2	6	0	14	0	2	2	0	0	0	0	7	0	0	0	0	
0	0	0	0	0	0	0	0	0	0	10	17	0	9	0	3	6	8	0	0	1	2	0	0	0	0	0	0	
0	0	0	0	0	0	0	0	0	0	2	0	0	11	0	7	0	0	0	0	7	0	0	0	0	0	0	0	
0	0	0	0	0	0	0	0	21	0	5	0	6	7	2	0	13	3	0	0	6	0	0	9	0	0	0	0	
0	0	0	0	0	0	0	0	0	10	128	177	166	173	225	192	164	106	26	0	0	6	0	0	0	0	0	0	
0	0	0	0	0	0	0	0	10	182	254	255	255	234	243	255	255	231	127	25	0	5	3	0	0	0	0	0	
0	0	0	0	0	0	0	0	101	255	255	219	184	183	207	210	238	255	239	104	5	0	4	8	0	0	0	0	
0	0	0	0	0	0	0	0	64	196	68	12	8	0	0	16	45	156	240	231	13	6	0	1	0	0	0	0	
0	0	0	0	0	0	0	0	0	0	6	0	18	7	0	0	12	13	203	253	80	0	22	0	0	0	0	0	
0	0	0	0	0	0	0	0	2	0	8	0	0	0	2	53	120	220	249	190	0	7	0	0	0	0	0	0	
0	0	0	0	0	0	0	0	9	2	11	51	131	99	190	237	246	250	179	11	23	5	1	0	0	0	0	0	
0	0	0	0	0	0	0	0	0	0	0	194	246	246	255	255	244	126	9	0	0	1	0	6	0	0	0	0	
0	0	0	0	0	0	0	0	2	11	17	120	249	255	246	198	25	0	5	13	4	13	6	0	0	0	0	0	
0	0	0	0	0	0	0	0	0	16	0	4	124	238	247	255	85	22	0	0	0	0	0	0	0	0	0	0	
0	0	0	0	0	0	0	0	1	0	6	2	0	19	175	247	240	100	1	6	0	9	0	8	0	0	0	0	
1	0	5	0	0	0	0	7	0	0	9	0	0	4	5	88	252	238	15	4	0	4	7	0	0	0	0	0	
2	2	0	0	0	1	14	0	4	7	8	2	2	0	0	17	85	255	158	0	6	1	0	7	0	0	0	0	
0	5	0	8	1	0	12	0	0	0	0	2	6	0	2	0	16	227	240	59	0	0	0	5	0	0	0	0	
0	4	0	6	7	0	0	32	64	15	0	9	0	0	8	14	16	157	243	118	0	0	5	0	0	0	0	0	
7	0	0	0	9	0	3	138	250	83	6	0	0	8	0	0	9	194	255	94	0	12	0	0	0	0	0	0	
5	0	6	0	14	2	0	153	252	84	13	0	0	13	0	17	111	255	255	42	2	1	2	1	0	0	0	0	
0	0	11	0	9	5	0	67	255	233	246	211	144	117	129	168	245	255	158	13	0	0	11	1	0	0	0	0	
0	0	5	0	0	6	4	0	79	148	217	254	253	255	255	248	255	226	53	0	1	0	0	2	0	0	0	0	
0	0	0	0	0	0	0	0	0	8	1	60	187	241	227	233	152	31	0	11	1	0	4	0	0	0	0	0	
0	0	0	0	0	0	0	0	0	10	0	0	11	1	0	0	12	0	3	12	0	0	16	4	0	0	0	0	
0	0	0	0	0	0	0	0	0	2	3	1	6	3	2	14	0	0	9	0	0	0	4	0	0	0	0	0	
0	0	0	0	0	0	0	0	12	3	0	0	0	0	0	0	11	2	0	0	5	8	3	2	0	0	0	0	
