0	0	0	0	0	0	0	0	2	0	0	0	1	1	0	0	0	12	0	0	0	7	0	9	0	0	0	0	
0	0	0	0	0	0	0	0	1	0	0	9	0	0	18	3	7	13	1	0	0	1	0	0	0	0	0	0	
0	0	0	0	0	0	0	0	0	6	0	4	14	0	0	0	0	0	0	0	3	9	6	0	0	0	0	0	
0	0	0	0	0	0	0	0	6	4	3	0	0	0	3	18	10	7	4	2	0	0	8	5	0	0	0	0	
0	0	0	0	0	0	0	0	16	0	10	0	0	12	0	0	0	0	0	15	1	6	0	0	0	0	0	0	
0	0	0	0	0	0	0	0	0	6	7	0	55	129	168	255	255	187	49	0	0	7	0	10	0	0	0	0	
0	0	0	0	0	0	0	0	7	10	0	53	211	255	240	232	230	255	151	0	4	14	0	0	0	0	0	0	
0	0	0	0	0	0	0	0	0	0	84	233	249	225	189	21	0	231	250	9	0	0	9	0	0	0	0	0	
0	0	0	0	0	0	0	0	0	35	235	251	166	47	0	5	48	246	255	4	8	0	3	2	0	0	0	0	
0	0	0	0	0	0	0	0	0	22	255	182	46	0	0	10	180	248	136	0	0	8	6	0	0	0	0	0	
0	0	0	0	0	0	0	0	4	17	0	0	0	5	20	94	255	246	49	12	0	3	3	0	0	0	0	0	
0	0	0	0	0	0	0	0	0	0	13	25	72	120	203	243	238	208	0	0	4	0	9	9	0	0	0	0	
0	0	0	0	0	0	0	0	0	1	25	233	255	255	255	255	251	255	50	2	14	0	0	0	0	0	0	0	
0	0	0	0	0	0	0	0	7	0	205	255	239	233	111	29	128	254	83	0	0	13	0	6	0	0	0	0	
0	0	0	0	0	0	0	0	0	13	23	49	62	59	0	16	75	255	186	8	0	5	0	1	0	0	0	0	
0	0	0	0	0	0	0	0	0	3	0	0	0	0	6	0	84	252	249	0	8	0	10	0	0	0	0	0	
0	0	0	0	0	0	0	0	6	6	0	3	1	0	7	8	71	255	213	0	11	0	3	6	0	0	0	0	
0	0	0	0	0	0	0	0	0	0	1	2	5	10	5	0	83	250	147	6	8	0	5	0	0	0	0	0	
0	0	0	0	0	0	0	0	12	0	2	3	0	0	0	16	73	253	156	11	0	6	8	0	0	0	0	0	
0	0	0	0	0	0	0	0	0	0	2	0	7	20	0	0	95	247	173	0	0	5	0	3	0	0	0	0	
0	0	0	0	0	0	0	0	0	10	2	0	3	0	0	15	184	248	104	0	11	0	0	9	0	0	0	0	
0	0	0	0	0	0	0	0	9	95	62	1	4	0	0	30	255	255	44	6	6	0	0	0	0	0	0	0	
0	0	0	0	0	0	0	0	1	255	238	52	0	35	142	209	255	174	28	10	0	1	7	0	0	0	0	0	
0	0	0	0	0	0	0	0	3	250	255	227	255	235	245	255	242	21	4	0	0	11	0	5	0	0	0	0	
0	0	0	0	0	0	0	0	0	95	245	251	207	121	140	153	29	12	0	0	3	2	0	0	0	0	0	0	
0	0	0	0	0	0	0	0	5	0	3	0	9	0	13	0	11	1	0	0	3	2	0	0	0	0	0	0	
0	0	0	0	0	0	0	0	6	0	1	0	0	0	0	0	0	0	0	0	3	1	0	0	0	0	0	0	
0	0	0	0	0	0	0	0	0	0	1	15	0	8	4	1	0	0	2	4	2	0	0	0	0	0	0	0	
