1	0	0	0	0	0	0	0	2	0	0	0	0	7	11	0	3	5	0	0	0	15	0	6	0	0	0	0	
0	0	0	0	0	1	1	0	0	10	11	0	0	0	0	6	0	0	6	6	0	2	4	0	0	0	0	0	
0	0	0	1	1	1	1	1	0	0	0	2	21	0	0	7	10	0	0	0	4	0	1	1	0	0	0	0	
0	0	1	1	0	0	0	0	0	17	13	0	0	2	7	2	6	0	0	0	18	0	0	9	0	0	0	0	
0	0	1	0	0	0	0	0	6	0	0	11	4	1	2	0	4	0	19	0	0	6	0	0	0	0	0	0	
0	1	2	0	0	0	0	1	0	33	129	225	255	251	250	250	129	5	0	6	0	0	7	0	0	0	0	0	
0	1	2	0	0	0	4	9	53	200	255	255	231	232	237	247	247	120	4	6	0	0	8	0	0	0	0	0	
0	1	2	0	0	1	9	16	232	255	187	90	52	1	0	75	231	248	60	0	3	0	7	0	0	0	0	0	
0	0	0	0	0	2	5	8	119	99	4	1	3	0	0	0	94	249	156	1	0	3	2	0	0	0	0	0	
0	0	0	0	0	2	4	6	0	0	0	0	3	13	0	10	69	255	178	2	14	0	0	8	0	0	0	0	
1	0	0	0	0	1	2	4	15	0	9	5	0	0	13	0	151	255	131	2	0	7	0	10	0	0	0	0	
2	1	0	0	0	0	0	1	0	0	15	0	7	9	11	112	254	220	59	0	0	19	0	3	0	0	0	0	
1	1	0	0	0	0	0	0	1	13	0	22	74	112	234	249	240	60	18	0	10	0	6	1	0	0	0	0	
0	0	0	0	0	0	0	0	4	19	119	219	255	244	251	255	197	0	0	0	0	0	7	0	0	0	0	0	
0	0	0	0	0	0	0	0	0	235	255	239	255	253	237	255	216	108	8	7	0	8	0	0	0	0	0	0	
0	0	0	0	0	0	0	0	9	55	95	68	3	0	22	138	248	240	96	9	7	0	8	0	0	0	0	0	
2	0	0	1	0	0	0	0	0	16	0	6	0	6	0	7	28	230	245	99	3	0	11	0	0	0	0	0	
0	0	0	3	5	3	3	5	0	3	4	0	11	0	1	4	0	132	255	184	0	8	0	4	0	0	0	0	
1	0	0	1	2	0	0	0	138	89	0	9	0	12	0	0	7	44	248	204	0	17	0	8	0	0	0	0	
1	0	0	1	0	0	0	4	200	107	3	0	5	0	1	0	0	79	255	145	0	8	0	0	0	0	0	0	
0	0	1	3	0	1	13	27	244	129	0	0	5	0	7	1	21	203	255	77	0	0	5	0	0	0	0	0	
0	0	2	1	0	0	9	23	227	184	28	21	0	6	4	20	192	251	117	8	6	0	0	12	0	0	0	0	
5	1	0	0	0	0	0	3	198	255	196	100	79	73	178	236	254	136	0	0	9	0	0	10	0	0	0	0	
5	0	0	0	6	5	1	0	50	241	255	255	250	255	250	235	109	0	11	0	2	0	14	0	0	0	0	0	
0	0	0	0	0	0	0	0	0	36	103	184	252	249	155	53	0	0	0	0	0	0	0	0	0	0	0	0	
0	0	0	0	0	0	0	0	0	4	4	0	1	9	3	0	0	0	0	0	0	0	0	0	0	0	0	0	
0	0	0	0	0	0	0	0	2	6	4	0	0	0	2	5	0	0	0	0	0	0	0	0	0	0	0	0	
0	0	0	0	0	0	0	0	0	0	0	0	9	7	0	0	0	0	0	0	0	0	0	0	0	0	0	0	
