0	0	0	0	0	0	0	0	0	3	5	10	0	3	0	4	0	3	3	0	5	0	0	3	0	0	0	0	
0	0	0	0	0	0	0	0	0	0	0	0	4	6	7	0	0	0	1	0	2	5	6	0	0	0	0	0	
0	0	0	0	0	0	0	0	9	3	17	17	0	0	12	0	11	0	5	13	0	1	0	0	0	0	0	0	
0	0	0	0	0	0	0	0	0	0	0	0	6	0	0	0	0	0	0	0	0	1	12	0	0	0	0	0	
0	0	0	0	0	0	0	0	0	19	0	0	52	26	104	217	213	250	253	169	43	0	5	0	0	0	0	0	
0	0	0	0	0	0	0	0	6	0	5	167	244	255	253	253	246	249	255	250	148	0	2	9	0	0	0	0	
0	0	0	0	0	0	0	0	3	0	13	212	249	255	202	144	90	28	43	197	233	24	2	0	0	0	0	0	
0	0	0	0	0	0	0	0	0	7	0	44	175	67	18	0	1	7	69	238	255	21	11	0	0	0	0	0	
0	0	0	0	0	0	0	0	10	0	0	7	0	0	2	0	0	63	219	251	213	18	0	0	0	0	0	0	
0	0	0	0	0	0	0	0	0	7	19	0	0	0	12	10	125	234	252	240	25	0	14	1	0	0	0	0	
0	0	0	0	0	0	0	0	18	0	4	0	48	130	225	225	251	250	248	53	13	4	0	0	0	0	0	0	
0	0	0	0	0	0	0	0	0	0	0	64	248	255	247	252	254	250	154	0	5	0	0	0	0	0	0	0	
0	0	0	0	0	0	0	0	13	0	13	93	255	255	248	250	224	255	255	200	22	1	11	1	0	0	0	0	
0	0	0	0	0	0	0	0	0	6	0	40	214	176	53	15	10	23	168	235	97	2	0	0	0	0	0	0	
0	0	0	0	0	0	0	0	0	6	8	0	5	1	5	8	0	13	0	192	214	20	12	1	0	0	0	0	
0	0	0	0	0	0	0	0	4	0	0	4	0	0	3	0	0	13	0	119	255	36	2	0	0	0	0	0	
1	9	0	17	0	8	6	0	3	0	2	4	0	7	18	0	0	9	8	203	255	46	0	13	0	0	0	0	
0	7	0	0	7	8	0	16	1	0	0	0	10	4	0	1	3	0	133	255	238	6	24	0	0	0	0	0	
4	0	12	13	18	16	0	0	0	23	0	6	2	0	22	7	31	141	255	242	106	0	15	0	0	0	0	0	
6	0	1	0	92	255	238	134	74	72	27	8	26	2	0	52	194	251	255	231	25	3	0	7	0	0	0	0	
2	1	0	13	114	251	235	251	254	255	247	255	164	78	203	250	255	255	152	21	0	19	0	0	0	0	0	0	
0	21	0	0	45	235	255	255	255	250	252	251	250	250	250	255	243	85	18	3	0	0	8	13	0	0	0	0	
0	5	7	0	0	95	212	255	240	255	252	255	251	252	241	161	39	8	0	6	0	13	0	0	0	0	0	0	
0	2	0	4	10	0	47	121	238	252	253	219	176	91	3	3	0	3	7	0	0	0	1	12	0	0	0	0	
0	0	0	0	0	0	0	0	0	0	0	0	0	0	0	0	0	0	0	0	0	0	0	0	0	0	0	0	
0	0	0	0	0	0	0	0	0	0	0	0	0	0	0	0	0	0	0	0	0	0	0	0	0	0	0	0	
0	0	0	0	0	0	0	0	0	0	0	0	0	0	0	0	0	0	0	0	0	0	0	0	0	0	0	0	
0	0	0	0	0	0	0	0	0	0	0	0	0	0	0	0	0	0	0	0	0	0	0	0	0	0	0	0	
