0	7	4	0	3	2	0	6	6	5	0	0	6	1	0	0	0	0	0	5	3	2	6	0	0	0	0	0	
5	4	0	6	6	2	0	1	0	0	1	1	3	0	0	9	1	12	6	0	0	0	6	0	0	0	0	0	
0	5	0	18	0	0	3	0	6	0	0	0	2	7	0	0	0	4	2	0	0	2	0	0	0	0	0	0	
0	13	0	0	0	15	10	12	0	0	4	3	0	2	5	0	3	0	0	0	13	4	0	2	0	0	0	0	
0	8	2	0	5	11	0	0	0	0	10	12	0	0	0	0	9	0	2	0	0	1	0	8	0	0	0	0	
0	0	7	4	6	0	14	96	182	164	196	250	255	204	107	16	0	0	13	0	0	5	0	1	0	0	0	0	
9	3	0	0	0	0	152	228	179	122	126	189	235	254	243	209	48	0	5	5	0	10	0	0	0	0	0	0	
0	2	0	10	3	1	160	117	12	0	1	13	0	41	162	255	166	17	0	4	0	4	0	7	0	0	0	0	
0	0	0	0	0	0	0	0	0	0	15	2	0	0	15	197	255	42	0	17	0	1	13	0	0	0	0	0	
0	0	0	0	0	0	0	0	0	16	0	0	18	0	0	207	250	62	0	0	22	1	0	5	0	0	0	0	
0	0	0	0	0	0	0	0	3	3	0	3	0	1	58	208	219	34	1	0	0	0	15	0	0	0	0	0	
0	0	0	0	0	0	0	0	0	0	12	8	2	92	215	241	65	7	11	0	5	0	6	1	0	0	0	0	
0	0	0	0	0	0	0	0	7	11	0	24	191	255	255	193	30	0	0	14	6	0	0	0	0	0	0	0	
0	0	0	0	0	0	0	0	0	1	0	46	251	255	247	250	220	65	0	9	0	0	11	0	0	0	0	0	
0	0	0	0	0	0	0	0	0	1	5	0	20	17	71	159	249	225	92	0	7	2	0	9	0	0	0	0	
0	0	0	0	0	0	0	0	0	1	1	0	0	14	0	0	71	244	242	44	0	0	13	0	0	0	0	0	
0	0	0	0	0	0	0	0	0	8	1	0	0	6	2	0	1	56	255	94	0	5	0	11	0	0	0	0	
0	0	0	0	0	0	0	0	5	0	0	16	8	3	0	20	0	25	231	192	2	4	0	0	0	0	0	0	
0	0	0	0	0	0	0	0	8	3	0	0	0	14	0	0	5	0	204	209	0	7	10	0	0	0	0	0	
0	0	0	0	0	0	0	0	0	0	3	14	0	0	15	0	4	34	255	161	0	5	1	2	0	0	0	0	
0	0	0	0	0	0	0	0	4	0	42	0	0	0	19	0	0	146	255	93	15	0	0	0	0	0	0	0	
0	0	0	0	0	0	0	0	0	20	182	91	5	10	0	0	95	254	183	20	5	0	9	0	0	0	0	0	
0	0	0	0	0	0	0	0	0	0	155	154	23	0	25	146	235	220	80	0	1	0	6	0	0	0	0	0	
0	0	0	0	0	0	0	0	5	0	88	255	240	242	245	251	182	26	0	0	8	2	0	4	0	0	0	0	
0	0	0	0	0	0	0	0	9	0	0	53	166	237	183	83	0	0	0	0	0	0	0	0	0	0	0	0	
0	0	0	0	0	0	0	0	0	1	7	0	0	4	6	0	0	0	0	0	0	0	0	0	0	0	0	0	
0	0	0	0	0	0	0	0	11	6	3	2	0	0	0	4	0	0	0	0	0	0	0	0	0	0	0	0	
0	0	0	0	0	0	0	0	0	0	0	3	6	0	0	1	0	0	0	0	0	0	0	0	0	0	0	0	
