0	0	0	0	0	0	0	0	0	3	0	0	1	2	0	5	9	0	0	2	0	1	4	0	0	0	0	0	
0	0	0	0	0	0	0	0	0	4	12	8	7	5	0	0	0	0	1	8	6	0	0	0	0	0	0	0	
0	0	0	0	0	0	0	0	12	0	0	0	0	0	0	6	6	3	0	0	0	0	0	4	0	0	0	0	
0	0	0	0	0	0	0	0	9	0	0	9	11	8	2	0	0	1	0	1	16	12	0	4	0	0	0	0	
0	0	0	0	0	0	0	0	0	3	13	0	0	4	13	0	1	3	0	0	0	0	0	2	0	0	0	0	
0	0	0	0	0	0	0	0	14	0	0	8	0	1	11	4	32	43	51	32	6	6	11	0	0	0	0	0	
0	0	0	0	0	0	0	0	0	7	92	186	207	200	209	212	245	249	255	236	176	144	94	13	0	0	0	0	
0	0	0	0	0	0	0	0	0	100	231	255	248	246	255	250	255	242	254	253	242	255	247	154	0	0	0	0	
0	0	0	0	0	0	0	0	0	73	172	174	139	55	109	151	74	123	159	255	254	247	255	185	0	0	0	0	
0	0	0	0	0	0	0	0	8	3	0	0	3	4	13	0	0	7	67	186	247	255	239	52	0	0	0	0	
0	0	0	0	0	0	0	0	0	4	8	1	0	1	0	0	20	106	237	244	255	233	113	8	0	0	0	0	
0	0	0	0	0	0	0	0	5	0	0	5	0	7	6	35	193	252	255	255	230	69	6	6	0	0	0	0	
0	0	0	0	0	0	0	0	7	0	3	10	0	0	106	249	255	255	211	110	11	7	0	0	0	0	0	0	
0	0	0	0	0	0	0	0	0	14	0	0	60	180	255	248	207	144	10	22	3	0	17	0	0	0	0	0	
0	0	0	0	0	0	0	0	25	0	0	123	233	255	255	221	65	14	0	0	0	0	0	14	0	0	0	0	
0	0	0	0	0	0	0	0	0	3	9	194	255	255	255	246	130	0	0	13	0	0	12	0	0	0	0	0	
3	1	0	1	13	15	3	1	3	0	0	147	198	218	255	249	255	120	6	0	0	11	0	10	0	0	0	0	
0	14	0	0	87	243	48	0	0	10	2	0	10	13	55	254	252	244	42	2	3	0	0	0	0	0	0	0	
2	0	20	0	180	213	0	11	1	1	0	0	0	0	96	250	245	250	29	0	0	0	2	3	0	0	0	0	
0	1	9	0	213	220	34	0	0	6	0	8	6	73	209	255	255	145	13	16	0	9	0	0	0	0	0	0	
0	9	4	0	202	255	122	0	0	16	0	16	158	245	237	237	181	26	0	10	0	7	0	0	0	0	0	0	
6	0	6	0	145	248	192	117	66	48	126	230	242	247	244	88	15	0	0	0	0	0	8	0	0	0	0	0	
9	8	0	10	51	255	252	248	255	255	238	255	255	160	101	0	0	21	12	0	6	0	0	0	0	0	0	0	
0	0	6	0	5	105	209	255	255	247	255	165	86	21	0	5	8	0	0	3	2	7	0	9	0	0	0	0	
0	0	3	3	0	0	16	37	48	43	29	10	0	1	1	0	0	0	0	0	0	0	0	0	0	0	0	0	
2	0	0	1	0	0	4	15	6	7	3	0	0	1	4	3	0	0	0	0	0	0	0	0	0	0	0	0	
4	0	0	0	1	0	0	0	0	0	0	0	0	1	2	0	0	0	0	0	0	0	0	0	0	0	0	0	
3	0	0	0	4	4	1	0	3	4	4	2	1	0	0	0	0	0	0	0	0	0	0	0	0	0	0	0	
