0	3	0	0	5	1	0	2	2	0	0	11	0	4	2	0	0	0	1	3	2	0	0	1	0	0	0	0	
0	3	0	0	1	7	0	0	0	4	0	0	6	1	0	1	2	0	0	9	10	0	0	4	0	0	0	0	
0	2	9	6	0	0	0	10	0	5	3	0	16	0	0	5	6	3	0	0	0	0	0	11	0	0	0	0	
17	0	0	0	0	0	0	0	0	4	8	0	5	0	0	4	0	1	0	0	7	18	5	0	0	0	0	0	
0	0	5	3	0	10	11	0	11	0	0	7	0	9	9	0	0	0	0	0	0	0	5	11	0	0	0	0	
0	8	6	0	41	172	255	246	250	253	255	235	102	71	84	87	53	10	0	1	10	0	0	0	0	0	0	0	
0	0	0	3	85	232	255	244	255	244	252	255	244	255	255	243	242	136	26	0	0	10	8	5	0	0	0	0	
0	4	7	0	10	124	234	255	252	246	255	248	255	245	255	253	249	255	240	150	53	2	0	0	0	0	0	0	
0	0	0	3	0	15	245	255	80	90	68	91	89	85	255	244	243	255	255	249	217	60	1	5	0	0	0	0	
16	7	0	5	19	0	11	0	0	3	8	0	0	0	0	14	75	206	244	255	255	250	8	0	0	0	0	0	
0	1	9	0	0	11	0	13	5	0	0	9	1	7	4	0	0	176	255	254	245	247	4	8	0	0	0	0	
22	0	2	14	0	7	0	0	0	0	3	0	0	0	0	5	156	255	240	245	255	182	0	6	0	0	0	0	
1	0	1	0	0	0	14	5	1	8	0	11	1	3	178	163	240	250	255	255	93	24	10	0	0	0	0	0	
0	21	2	0	24	1	0	0	89	80	86	85	233	255	241	255	255	255	208	52	0	0	0	12	0	0	0	0	
0	5	0	2	0	0	58	169	243	253	255	243	255	253	247	255	255	235	179	19	0	17	0	0	0	0	0	0	
0	7	0	7	27	196	255	252	255	250	253	248	247	255	247	253	255	254	250	255	85	84	3	0	0	0	0	0	
12	0	5	1	188	255	255	254	248	253	247	248	255	255	244	254	247	252	255	252	246	255	169	56	0	0	0	0	
0	12	2	0	101	249	247	245	255	246	179	159	164	157	172	174	183	157	204	240	255	246	249	247	0	0	0	0	
0	12	0	4	9	101	76	96	92	77	1	0	10	0	14	0	0	0	13	198	249	242	255	255	0	0	0	0	
7	0	0	13	0	0	0	2	0	13	9	10	0	0	3	0	0	82	255	249	255	255	245	188	0	0	0	0	
1	0	11	0	0	0	10	3	7	0	4	0	0	12	2	1	187	217	252	236	255	254	183	41	0	0	0	0	
0	2	1	0	0	5	4	0	95	60	84	95	158	250	254	255	255	233	255	255	159	175	5	0	0	0	0	0	
0	0	0	7	5	1	0	0	255	249	255	247	234	255	252	241	248	255	250	133	18	0	0	10	0	0	0	0	
1	5	3	0	6	0	6	4	252	249	254	255	254	255	230	168	171	52	9	0	6	0	0	1	0	0	0	0	
0	0	0	0	0	0	0	0	82	92	250	133	93	72	50	6	0	0	0	0	0	0	0	0	0	0	0	0	
0	0	0	0	0	0	0	0	5	0	28	0	0	5	11	0	0	0	0	0	0	0	0	0	0	0	0	0	
0	0	0	0	0	0	0	0	20	0	0	2	0	0	8	3	0	0	0	0	0	0	0	0	0	0	0	0	
0	0	0	0	0	0	0	0	0	13	0	8	0	0	0	0	0	0	0	0	0	0	0	0	0	0	0	0	
