1	0	11	0	1	2	3	0	0	0	1	4	0	2	1	0	3	4	9	0	0	11	2	0	0	0	0	0	
0	0	9	0	4	0	2	0	4	1	8	0	0	12	7	0	0	0	4	6	2	0	0	8	0	0	0	0	
0	0	2	5	4	0	7	0	0	12	0	7	6	0	4	0	16	0	0	0	0	2	0	5	0	0	0	0	
3	2	0	0	2	0	9	0	0	0	0	4	5	0	0	16	2	0	4	0	0	6	4	0	0	0	0	0	
0	7	0	0	2	3	0	0	20	130	255	250	254	255	149	80	2	0	7	12	0	0	0	0	0	0	0	0	
0	6	0	0	4	4	0	44	218	254	249	254	255	239	250	255	121	16	0	6	6	2	0	1	0	0	0	0	
0	1	4	0	3	0	0	148	244	255	147	106	108	122	220	243	245	72	0	0	4	6	0	1	0	0	0	0	
2	0	5	0	0	0	21	244	240	82	9	0	6	0	31	224	255	102	17	5	0	0	1	2	0	0	0	0	
4	0	0	0	0	0	16	44	89	0	3	5	0	0	0	115	250	255	24	11	0	6	3	0	0	0	0	0	
1	0	0	5	2	0	2	14	13	0	0	1	0	0	0	85	255	248	134	8	0	0	1	0	0	0	0	0	
2	0	0	5	7	0	0	0	0	15	2	12	0	8	0	68	249	252	147	2	0	10	0	6	0	0	0	0	
5	0	0	0	4	2	0	1	0	0	0	3	0	0	6	104	255	255	108	0	0	8	0	0	0	0	0	0	
3	0	0	0	0	0	2	6	14	0	0	14	4	6	138	229	251	240	161	46	6	0	12	2	0	0	0	0	
0	0	3	3	0	0	0	0	0	4	0	1	0	0	206	253	254	237	255	214	16	0	3	0	0	0	0	0	
0	0	2	1	0	0	0	0	0	18	2	5	0	1	132	148	65	68	182	255	54	5	0	7	0	0	0	0	
1	0	0	0	0	2	4	4	5	0	4	0	0	10	0	6	0	0	98	253	184	7	0	5	0	0	0	0	
0	0	0	4	5	1	6	0	0	4	0	0	0	9	0	6	0	0	68	245	251	14	0	2	0	0	0	0	
0	16	3	0	4	4	0	13	90	24	5	8	4	5	11	0	8	12	0	231	255	7	1	0	0	0	0	0	
0	10	4	0	10	0	0	124	247	92	8	0	0	0	15	0	0	15	80	246	214	16	9	0	0	0	0	0	
0	0	6	0	11	0	4	151	255	220	91	0	19	0	0	13	7	4	127	250	102	0	0	2	0	0	0	0	
2	0	11	0	0	11	0	34	219	244	242	200	73	5	6	0	11	163	255	255	15	8	17	0	0	0	0	0	
8	0	6	0	0	5	0	0	99	251	255	255	251	232	170	134	233	255	244	107	1	0	0	6	0	0	0	0	
6	0	0	9	0	0	3	19	10	11	30	160	247	240	250	255	249	249	218	5	15	2	0	5	0	0	0	0	
0	10	0	0	2	4	4	0	0	0	0	0	20	92	190	127	129	128	20	0	10	0	4	0	0	0	0	0	
0	0	0	0	0	0	0	0	0	0	0	0	0	0	0	0	0	0	0	0	0	0	0	0	0	0	0	0	
0	0	0	0	0	0	0	0	0	0	0	0	0	0	0	0	0	0	0	0	0	0	0	0	0	0	0	0	
0	0	0	0	0	0	0	0	0	0	0	0	0	0	0	0	0	0	0	0	0	0	0	0	0	0	0	0	
0	0	0	0	0	0	0	0	0	0	0	0	0	0	0	0	0	0	0	0	0	0	0	0	0	0	0	0	
