0	2	0	6	3	0	0	0	0	0	0	0	0	3	3	1	0	0	0	0	6	0	0	6	0	0	0	0	
5	6	0	0	0	0	5	12	0	0	0	0	0	0	1	1	10	13	7	0	0	6	2	0	0	0	0	0	
0	2	0	7	0	6	0	0	10	8	5	2	0	0	0	0	0	0	2	8	0	0	0	2	0	0	0	0	
0	0	0	3	0	16	0	12	0	0	0	0	5	6	0	0	25	3	0	0	0	4	10	0	0	0	0	0	
0	1	3	9	0	0	0	0	3	3	6	8	4	0	0	3	0	0	9	0	0	5	8	0	0	0	0	0	
0	3	1	7	0	0	31	58	110	94	113	185	250	245	171	100	2	0	0	10	11	0	0	11	0	0	0	0	
5	8	0	0	0	6	150	228	255	255	255	255	255	249	246	252	209	120	9	0	16	5	0	11	0	0	0	0	
0	8	0	0	10	0	158	242	231	219	210	211	212	218	237	255	255	229	101	0	0	10	0	0	0	0	0	0	
8	0	0	4	0	0	14	48	62	4	0	7	0	8	73	193	255	237	153	2	0	10	3	0	0	0	0	0	
0	0	0	4	1	0	0	13	0	5	5	8	0	0	0	73	241	255	216	16	0	8	0	2	0	0	0	0	
1	0	0	4	6	1	0	0	0	6	0	0	0	0	22	148	249	234	92	0	0	0	22	0	0	0	0	0	
4	3	1	0	2	7	5	0	0	7	0	10	2	15	96	250	252	255	59	2	6	0	0	0	0	0	0	0	
0	1	0	0	0	1	4	1	2	20	0	0	50	169	238	255	255	87	0	0	0	15	0	9	0	0	0	0	
0	0	4	2	0	0	0	0	0	0	29	191	255	255	249	255	148	0	2	14	0	0	12	0	0	0	0	0	
0	0	2	5	3	0	0	0	3	125	204	255	253	252	252	252	227	231	104	0	0	5	15	0	0	0	0	0	
3	0	0	0	0	0	0	6	101	233	255	254	249	255	250	253	251	253	234	180	7	5	0	7	0	0	0	0	
0	6	4	0	0	0	0	6	232	255	244	166	123	104	99	116	242	255	254	246	3	0	1	0	0	0	0	0	
2	1	0	0	9	5	0	4	83	113	68	0	0	5	4	0	3	146	243	255	150	0	22	0	0	0	0	0	
7	2	0	0	8	0	0	0	4	0	0	2	21	5	0	1	5	70	254	255	250	31	0	0	0	0	0	0	
0	5	1	0	0	0	0	8	0	9	8	0	0	0	0	6	14	183	255	216	153	14	0	17	0	0	0	0	
0	5	4	0	2	8	6	5	1	0	0	0	0	0	0	1	192	249	255	255	7	0	2	0	0	0	0	0	
0	6	0	0	6	9	0	0	4	0	6	10	2	32	137	244	252	252	231	26	16	7	9	0	0	0	0	0	
5	4	0	0	2	0	0	17	72	74	71	78	129	212	255	255	255	229	75	22	0	0	0	8	0	0	0	0	
0	0	0	6	0	0	22	86	255	249	253	255	254	255	251	234	152	49	2	0	0	15	0	0	0	0	0	0	
8	0	0	4	0	0	14	48	254	248	249	255	252	200	114	46	0	0	0	0	0	0	0	0	0	0	0	0	
0	0	0	4	1	0	0	13	5	0	0	0	3	5	2	0	0	0	0	0	0	0	0	0	0	0	0	0	
1	0	0	4	6	1	0	0	0	0	2	3	1	0	2	5	0	0	0	0	0	0	0	0	0	0	0	0	
4	3	1	0	2	7	5	0	6	3	0	0	0	0	0	0	0	0	0	0	0	0	0	0	0	0	0	0	
