0	0	0	0	0	0	0	0	0	0	0	8	13	0	0	0	2	3	1	0	2	7	0	6	0	0	0	0	
0	0	0	0	0	0	0	0	0	9	8	0	0	2	14	0	0	0	12	0	3	0	0	0	0	0	0	0	
0	0	0	0	0	0	0	0	18	0	0	7	5	2	0	0	14	0	3	2	7	0	4	9	0	0	0	0	
0	0	0	0	0	0	0	0	0	0	12	6	0	7	1	8	0	0	0	5	3	1	9	0	0	0	0	0	
0	0	0	0	0	0	0	0	2	8	0	0	0	16	0	0	10	9	0	0	0	2	9	0	0	0	0	0	
0	0	0	0	0	0	0	0	0	39	40	106	142	151	131	149	147	251	239	137	29	0	9	2	0	0	0	0	
0	0	0	0	0	0	0	0	31	231	255	255	245	255	254	255	255	240	238	255	234	27	0	5	0	0	0	0	
0	0	0	0	0	0	0	0	50	252	247	255	252	254	251	253	253	255	255	243	255	53	12	3	0	0	0	0	
0	0	0	0	0	0	0	0	10	154	234	239	234	225	163	122	241	255	255	255	215	37	10	0	0	0	0	0	
0	0	0	0	0	0	0	0	1	0	10	36	1	0	33	190	255	239	254	242	123	16	0	5	0	0	0	0	
0	0	0	0	0	0	0	0	2	0	0	2	44	98	236	255	245	255	210	119	0	4	0	8	0	0	0	0	
0	0	0	0	0	0	0	0	0	0	13	26	231	255	253	243	255	249	85	1	0	3	0	0	0	0	0	0	
0	0	0	0	0	0	0	0	19	13	38	242	246	242	255	252	250	246	126	1	11	0	1	0	0	0	0	0	
0	0	0	0	0	0	0	0	0	0	122	249	255	255	255	254	252	255	255	66	0	0	14	0	0	0	0	0	
0	0	0	0	0	0	0	0	9	7	20	239	232	255	216	145	253	243	251	118	11	5	0	3	0	0	0	0	
0	0	0	0	0	0	0	0	0	0	9	19	120	0	0	3	131	255	249	136	0	0	0	1	0	0	0	0	
0	15	0	0	0	9	0	3	12	0	0	0	4	0	12	15	208	255	237	130	11	0	2	0	0	0	0	0	
8	4	0	18	15	0	61	112	191	30	1	15	7	14	0	110	250	234	255	91	0	4	0	3	0	0	0	0	
0	0	1	5	0	0	190	255	165	0	0	0	0	0	92	226	254	255	181	24	0	0	2	0	0	0	0	0	
0	3	0	0	3	116	246	164	0	17	4	8	8	131	212	255	252	226	45	0	0	0	9	0	0	0	0	0	
10	0	0	0	30	207	252	90	0	0	2	16	181	255	253	255	238	54	0	15	0	6	0	7	0	0	0	0	
0	0	4	8	0	161	255	213	41	75	134	247	247	255	255	243	127	0	11	0	0	12	0	2	0	0	0	0	
5	0	2	12	1	106	246	255	244	255	255	255	239	246	255	117	13	6	9	0	4	2	4	0	0	0	0	0	
0	7	0	0	0	72	250	255	255	247	253	254	255	200	40	0	0	0	0	21	0	0	5	0	0	0	0	0	
1	0	2	10	0	0	58	133	227	196	159	120	65	11	0	0	0	0	0	0	0	0	0	0	0	0	0	0	
0	0	0	1	0	0	0	6	4	0	0	1	0	0	0	15	0	0	0	0	0	0	0	0	0	0	0	0	
0	0	0	0	6	13	4	0	2	0	2	4	1	0	0	1	0	0	0	0	0	0	0	0	0	0	0	0	
2	8	5	0	0	5	6	0	0	0	0	0	1	3	1	0	0	0	0	0	0	0	0	0	0	0	0	0	
