0	0	0	0	0	0	0	0	2	0	0	0	8	0	7	0	0	1	9	0	1	10	0	0	0	0	0	0	
0	0	0	0	0	0	0	0	1	0	5	0	6	0	4	0	16	0	0	0	0	1	0	12	0	0	0	0	
0	0	0	0	0	0	0	0	13	0	0	0	5	10	6	0	0	5	4	12	0	2	6	0	0	0	0	0	
0	0	0	0	0	0	0	0	0	0	15	0	0	2	7	12	2	5	0	10	0	2	6	0	0	0	0	0	
0	0	0	0	0	0	0	0	0	2	9	39	118	207	234	236	138	47	0	0	7	0	0	5	0	0	0	0	
0	0	0	0	0	0	0	0	13	149	210	232	243	255	255	255	255	175	96	2	7	0	0	9	0	0	0	0	
0	0	0	0	0	0	0	0	47	231	255	255	255	246	245	245	255	255	235	23	3	2	4	0	0	0	0	0	
0	0	0	0	0	0	0	0	22	240	255	244	210	139	79	33	209	252	255	15	4	3	0	0	0	0	0	0	
0	0	0	0	0	0	0	0	1	80	94	58	0	0	10	3	217	255	255	80	4	1	0	0	0	0	0	0	
0	0	0	0	0	0	0	0	0	36	49	0	14	0	0	36	255	228	237	34	0	0	10	0	0	0	0	0	
0	0	0	0	0	0	0	0	6	0	14	0	5	0	45	204	255	255	143	4	0	0	10	0	0	0	0	0	
0	0	0	0	0	0	0	0	0	0	3	0	0	173	253	253	244	213	35	0	12	0	0	0	0	0	0	0	
0	0	0	0	0	0	0	0	6	0	7	158	241	255	226	255	253	65	0	0	13	0	0	17	0	0	0	0	
0	0	0	0	0	0	0	0	5	3	107	244	245	242	255	247	255	131	10	0	0	5	0	5	0	0	0	0	
0	0	0	0	0	0	0	0	0	22	152	255	255	245	238	254	247	255	37	4	0	12	0	0	0	0	0	0	
0	0	0	0	0	0	0	0	9	0	39	178	136	56	25	236	252	255	69	0	5	0	0	4	0	0	0	0	
0	3	10	3	0	5	6	0	0	11	0	0	7	0	0	137	255	236	75	3	0	0	3	0	0	0	0	0	
8	0	0	3	0	0	3	6	0	3	9	6	5	10	6	109	240	255	150	0	0	8	11	0	0	0	0	0	
3	0	0	3	2	0	0	0	7	4	0	0	0	0	11	167	255	239	89	0	14	0	0	3	0	0	0	0	
0	1	0	0	0	9	36	69	0	9	12	7	10	4	71	242	254	244	73	18	7	0	9	0	0	0	0	0	
5	6	2	0	0	16	114	230	223	125	46	3	39	148	239	255	255	158	22	0	0	0	0	0	0	0	0	0	
1	0	0	9	0	0	114	255	242	255	226	181	250	255	241	255	219	32	0	0	12	14	0	17	0	0	0	0	
0	0	0	11	4	0	42	160	255	231	255	255	244	248	255	202	17	0	19	0	0	6	0	0	0	0	0	0	
3	9	0	0	9	0	0	29	134	200	249	249	255	206	110	0	0	20	0	10	0	0	12	6	0	0	0	0	
0	0	0	0	0	0	0	0	0	0	0	0	0	0	0	0	0	0	0	0	0	0	0	0	0	0	0	0	
0	0	0	0	0	0	0	0	0	0	0	0	0	0	0	0	0	0	0	0	0	0	0	0	0	0	0	0	
0	0	0	0	0	0	0	0	0	0	0	0	0	0	0	0	0	0	0	0	0	0	0	0	0	0	0	0	
0	0	0	0	0	0	0	0	0	0	0	0	0	0	0	0	0	0	0	0	0	0	0	0	0	0	0	0	
