4	0	2	1	0	0	0	3	1	0	8	0	0	11	0	3	0	5	0	3	0	2	0	6	0	0	0	0	
7	0	0	0	0	3	0	0	0	5	0	0	5	6	4	0	0	0	0	20	6	2	0	0	0	0	0	0	
0	1	6	6	3	2	3	3	1	11	0	0	6	0	0	0	6	0	0	1	0	4	3	2	0	0	0	0	
5	7	0	0	0	0	3	0	5	6	0	2	7	0	2	17	3	2	4	2	0	2	6	0	0	0	0	0	
0	0	0	5	14	5	7	0	0	6	2	12	0	21	0	0	0	0	0	4	4	0	0	0	0	0	0	0	
0	11	0	4	0	0	27	57	137	136	238	143	255	225	255	211	133	81	21	0	3	0	0	5	0	0	0	0	
0	8	0	5	0	29	166	255	255	244	227	216	236	242	218	201	247	238	146	17	0	0	0	0	0	0	0	0	
0	6	0	10	0	0	66	124	149	72	0	6	35	0	0	7	126	255	244	61	0	0	7	0	0	0	0	0	
0	0	0	0	0	0	0	0	5	0	10	0	0	9	9	0	155	254	212	0	2	0	0	0	0	0	0	0	
0	0	0	0	0	0	0	0	0	0	8	0	29	0	0	125	255	255	208	0	15	4	4	1	0	0	0	0	
0	0	0	0	0	0	0	0	5	0	0	0	0	11	85	255	255	228	43	14	0	0	13	0	0	0	0	0	
0	0	0	0	0	0	0	0	0	4	2	7	0	141	241	237	227	96	6	0	4	0	0	0	0	0	0	0	
0	0	0	0	0	0	0	0	0	0	18	149	217	247	255	185	66	0	0	0	3	2	2	7	0	0	0	0	
0	0	0	0	0	0	0	0	6	75	211	255	251	250	255	17	0	3	8	27	0	0	2	0	0	0	0	0	
0	0	0	0	0	0	0	0	0	150	251	238	255	250	237	191	40	0	18	0	0	5	8	15	0	0	0	0	
0	0	0	0	0	0	0	0	2	24	118	173	97	156	207	255	216	131	0	7	10	0	0	0	0	0	0	0	
0	0	0	0	0	0	0	0	6	0	8	7	0	7	20	149	252	253	123	0	0	0	0	11	0	0	0	0	
0	0	0	0	0	0	0	0	0	2	0	0	0	0	0	2	78	255	234	66	15	0	15	0	0	0	0	0	
0	0	0	0	0	0	0	0	0	16	0	0	3	6	15	0	10	141	255	194	0	7	0	11	0	0	0	0	
0	0	0	0	0	0	0	0	3	2	0	1	5	0	0	0	0	175	232	182	2	11	0	15	0	0	0	0	
0	0	0	0	0	0	0	0	0	5	13	0	2	11	0	4	105	250	255	112	8	0	0	0	0	0	0	0	
0	0	0	0	0	0	0	0	15	0	0	5	0	0	33	170	255	244	220	69	0	3	0	2	0	0	0	0	
0	0	0	0	0	0	0	0	44	180	147	79	49	138	196	255	242	236	55	3	0	7	3	3	0	0	0	0	
0	0	0	0	0	0	0	0	58	255	252	252	227	255	252	255	204	79	0	0	5	0	2	0	0	0	0	0	
0	0	0	0	0	0	0	0	0	87	194	252	255	219	124	34	0	0	0	0	0	0	0	0	0	0	0	0	
0	0	0	0	0	0	0	0	0	4	1	0	0	4	9	4	0	0	0	0	0	0	0	0	0	0	0	0	
0	0	0	0	0	0	0	0	3	0	0	4	4	0	0	1	0	0	0	0	0	0	0	0	0	0	0	0	
0	0	0	0	0	0	0	0	5	0	0	3	4	0	1	11	0	0	0	0	0	0	0	0	0	0	0	0	
