0	0	0	0	0	0	0	0	3	0	2	3	0	0	0	0	0	4	1	0	0	0	0	5	0	0	0	0	
0	0	0	0	0	0	0	0	3	0	0	1	1	0	5	12	3	0	3	0	0	13	10	0	0	0	0	0	
0	0	0	0	0	0	0	0	3	2	0	0	4	0	0	0	1	0	0	0	3	0	0	3	0	0	0	0	
0	0	0	0	0	0	0	0	0	3	0	0	0	5	4	12	1	0	0	3	2	0	5	14	0	0	0	0	
0	0	0	0	0	0	0	0	0	4	6	2	5	6	0	0	0	0	10	6	0	7	16	0	0	0	0	0	
0	0	0	0	0	0	0	0	3	0	0	3	0	0	2	0	0	11	0	0	7	0	0	14	0	0	0	0	
0	0	0	0	0	0	0	0	13	0	12	65	69	84	131	158	182	217	230	246	254	177	56	0	0	0	0	0	
0	0	0	0	0	0	0	0	0	0	109	247	255	241	251	255	255	190	201	200	188	255	230	7	0	0	0	0	
0	0	0	0	0	0	0	0	0	0	85	212	168	124	100	40	25	9	0	0	31	201	253	2	0	0	0	0	
0	0	0	0	0	0	0	0	9	25	0	0	0	1	0	2	0	10	0	2	100	230	180	0	0	0	0	0	
1	0	0	0	0	0	0	1	0	0	0	20	0	0	8	0	0	3	15	67	249	235	13	1	0	0	0	0	
1	0	0	0	0	0	0	1	0	21	1	0	1	6	0	3	10	56	172	255	169	4	4	0	0	0	0	0	
0	0	0	0	0	0	0	0	20	0	0	16	19	0	45	152	216	255	240	63	10	12	1	0	0	0	0	0	
0	0	0	0	0	0	0	0	0	0	12	0	45	175	255	251	244	255	235	133	19	0	0	0	0	0	0	0	
0	0	2	4	4	2	0	0	0	15	0	16	196	255	195	145	73	111	241	233	0	0	14	3	0	0	0	0	
0	2	5	7	7	5	2	0	3	0	0	0	74	55	0	5	4	0	36	253	59	0	1	0	0	0	0	0	
0	21	0	130	106	0	0	6	0	1	0	0	0	5	2	2	0	12	23	255	131	0	5	8	0	0	0	0	
12	0	3	227	0	22	7	0	0	12	16	6	2	0	0	0	0	0	89	244	23	9	0	0	0	0	0	0	
0	0	15	202	2	0	0	0	18	0	0	4	0	0	12	3	1	52	217	216	0	0	14	2	0	0	0	0	
1	9	0	206	66	0	0	5	0	8	20	10	0	4	4	0	58	242	219	48	6	3	0	7	0	0	0	0	
0	17	7	185	178	57	9	0	5	4	0	0	11	0	25	169	229	230	66	0	0	10	0	0	0	0	0	0	
2	7	0	23	198	249	167	74	7	14	22	27	68	169	243	246	197	41	0	24	0	0	15	1	0	0	0	0	
0	0	0	1	1	205	255	250	216	203	239	255	241	255	210	84	0	0	14	0	11	0	0	2	0	0	0	0	
11	0	2	5	0	0	75	153	197	241	213	156	128	70	7	1	2	12	0	13	0	0	0	7	0	0	0	0	
0	0	0	0	0	0	0	0	0	0	0	0	0	0	0	0	0	0	0	0	0	0	0	0	0	0	0	0	
0	0	0	0	0	0	0	0	0	0	0	0	0	0	0	0	0	0	0	0	0	0	0	0	0	0	0	0	
0	0	0	0	0	0	0	0	0	0	0	0	0	0	0	0	0	0	0	0	0	0	0	0	0	0	0	0	
0	0	0	0	0	0	0	0	0	0	0	0	0	0	0	0	0	0	0	0	0	0	0	0	0	0	0	0	
