0	3	0	0	9	0	5	2	0	0	0	9	7	0	0	7	1	0	0	10	0	13	0	0	0	0	0	0	
1	17	5	2	0	0	4	0	13	11	1	0	0	1	2	0	8	4	5	3	0	4	6	8	0	0	0	0	
0	0	0	5	6	5	11	0	0	1	8	2	0	6	2	0	0	0	0	0	0	0	1	0	0	0	0	0	
13	0	0	10	5	0	0	0	7	0	0	0	4	3	1	1	3	4	0	2	12	0	2	0	0	0	0	0	
7	0	3	1	0	0	0	12	0	1	1	0	0	0	0	3	0	3	0	7	1	0	0	11	0	0	0	0	
0	0	3	0	3	14	0	0	0	0	7	46	135	230	255	248	255	186	75	0	0	17	0	0	0	0	0	0	
5	10	6	0	11	6	0	19	85	169	241	252	243	250	255	248	251	247	222	32	7	0	3	5	0	0	0	0	
0	0	1	0	0	0	23	166	246	253	255	249	250	255	255	250	254	255	255	3	0	0	11	0	0	0	0	0	
0	0	7	0	6	1	60	252	250	253	251	227	198	133	66	202	242	255	255	8	4	0	0	0	0	0	0	0	
6	1	0	0	0	0	49	191	243	237	203	44	0	5	40	186	255	238	250	15	0	0	19	2	0	0	0	0	
0	2	2	3	5	0	0	41	112	40	9	0	18	71	218	255	248	255	235	16	4	5	6	0	0	0	0	0	
0	6	0	0	1	0	5	2	2	0	3	11	159	248	255	249	238	194	55	0	5	0	0	18	0	0	0	0	
0	6	0	0	0	1	8	0	0	38	104	239	255	240	255	250	255	238	125	108	22	0	11	0	0	0	0	0	
0	0	7	3	0	0	0	0	67	190	249	251	253	255	219	255	255	255	234	255	173	15	0	10	0	0	0	0	
10	0	2	0	0	3	15	69	237	255	244	255	244	254	255	255	247	255	250	255	255	178	38	0	0	0	0	0	
5	0	8	0	2	1	0	69	253	251	255	253	224	204	106	58	70	63	148	237	245	255	87	6	0	0	0	0	
3	0	0	4	0	0	20	55	235	222	219	86	80	2	5	0	0	7	0	238	255	252	217	0	0	0	0	0	
4	0	0	5	1	0	0	10	0	0	28	146	244	25	7	0	7	0	31	229	255	247	211	5	0	0	0	0	
1	0	0	4	5	0	0	0	0	8	8	239	255	174	0	0	0	0	195	249	250	255	75	0	0	0	0	0	
0	0	0	0	2	7	6	1	8	6	13	255	251	98	0	11	12	172	249	254	249	247	77	10	0	0	0	0	
0	3	1	0	0	0	0	0	0	0	61	249	162	24	0	58	177	255	246	255	239	137	4	0	0	0	0	0	
0	0	3	1	0	0	0	0	17	0	167	243	221	191	213	237	232	255	237	213	141	3	1	3	0	0	0	0	
0	0	1	5	4	2	2	4	0	1	40	255	248	252	255	247	255	241	233	57	0	5	0	3	0	0	0	0	
10	1	0	0	0	0	0	1	14	0	31	226	255	247	253	248	233	152	0	0	12	0	2	0	0	0	0	0	
0	0	0	0	0	0	0	0	6	0	3	64	173	255	252	206	0	0	0	0	0	0	0	0	0	0	0	0	
0	0	0	0	0	0	0	0	0	2	0	0	0	7	0	0	0	0	0	0	0	0	0	0	0	0	0	0	
0	0	0	0	0	0	0	0	0	1	6	2	0	0	8	14	0	0	0	0	0	0	0	0	0	0	0	0	
0	0	0	0	0	0	0	0	11	4	0	0	0	0	0	0	0	0	0	0	0	0	0	0	0	0	0	0	
