0	0	0	0	0	0	0	0	0	0	1	8	5	0	0	2	3	0	8	0	2	0	8	0	0	0	0	0	
0	0	0	0	0	0	0	0	0	0	0	0	0	2	4	7	0	4	8	0	0	3	4	0	0	0	0	0	
0	0	0	0	0	0	0	0	0	8	2	6	11	2	0	0	0	3	0	0	0	5	1	3	0	0	0	0	
0	0	0	0	0	0	0	0	0	0	0	0	5	5	0	18	8	0	0	0	15	0	0	3	0	0	0	0	
0	0	0	0	0	0	0	0	3	0	10	0	0	26	0	0	0	0	10	0	8	0	3	0	0	0	0	0	
0	0	0	0	0	0	0	0	39	255	242	255	249	147	204	116	103	112	105	29	0	0	16	0	0	0	0	0	
0	0	0	0	0	0	0	0	164	246	255	228	248	255	255	241	255	255	237	152	15	0	3	0	0	0	0	0	
0	0	0	0	0	0	0	0	179	249	255	249	255	247	241	255	242	255	255	235	49	5	0	6	0	0	0	0	
0	0	0	0	0	0	0	0	98	249	244	247	254	255	248	245	255	242	255	252	164	0	2	0	0	0	0	0	
0	0	0	0	0	0	0	0	10	0	77	31	0	0	8	3	95	215	248	248	208	0	0	1	0	0	0	0	
0	0	0	0	0	0	0	0	0	7	5	0	8	0	6	0	51	228	254	255	207	3	2	2	0	0	0	0	
0	0	0	0	0	0	0	0	3	0	8	7	0	8	8	49	173	255	255	246	119	3	4	0	0	0	0	0	
0	0	0	0	0	0	0	0	3	7	0	2	0	0	59	180	255	251	243	137	27	1	3	0	0	0	0	0	
0	0	0	0	0	0	0	0	2	9	0	0	90	106	248	254	255	246	206	22	3	3	1	0	0	0	0	0	
0	0	0	0	0	0	0	0	0	0	24	18	203	255	244	252	243	253	120	0	9	0	2	1	0	0	0	0	
0	0	0	0	0	0	0	0	10	0	86	195	249	251	255	246	254	251	23	0	0	0	5	0	0	0	0	0	
0	3	2	12	0	5	4	5	0	2	123	231	255	255	244	255	255	245	221	9	4	2	0	0	0	0	0	0	
7	0	0	3	1	0	0	0	0	9	243	255	253	239	255	255	250	254	247	59	0	0	5	5	0	0	0	0	
0	0	7	0	7	6	16	0	8	0	217	255	255	208	50	83	255	255	252	163	31	3	0	7	0	0	0	0	
0	2	6	0	2	0	0	0	0	3	14	104	112	34	0	40	171	255	252	248	71	3	0	0	0	0	0	0	
4	1	0	14	7	0	0	18	11	0	19	12	0	0	0	0	32	253	255	255	62	0	4	0	0	0	0	0	
0	11	0	0	2	28	0	0	0	9	0	0	0	4	17	0	47	252	245	255	68	0	1	3	0	0	0	0	
0	18	0	0	64	123	80	16	7	4	7	3	3	4	0	63	180	251	239	255	79	7	0	6	0	0	0	0	
9	0	0	63	219	255	241	192	82	8	8	0	47	33	188	240	251	251	255	238	54	14	0	2	0	0	0	0	
10	0	19	146	246	255	249	254	255	187	148	186	242	255	253	250	242	255	233	106	6	0	3	0	0	0	0	0	
5	1	2	7	5	0	0	0	4	0	0	0	0	0	0	6	0	0	0	0	0	6	9	5	0	0	0	0	
0	3	6	0	0	0	9	8	0	8	13	7	2	3	0	0	10	0	0	5	10	0	0	0	0	0	0	0	
8	0	0	5	10	4	0	0	0	0	0	0	2	13	7	0	0	1	3	0	0	0	4	7	0	0	0	0	
