0	0	0	0	0	0	0	0	0	0	0	3	2	0	0	0	1	0	0	0	9	0	15	0	0	0	0	0	
0	0	0	0	0	0	0	0	3	1	0	0	2	7	9	9	0	0	3	11	0	0	0	0	0	0	0	0	
0	0	0	0	0	0	0	0	0	3	5	0	0	0	0	0	9	0	2	0	0	14	0	17	0	0	0	0	
0	0	0	0	0	0	0	0	8	1	0	0	3	4	6	8	1	0	7	0	0	0	0	0	0	0	0	0	
0	0	0	0	0	0	0	0	3	0	0	10	10	0	0	0	0	4	0	10	0	4	17	0	0	0	0	0	
0	0	0	0	0	0	0	0	0	0	6	0	0	0	33	86	126	210	249	253	59	0	0	4	0	0	0	0	
0	0	0	0	0	0	0	0	5	6	0	0	20	96	191	255	255	240	255	253	86	0	5	7	0	0	0	0	
0	0	0	0	0	0	0	0	0	0	0	42	145	244	255	244	162	112	248	239	130	0	2	0	0	0	0	0	
0	0	0	0	0	0	0	0	11	0	19	70	243	255	187	42	7	49	239	230	10	3	0	0	0	0	0	0	
0	0	0	0	0	0	0	0	0	5	0	46	173	52	0	26	0	85	255	112	0	6	2	0	0	0	0	0	
0	0	0	0	0	0	0	0	4	1	0	0	1	0	17	0	57	250	219	72	0	0	13	0	0	0	0	0	
0	0	0	0	0	0	0	0	0	0	0	3	0	0	0	18	169	255	173	2	8	0	0	11	0	0	0	0	
0	0	0	0	0	0	0	0	7	9	0	0	0	10	22	183	254	225	77	0	9	0	0	7	0	0	0	0	
0	0	0	0	0	0	0	0	0	0	17	0	0	147	206	246	255	176	0	19	0	4	5	0	0	0	0	0	
0	0	0	0	0	0	0	0	11	15	0	27	107	231	255	255	210	24	3	0	0	8	3	5	0	0	0	0	
0	0	0	0	0	0	0	0	0	0	9	171	255	255	255	240	175	8	0	19	0	0	0	0	0	0	0	0	
3	0	0	2	0	8	0	0	0	17	0	203	255	254	241	252	81	0	0	3	0	8	0	0	0	0	0	0	
3	0	2	4	0	1	5	14	12	0	0	118	223	255	255	250	77	2	1	0	0	6	0	4	0	0	0	0	
5	0	0	3	4	0	0	0	0	17	13	53	16	225	248	240	51	0	3	0	0	6	0	2	0	0	0	0	
0	7	8	0	0	0	18	15	15	0	0	0	2	197	248	191	13	0	2	0	0	8	0	0	0	0	0	0	
0	6	0	0	7	6	0	0	0	1	18	0	57	241	242	63	0	0	2	0	0	6	0	0	0	0	0	0	
0	3	0	1	12	14	0	32	89	18	29	59	225	255	199	0	1	3	2	0	0	0	0	2	0	0	0	0	
0	9	4	8	0	0	20	220	255	255	234	253	255	240	102	9	2	7	0	0	1	0	0	4	0	0	0	0	
8	0	0	16	0	1	0	236	249	245	255	249	255	119	0	0	0	1	0	3	8	0	0	0	0	0	0	0	
0	0	0	0	0	0	0	0	125	217	255	207	82	0	0	7	0	0	0	0	0	0	0	0	0	0	0	0	
0	0	0	0	0	0	0	0	0	3	4	0	1	11	8	0	0	0	0	0	0	0	0	0	0	0	0	0	
0	0	0	0	0	0	0	0	3	2	0	0	0	0	1	1	0	0	0	0	0	0	0	0	0	0	0	0	
0	0	0	0	0	0	0	0	0	0	1	7	6	0	0	0	0	0	0	0	0	0	0	0	0	0	0	0	
