0	0	0	0	0	0	0	0	7	0	0	4	0	0	4	0	2	7	0	9	0	0	0	6	0	0	0	0	
0	0	0	0	0	0	0	0	0	4	2	0	4	8	2	0	0	0	0	1	3	18	9	0	0	0	0	0	
0	0	0	0	0	0	0	0	0	10	0	0	3	0	0	2	4	0	3	3	0	0	1	17	0	0	0	0	
0	0	0	0	0	0	0	0	4	0	0	5	8	0	0	7	0	0	10	0	2	16	7	0	0	0	0	0	
0	0	0	0	0	0	0	0	6	0	2	4	0	5	11	0	11	0	4	0	0	0	0	12	0	0	0	0	
0	0	0	0	0	0	0	0	1	3	0	0	22	96	124	91	206	236	255	254	197	109	0	4	0	0	0	0	
0	0	0	0	0	0	0	0	0	5	0	21	136	236	255	253	244	255	246	252	255	231	40	0	0	0	0	0	
0	0	0	0	0	0	0	0	0	16	0	65	221	255	242	254	198	130	80	197	255	186	0	12	0	0	0	0	
0	0	0	0	0	0	0	0	3	7	149	242	252	255	246	136	1	0	11	165	255	229	0	3	0	0	0	0	
0	0	0	0	0	0	0	0	0	111	255	255	255	229	67	7	0	0	2	190	249	148	14	0	0	0	0	0	
0	0	0	0	0	0	0	0	17	120	239	251	150	12	7	0	0	0	97	242	245	103	0	0	0	0	0	0	
0	0	0	0	0	0	0	0	0	0	31	11	7	0	2	14	13	71	255	243	202	0	0	1	0	0	0	0	
0	0	0	0	0	0	0	0	1	1	0	6	0	10	0	9	146	255	249	243	85	6	4	15	0	0	0	0	
0	0	0	0	0	0	0	0	1	4	0	7	38	27	153	197	240	255	226	116	19	0	8	0	0	0	0	0	
0	0	0	0	0	0	0	0	0	0	19	58	226	255	243	255	246	245	255	159	0	0	0	18	0	0	0	0	
0	0	0	0	0	0	0	0	6	0	20	255	246	255	242	253	255	246	255	233	38	2	4	0	0	0	0	0	
14	0	17	0	0	5	1	0	0	8	23	255	252	229	155	50	56	251	255	188	9	10	0	0	0	0	0	0	
0	10	0	0	8	0	7	10	0	12	0	25	31	13	0	7	61	255	227	146	0	0	7	2	0	0	0	0	
14	0	8	6	149	133	88	0	2	0	17	7	0	3	0	0	180	255	255	68	4	0	0	0	0	0	0	0	
0	9	0	138	247	252	161	12	0	10	3	0	0	16	0	92	255	239	184	1	4	0	0	2	0	0	0	0	
14	0	14	116	247	255	75	0	6	0	0	13	7	0	38	227	255	229	28	8	0	0	7	2	0	0	0	0	
7	5	0	9	250	249	139	7	0	0	7	0	15	106	241	255	239	161	0	9	1	3	0	0	0	0	0	0	
0	6	13	7	131	255	243	191	95	80	89	143	241	255	240	233	109	28	1	0	6	2	0	3	0	0	0	0	
17	0	0	3	10	117	255	249	255	247	255	255	221	255	176	53	2	0	0	9	0	0	8	0	0	0	0	0	
0	0	5	13	0	0	71	164	251	255	249	225	146	84	17	0	0	0	0	0	0	0	0	0	0	0	0	0	
10	0	0	3	3	0	0	6	0	3	1	12	0	6	0	7	0	0	0	0	0	0	0	0	0	0	0	0	
0	0	0	2	9	12	3	0	9	6	0	0	0	0	0	0	0	0	0	0	0	0	0	0	0	0	0	0	
0	7	6	0	0	0	8	9	0	0	0	3	5	9	4	1	0	0	0	0	0	0	0	0	0	0	0	0	
