0	0	0	0	0	0	0	0	0	11	0	0	16	0	6	0	1	8	0	0	10	1	0	1	0	0	0	0	
0	0	0	0	0	0	0	0	20	0	6	0	0	21	0	2	6	0	0	14	0	0	10	4	0	0	0	0	
0	0	0	0	0	0	0	0	0	0	0	24	0	0	7	0	4	0	6	9	0	1	10	0	0	0	0	0	
0	0	0	0	0	0	0	0	1	0	8	0	7	13	0	0	0	8	8	0	3	14	0	0	0	0	0	0	
0	0	0	0	0	0	0	0	9	1	0	8	9	1	0	5	19	2	1	0	0	1	0	12	0	0	0	0	
0	0	0	0	0	0	0	0	0	19	14	204	240	170	156	244	164	6	0	16	0	0	3	0	0	0	0	0	
0	0	0	0	0	0	0	0	2	0	205	249	50	0	13	103	255	40	0	19	0	6	8	0	0	0	0	0	
0	0	0	0	0	0	0	0	6	141	229	29	7	2	0	47	255	72	12	4	0	0	0	6	0	0	0	0	
0	0	0	1	3	2	0	0	94	249	67	0	7	0	6	54	248	69	2	0	13	0	3	0	0	0	0	0	
13	4	0	2	0	0	3	21	205	143	10	1	0	23	0	152	237	2	0	0	0	1	6	2	0	0	0	0	
0	0	0	2	0	0	19	53	217	26	15	0	12	0	33	221	185	0	2	3	0	1	1	0	0	0	0	0	
2	0	3	7	0	0	1	21	0	9	0	2	9	27	229	226	48	7	0	0	7	0	4	0	0	0	0	0	
0	3	7	2	0	0	0	0	0	0	2	0	72	223	244	42	0	0	0	4	12	0	3	2	0	0	0	0	
0	0	0	0	0	9	9	0	0	10	0	139	221	244	235	46	32	0	4	9	0	2	0	2	0	0	0	0	
6	6	3	0	0	0	0	0	0	0	0	234	255	255	233	250	122	41	8	0	0	3	2	6	0	0	0	0	
0	0	0	3	3	0	0	4	0	1	10	56	56	5	36	128	255	216	71	5	6	0	0	0	0	0	0	0	
0	0	0	0	0	0	0	0	5	6	0	0	6	6	0	0	47	202	224	27	0	14	0	10	0	0	0	0	
0	0	0	0	0	0	0	0	0	0	0	1	0	0	0	11	1	62	235	140	0	9	0	0	0	0	0	0	
0	0	0	0	0	0	0	0	7	0	0	3	0	0	2	1	0	0	117	231	33	0	0	2	0	0	0	0	
0	0	0	0	0	0	0	0	0	0	4	2	0	7	7	0	14	0	117	255	0	7	0	12	0	0	0	0	
0	0	0	0	0	0	0	0	0	0	4	4	0	0	1	0	0	0	114	255	5	0	22	0	0	0	0	0	
0	0	0	0	0	0	0	0	15	4	0	0	10	0	0	7	5	36	214	164	14	17	0	10	0	0	0	0	
0	0	0	0	0	0	0	0	0	9	5	0	7	0	0	19	98	221	233	65	0	0	0	6	0	0	0	0	
0	0	0	0	0	0	0	0	9	136	176	129	115	124	144	188	252	191	38	2	7	2	2	0	0	0	0	0	
0	0	0	0	0	0	0	0	0	53	145	226	255	252	214	182	71	29	0	0	3	0	0	1	0	0	0	0	
0	0	0	0	0	0	0	0	0	0	0	0	0	2	4	5	17	0	0	0	6	1	0	2	0	0	0	0	
0	0	0	0	0	0	0	0	5	4	3	2	0	0	0	0	0	0	0	3	6	1	0	0	0	0	0	0	
0	0	0	0	0	0	0	0	0	0	0	4	6	6	3	1	3	6	6	1	0	0	0	0	0	0	0	0	
