0	0	0	0	0	0	0	0	0	5	1	0	10	0	0	6	0	2	1	2	3	0	0	0	0	0	0	0	
0	0	0	0	0	0	0	0	1	0	0	0	0	8	4	0	5	0	3	0	0	5	22	0	0	0	0	0	
0	0	0	0	0	0	0	0	8	1	10	10	0	0	9	1	0	0	10	10	0	0	1	0	0	0	0	0	
0	0	0	0	0	0	0	0	0	0	0	5	1	0	0	0	4	0	0	16	0	3	0	9	0	0	0	0	
0	0	0	0	0	0	0	0	34	60	28	42	115	147	149	144	138	97	10	0	3	10	0	13	0	0	0	0	
0	0	0	0	0	0	0	0	62	231	255	255	253	236	241	255	255	230	141	0	8	0	2	0	0	0	0	0	
0	0	0	0	0	0	0	0	140	255	255	243	255	255	255	248	241	255	235	89	8	0	17	3	0	0	0	0	
0	0	0	0	0	0	0	0	178	245	248	254	236	188	165	122	214	255	248	165	0	0	4	0	0	0	0	0	
0	0	0	0	0	0	0	0	50	104	78	80	35	0	2	13	145	244	255	142	2	3	0	0	0	0	0	0	
0	0	0	0	0	0	0	0	0	0	8	29	0	0	52	202	254	255	221	43	0	0	5	9	0	0	0	0	
0	0	0	0	0	0	0	0	11	0	0	0	45	182	225	255	255	245	153	0	20	7	0	0	0	0	0	0	
0	0	0	0	0	0	0	0	9	0	33	156	232	241	255	254	158	48	12	4	0	0	20	1	0	0	0	0	
0	0	0	0	0	0	0	0	0	82	213	245	255	242	255	234	208	140	48	22	3	3	0	0	0	0	0	0	
0	0	0	0	0	0	0	0	8	79	254	253	255	249	245	255	242	254	240	158	61	0	10	8	0	0	0	0	
0	0	0	0	0	0	0	0	0	38	179	205	219	211	180	230	255	255	255	255	255	134	47	0	0	0	0	0	
0	0	0	0	0	0	0	0	3	2	0	4	3	5	0	28	73	129	207	244	255	253	193	14	0	0	0	0	
5	0	2	0	37	0	10	0	0	3	1	0	3	0	0	0	0	3	11	69	249	247	255	119	0	0	0	0	
0	2	0	22	93	16	0	0	3	0	0	1	1	2	3	2	0	16	0	2	22	143	246	255	0	0	0	0	
0	10	2	0	159	212	65	16	8	0	0	0	0	3	9	0	0	12	0	0	44	136	255	239	0	0	0	0	
11	0	0	27	136	233	254	130	28	4	6	9	0	3	7	0	19	27	104	111	255	255	234	255	0	0	0	0	
0	0	16	0	59	174	251	255	243	222	225	224	206	210	209	178	224	245	255	255	241	248	213	69	0	0	0	0	
0	17	0	0	0	59	219	242	254	249	255	255	249	255	255	237	255	251	245	250	255	207	41	4	0	0	0	0	
0	2	0	0	12	0	38	172	230	242	250	248	248	255	255	255	249	240	149	85	76	17	0	0	0	0	0	0	
0	0	3	0	0	2	0	0	21	40	42	30	28	30	31	35	37	37	0	0	0	5	3	1	0	0	0	0	
0	0	0	0	0	0	0	0	0	0	0	0	0	0	0	0	0	0	0	0	0	0	0	0	0	0	0	0	
0	0	0	0	0	0	0	0	0	0	0	0	0	0	0	0	0	0	0	0	0	0	0	0	0	0	0	0	
0	0	0	0	0	0	0	0	0	0	0	0	0	0	0	0	0	0	0	0	0	0	0	0	0	0	0	0	
0	0	0	0	0	0	0	0	0	0	0	0	0	0	0	0	0	0	0	0	0	0	0	0	0	0	0	0	
