0	0	0	0	0	0	0	0	2	0	0	0	0	0	0	0	0	0	7	2	11	0	5	4	0	0	0	0	
0	0	0	0	0	0	0	0	0	1	3	6	7	3	0	0	8	1	0	0	7	0	8	0	0	0	0	0	
0	0	0	0	0	0	0	0	0	0	0	0	0	1	3	3	0	0	4	0	5	6	8	0	0	0	0	0	
0	0	0	0	0	0	0	0	7	8	5	0	0	0	0	0	15	8	8	0	0	0	0	0	0	0	0	0	
0	0	0	0	0	0	0	0	0	0	4	3	2	2	0	0	0	0	0	3	6	13	0	0	0	0	0	0	
0	0	0	0	0	0	0	0	8	8	2	0	0	7	9	4	6	1	12	3	0	4	0	16	0	0	0	0	
0	0	0	0	0	0	0	0	2	0	0	0	19	48	55	46	117	150	199	198	164	142	38	0	0	0	0	0	
0	0	0	0	0	0	0	0	0	11	45	105	185	248	255	252	254	253	255	252	251	255	112	9	0	0	0	0	
0	0	0	0	0	0	0	0	26	178	255	255	235	253	250	250	238	255	221	250	251	254	183	2	0	0	0	0	
0	0	0	0	0	0	0	0	101	255	255	222	213	184	132	81	78	0	134	242	255	249	105	6	0	0	0	0	
0	0	0	0	0	0	0	0	74	226	254	91	0	0	0	11	61	214	248	255	235	99	13	0	0	0	0	0	
0	0	0	0	0	0	0	0	0	34	19	3	24	84	221	222	254	255	255	168	33	13	0	6	0	0	0	0	
0	0	0	0	0	0	0	0	16	22	118	175	226	243	253	255	251	251	92	10	3	0	0	10	0	0	0	0	
0	0	0	0	0	0	0	0	149	255	250	245	255	247	255	244	253	255	192	24	0	9	0	0	0	0	0	0	
0	0	0	0	0	0	0	0	154	255	245	139	103	103	74	90	206	242	254	116	0	6	0	9	0	0	0	0	
0	0	0	0	0	0	0	0	0	30	1	10	4	1	0	0	16	234	255	219	1	6	1	0	0	0	0	0	
5	8	0	2	0	0	3	0	0	9	0	0	5	8	0	0	64	243	247	228	10	12	0	12	0	0	0	0	
0	6	0	10	0	1	12	0	10	0	0	6	10	0	6	74	218	255	255	107	0	0	0	7	0	0	0	0	
10	1	0	0	21	1	0	6	0	6	6	0	0	28	119	217	255	232	142	38	10	7	18	0	0	0	0	0	
0	6	11	1	31	119	21	0	6	0	0	13	122	243	255	255	247	160	5	0	0	0	0	0	0	0	0	0	
0	0	9	38	254	123	0	6	30	111	204	252	255	255	229	195	61	0	0	0	12	11	0	18	0	0	0	0	
12	9	0	208	249	243	241	236	255	252	255	251	220	164	80	2	14	3	6	0	0	0	0	3	0	0	0	0	
0	0	0	245	255	248	253	245	223	189	139	67	1	0	6	7	0	10	0	18	9	10	14	0	0	0	0	0	
0	11	0	69	161	218	155	91	29	0	0	8	8	1	0	0	11	0	9	0	0	0	0	6	0	0	0	0	
0	0	0	0	0	0	0	0	0	0	0	0	0	0	0	0	0	0	0	0	0	0	0	0	0	0	0	0	
0	0	0	0	0	0	0	0	0	0	0	0	0	0	0	0	0	0	0	0	0	0	0	0	0	0	0	0	
0	0	0	0	0	0	0	0	0	0	0	0	0	0	0	0	0	0	0	0	0	0	0	0	0	0	0	0	
0	0	0	0	0	0	0	0	0	0	0	0	0	0	0	0	0	0	0	0	0	0	0	0	0	0	0	0	
