0	0	0	0	0	0	0	0	0	8	0	3	9	0	0	5	0	0	7	0	6	6	0	0	0	0	0	0	
0	0	0	0	0	0	0	0	13	0	0	8	0	0	4	0	0	0	5	0	0	7	2	7	0	0	0	0	
0	0	0	0	0	0	0	0	0	1	0	0	12	11	0	4	13	0	0	6	5	8	0	0	0	0	0	0	
0	0	0	0	0	0	0	0	4	0	8	4	0	0	0	0	0	0	7	8	0	4	6	7	0	0	0	0	
0	0	0	0	0	0	0	0	0	24	2	0	15	0	6	148	251	255	237	132	0	0	2	0	0	0	0	0	
0	0	0	0	0	0	0	0	5	0	0	4	5	1	81	255	255	252	249	179	18	0	0	9	0	0	0	0	
0	0	0	0	0	0	0	0	5	1	1	0	3	0	23	166	167	192	252	236	59	1	0	0	0	0	0	0	
0	0	0	0	0	0	0	0	2	0	15	3	0	13	0	0	0	128	255	237	37	8	10	0	0	0	0	0	
0	0	0	0	0	0	0	0	4	0	3	14	3	0	21	0	41	217	255	163	0	0	0	5	0	0	0	0	
0	0	0	0	0	0	0	0	1	1	2	0	0	0	0	12	146	255	209	92	0	0	5	0	0	0	0	0	
0	0	0	0	0	0	0	0	0	3	0	0	0	2	3	113	245	246	104	12	0	0	10	0	0	0	0	0	
0	0	0	0	0	0	0	0	0	0	0	6	10	0	69	236	255	152	20	0	11	0	2	9	0	0	0	0	
0	0	0	0	0	0	0	0	6	1	0	1	9	0	139	255	212	48	0	0	13	0	0	4	0	0	0	0	
0	0	0	0	0	0	0	0	2	5	0	0	8	0	179	250	148	0	0	1	0	2	0	0	0	0	0	0	
0	0	0	0	0	0	0	0	0	3	2	0	6	6	163	245	160	26	0	0	0	4	5	0	0	0	0	0	
0	0	0	0	0	0	0	0	0	0	4	0	0	0	117	255	226	88	0	3	8	0	1	4	0	0	0	0	
0	4	1	0	0	2	0	3	10	0	0	0	0	12	5	196	246	173	7	0	12	0	0	9	0	0	0	0	
6	1	0	6	9	0	0	0	0	0	15	0	17	0	49	215	255	127	4	0	5	5	0	0	0	0	0	0	
0	0	0	0	0	6	8	6	10	5	0	0	0	38	178	255	220	53	4	0	0	11	0	0	0	0	0	0	
4	1	2	0	0	0	0	0	0	9	0	24	111	206	255	238	107	0	6	0	0	2	0	0	0	0	0	0	
12	0	0	7	0	0	5	10	2	0	134	198	247	250	236	101	13	0	2	0	4	0	3	0	0	0	0	0	
0	0	5	0	0	79	152	161	165	166	246	255	255	178	58	0	0	8	0	0	9	0	6	0	0	0	0	0	
0	10	17	0	7	131	246	255	255	251	255	218	53	8	0	13	0	11	0	3	1	1	4	0	0	0	0	0	
8	0	0	2	0	44	140	197	240	176	94	19	0	11	0	0	2	0	0	16	0	0	0	1	0	0	0	0	
0	0	0	0	0	0	0	0	0	0	0	0	0	0	0	0	0	0	0	0	0	0	0	0	0	0	0	0	
0	0	0	0	0	0	0	0	0	0	0	0	0	0	0	0	0	0	0	0	0	0	0	0	0	0	0	0	
0	0	0	0	0	0	0	0	0	0	0	0	0	0	0	0	0	0	0	0	0	0	0	0	0	0	0	0	
0	0	0	0	0	0	0	0	0	0	0	0	0	0	0	0	0	0	0	0	0	0	0	0	0	0	0	0	
