0	0	0	0	0	0	0	0	0	2	7	0	8	0	3	0	3	0	8	8	0	0	2	0	0	0	0	0	
0	0	0	0	0	0	0	0	10	0	0	16	0	0	1	6	1	0	0	0	14	0	0	5	0	0	0	0	
0	0	0	0	0	0	0	0	0	13	17	0	0	1	4	0	0	19	16	1	0	0	12	0	0	0	0	0	
0	0	0	0	0	0	0	0	2	2	0	0	152	151	188	255	237	129	34	0	17	8	4	0	0	0	0	0	
0	0	0	0	0	0	0	0	0	0	0	34	239	255	248	255	255	255	237	50	0	8	2	6	0	0	0	0	
0	0	0	0	0	0	0	0	2	16	2	0	79	173	185	137	114	92	246	195	11	0	0	3	0	0	0	0	
0	0	0	0	0	0	0	0	2	0	0	8	0	6	13	5	0	7	211	205	0	4	22	0	0	0	0	0	
0	0	0	0	0	0	0	0	0	0	7	0	10	0	0	0	21	133	248	182	3	8	0	1	0	0	0	0	
0	7	0	1	11	0	0	7	0	0	5	11	0	7	77	119	229	239	209	34	0	6	0	9	0	0	0	0	
7	3	0	1	0	0	0	0	5	18	7	0	9	154	255	255	250	176	18	0	0	0	27	0	0	0	0	0	
0	0	8	9	0	9	10	0	0	0	1	6	3	61	173	251	242	228	124	1	8	0	0	0	0	0	0	0	
2	0	4	0	0	0	0	0	2	0	2	13	0	0	18	51	241	247	255	5	0	11	13	0	0	0	0	0	
5	4	0	0	6	1	0	18	3	1	1	0	1	8	1	0	59	199	209	0	3	0	0	0	0	0	0	0	
0	7	0	3	12	0	0	0	0	0	0	4	0	0	1	20	0	159	255	140	4	0	18	4	0	0	0	0	
0	9	0	7	0	0	35	0	0	13	6	0	0	9	4	0	5	120	255	185	0	4	0	0	0	0	0	0	
6	6	0	10	0	62	183	125	0	1	0	1	5	0	0	3	4	16	216	243	34	1	9	0	0	0	0	0	
4	3	1	12	0	103	255	239	83	0	4	0	1	4	0	5	0	8	155	255	136	0	8	0	0	0	0	0	
0	0	0	3	0	25	172	255	254	32	6	20	0	0	0	3	20	0	117	249	149	0	15	2	0	0	0	0	
3	4	0	9	5	0	94	255	246	255	119	21	9	7	0	0	0	14	115	248	141	28	0	3	0	0	0	0	
0	2	1	0	8	0	25	149	255	247	248	175	28	0	0	4	7	19	193	254	96	0	16	1	0	0	0	0	
1	0	3	0	0	1	0	27	115	255	251	254	231	203	173	90	176	244	255	215	6	0	0	0	0	0	0	0	
10	0	9	6	4	7	0	0	9	106	197	238	249	255	243	255	243	255	159	0	7	13	0	4	0	0	0	0	
0	0	0	0	0	3	0	4	4	0	0	77	143	181	251	252	215	94	8	0	0	5	0	8	0	0	0	0	
0	10	3	0	0	4	2	0	4	0	10	0	5	0	0	0	9	0	16	0	1	0	6	0	0	0	0	0	
0	0	0	0	0	0	0	0	0	0	0	0	0	0	0	0	0	0	0	0	0	0	0	0	0	0	0	0	
0	0	0	0	0	0	0	0	0	0	0	0	0	0	0	0	0	0	0	0	0	0	0	0	0	0	0	0	
0	0	0	0	0	0	0	0	0	0	0	0	0	0	0	0	0	0	0	0	0	0	0	0	0	0	0	0	
0	0	0	0	0	0	0	0	0	0	0	0	0	0	0	0	0	0	0	0	0	0	0	0	0	0	0	0	
