0	0	0	0	0	0	0	0	8	0	0	1	0	0	11	2	0	0	0	16	0	0	3	0	0	0	0	0	
0	0	0	0	0	0	0	0	0	16	0	21	0	12	0	0	2	7	0	2	0	2	2	0	0	0	0	0	
0	0	0	0	0	0	0	0	0	0	0	0	0	0	4	13	0	0	4	0	0	5	0	0	0	0	0	0	
0	0	0	0	0	0	0	0	8	0	2	0	11	0	0	0	21	0	0	2	1	0	0	0	0	0	0	0	
0	0	0	0	0	0	0	0	2	8	0	21	0	99	145	214	143	38	0	7	0	0	2	0	0	0	0	0	
0	0	0	0	0	0	0	0	4	0	0	2	105	252	254	253	255	149	16	4	0	5	5	0	0	0	0	0	
0	0	0	0	0	0	0	0	0	10	28	9	205	255	251	255	255	238	52	0	0	10	0	0	0	0	0	0	
0	0	0	0	0	0	0	0	0	10	0	12	255	237	68	41	177	255	80	0	0	11	0	8	0	0	0	0	
0	0	0	0	0	0	0	0	10	0	5	5	22	27	0	1	183	253	118	1	1	5	0	5	0	0	0	0	
0	0	0	0	0	0	0	0	0	12	0	0	0	0	19	198	238	255	46	0	1	0	12	0	0	0	0	0	
0	0	0	0	0	0	0	0	13	0	0	0	1	60	240	245	255	107	1	9	0	1	6	0	0	0	0	0	
0	0	0	0	0	0	0	0	0	8	12	0	39	238	255	249	230	2	5	15	0	2	0	11	0	0	0	0	
0	0	0	0	0	0	0	0	9	11	0	0	183	237	249	255	245	150	9	0	5	0	0	5	0	0	0	0	
0	0	0	0	0	0	0	0	0	0	16	10	94	255	244	241	255	255	24	0	0	8	7	0	0	0	0	0	
0	0	0	0	0	0	0	0	1	0	0	0	7	0	20	70	212	241	95	16	0	15	0	0	0	0	0	0	
0	0	0	0	0	0	0	0	0	1	3	7	0	0	3	0	105	255	177	0	7	0	0	5	0	0	0	0	
0	0	0	0	0	0	0	0	0	0	8	5	0	7	3	7	28	255	171	13	0	0	9	0	0	0	0	0	
0	0	0	0	0	0	0	0	5	0	0	0	34	0	0	0	36	227	186	0	0	4	0	7	0	0	0	0	
0	0	0	0	0	0	0	0	1	5	17	6	0	5	0	0	148	255	174	0	3	10	0	5	0	0	0	0	
0	0	0	0	0	0	0	0	0	69	144	20	18	0	0	88	245	252	71	1	0	9	0	2	0	0	0	0	
0	0	0	0	0	0	0	0	22	140	255	159	62	27	145	248	255	166	2	7	0	3	3	0	0	0	0	0	
0	0	0	0	0	0	0	0	0	195	255	255	255	255	255	239	188	49	8	4	8	0	0	0	0	0	0	0	
0	0	0	0	0	0	0	0	0	112	232	233	255	250	255	177	43	0	0	0	6	0	0	6	0	0	0	0	
0	0	0	0	0	0	0	0	3	0	103	195	241	230	66	10	0	17	1	0	2	0	4	3	0	0	0	0	
0	0	0	0	0	0	0	0	0	0	0	0	0	0	0	0	0	0	0	0	0	0	0	0	0	0	0	0	
0	0	0	0	0	0	0	0	0	0	0	0	0	0	0	0	0	0	0	0	0	0	0	0	0	0	0	0	
0	0	0	0	0	0	0	0	0	0	0	0	0	0	0	0	0	0	0	0	0	0	0	0	0	0	0	0	
0	0	0	0	0	0	0	0	0	0	0	0	0	0	0	0	0	0	0	0	0	0	0	0	0	0	0	0	
