0	0	0	0	0	0	0	0	1	0	3	0	0	8	0	7	2	0	0	0	8	2	0	9	0	0	0	0	
0	0	0	0	0	0	0	0	7	5	0	0	0	4	36	0	8	0	0	0	0	7	4	0	0	0	0	0	
0	0	0	0	0	0	0	0	3	0	1	8	22	0	0	0	0	0	3	9	0	0	10	0	0	0	0	0	
0	0	0	0	0	0	0	0	0	8	0	9	0	0	20	1	0	1	0	10	3	0	1	3	0	0	0	0	
0	0	0	0	0	0	0	0	5	8	0	0	7	28	0	10	7	11	0	0	8	2	0	2	0	0	0	0	
0	0	0	0	0	0	0	0	0	1	33	184	211	172	66	60	0	0	5	0	1	9	0	0	0	0	0	0	
0	0	0	0	0	0	0	0	0	15	0	156	110	112	255	187	57	0	11	7	0	6	0	3	0	0	0	0	
0	0	0	0	0	0	0	0	0	1	0	2	0	0	55	255	221	17	0	2	0	9	0	7	0	0	0	0	
0	0	0	0	0	0	0	0	0	22	0	0	0	15	30	180	219	0	5	3	1	0	25	0	0	0	0	0	
0	0	0	0	0	0	0	0	2	0	2	11	9	0	35	181	88	7	15	0	0	12	0	7	0	0	0	0	
0	0	0	0	0	0	0	0	10	0	0	1	0	6	99	184	87	0	0	0	0	0	11	1	0	0	0	0	
0	0	0	0	0	0	0	0	0	0	11	97	106	117	80	0	0	12	0	0	15	0	9	0	0	0	0	0	
0	0	0	0	0	0	0	0	0	7	82	228	255	255	195	63	1	0	4	8	12	0	0	4	0	0	0	0	
0	0	0	0	0	0	0	0	2	91	238	255	248	225	255	227	121	58	118	2	0	0	19	0	0	0	0	0	
0	0	0	0	0	0	0	0	0	108	245	185	97	40	70	62	52	226	255	33	0	2	2	0	0	0	0	0	
0	0	0	0	0	0	0	0	10	0	8	1	0	7	0	0	0	231	191	153	0	6	0	11	0	0	0	0	
0	0	0	0	0	0	0	0	5	0	0	1	14	0	1	2	0	245	217	107	4	0	2	0	0	0	0	0	
0	0	0	0	0	0	0	0	0	2	9	0	0	22	0	5	117	241	250	55	19	0	8	9	0	0	0	0	
0	0	0	0	0	0	0	0	0	0	3	3	30	0	21	95	251	244	119	8	0	0	8	0	0	0	0	0	
0	0	0	0	0	0	0	0	0	7	0	1	0	3	58	253	255	173	0	4	0	4	5	0	0	0	0	0	
0	0	0	0	0	0	0	0	19	0	0	2	0	26	251	228	117	27	0	0	11	8	0	9	0	0	0	0	
0	0	0	0	0	0	0	0	0	0	6	0	73	201	210	46	0	0	6	0	4	0	2	0	0	0	0	0	
0	0	0	0	0	0	0	0	0	14	2	22	241	93	0	0	0	19	0	10	0	0	18	0	0	0	0	0	
0	0	0	0	0	0	0	0	57	46	178	96	77	4	4	0	7	0	7	1	0	8	0	9	0	0	0	0	
0	0	0	0	0	0	0	0	174	154	99	31	0	0	3	0	0	0	0	0	0	0	0	0	0	0	0	0	
0	0	0	0	0	0	0	0	5	11	6	0	0	3	7	0	0	0	0	0	0	0	0	0	0	0	0	0	
0	0	0	0	0	0	0	0	0	0	0	0	0	1	0	0	0	0	0	0	0	0	0	0	0	0	0	0	
0	0	0	0	0	0	0	0	13	7	4	2	0	0	0	0	0	0	0	0	0	0	0	0	0	0	0	0	
