0	0	0	0	0	0	0	0	4	0	5	3	0	5	0	0	3	4	3	0	0	0	1	2	0	0	0	0	
0	0	0	0	0	0	0	0	0	14	9	0	0	2	9	7	0	0	0	0	0	0	2	3	0	0	0	0	
0	0	0	0	0	0	0	0	0	2	0	0	13	0	0	0	4	3	3	2	1	0	0	0	0	0	0	0	
0	0	0	0	0	0	0	0	9	0	1	11	0	0	11	10	3	0	0	2	2	0	0	0	0	0	0	0	
0	0	0	0	0	0	0	0	0	0	22	83	159	250	208	55	0	0	0	0	1	0	0	2	0	0	0	0	
0	0	0	0	0	0	0	0	0	97	232	255	235	255	255	148	13	3	0	2	3	0	0	0	0	0	0	0	
0	0	0	0	0	0	0	0	33	187	244	213	102	96	239	253	27	13	4	6	5	0	0	0	0	0	0	0	
0	0	0	0	0	0	0	0	140	224	85	11	0	64	246	221	15	0	0	0	1	0	0	4	0	0	0	0	
7	0	0	4	0	0	15	49	252	177	0	19	113	250	254	122	1	8	0	1	3	0	0	3	0	0	0	0	
1	0	0	6	4	0	2	17	49	15	68	191	255	255	164	10	0	0	0	1	10	2	0	6	0	0	0	0	
0	0	0	3	5	0	0	0	4	46	243	255	243	255	251	231	159	20	6	0	0	0	32	0	0	0	0	0	
1	0	0	0	0	4	2	0	6	57	218	153	119	178	222	255	255	209	106	13	0	0	0	6	0	0	0	0	
0	2	1	0	0	2	4	1	0	0	13	0	0	22	25	60	142	255	235	165	0	9	0	12	0	0	0	0	
0	1	4	2	0	0	0	0	0	9	2	12	10	2	0	3	19	93	214	255	99	0	24	0	0	0	0	0	
0	0	1	4	1	0	0	0	0	11	0	0	0	4	9	4	0	0	84	244	238	0	0	0	0	0	0	0	
7	0	0	0	2	0	1	7	4	0	0	11	0	0	10	0	14	0	27	255	230	6	0	7	0	0	0	0	
0	1	0	3	0	0	3	0	0	11	0	0	0	12	0	0	10	0	22	255	229	45	2	0	0	0	0	0	
6	0	0	0	1	0	16	73	137	0	2	9	1	11	0	7	0	0	47	249	243	21	0	0	0	0	0	0	
5	0	0	1	9	0	54	213	174	0	0	9	0	0	13	0	5	7	134	255	220	4	0	7	0	0	0	0	
0	0	6	0	10	0	66	255	197	16	9	0	2	26	0	0	0	81	249	255	115	0	0	6	0	0	0	0	
1	3	6	0	6	0	24	192	255	164	3	0	0	0	0	20	25	244	255	203	0	3	15	0	0	0	0	0	
2	2	0	0	10	2	0	61	240	255	181	97	36	16	11	84	220	240	240	6	2	11	0	4	0	0	0	0	
0	1	0	0	8	6	0	1	54	183	249	255	249	236	255	251	248	207	20	8	1	0	0	5	0	0	0	0	
0	5	5	3	0	0	7	0	2	0	86	166	230	255	252	190	133	18	1	0	0	0	2	0	0	0	0	0	
0	0	0	0	0	0	0	0	0	0	0	0	0	0	0	0	0	0	0	0	0	0	0	0	0	0	0	0	
0	0	0	0	0	0	0	0	0	0	0	0	0	0	0	0	0	0	0	0	0	0	0	0	0	0	0	0	
0	0	0	0	0	0	0	0	0	0	0	0	0	0	0	0	0	0	0	0	0	0	0	0	0	0	0	0	
0	0	0	0	0	0	0	0	0	0	0	0	0	0	0	0	0	0	0	0	0	0	0	0	0	0	0	0	
