0	0	0	0	0	0	0	0	0	0	7	7	0	0	0	5	14	0	0	10	0	0	1	3	0	0	0	0	
0	0	0	0	0	0	0	0	4	5	0	0	14	11	0	13	0	16	8	0	0	11	0	0	0	0	0	0	
0	0	0	0	0	0	0	0	0	2	7	0	0	2	6	0	15	0	0	5	7	6	2	0	0	0	0	0	
0	0	0	0	0	0	0	0	0	11	0	0	13	0	104	255	241	83	0	9	0	0	2	8	0	0	0	0	
0	0	0	0	0	0	0	0	2	0	1	0	4	10	89	111	247	115	0	0	12	8	0	0	0	0	0	0	
0	0	0	0	0	0	0	0	0	5	0	0	17	0	16	65	255	125	11	0	0	0	7	1	0	0	0	0	
0	0	0	0	0	0	0	0	0	0	4	0	0	12	112	91	228	58	0	20	0	0	12	0	0	0	0	0	
0	0	0	0	0	0	0	0	10	0	0	4	5	0	130	175	255	111	2	0	3	0	0	4	0	0	0	0	
0	0	0	8	3	0	1	0	0	0	14	0	71	111	182	251	151	12	0	9	0	1	0	5	0	0	0	0	
0	9	9	0	0	3	3	0	9	0	0	128	210	255	234	30	18	0	0	3	0	7	0	5	0	0	0	0	
0	1	5	0	0	13	0	0	0	2	114	255	255	249	146	0	0	0	18	0	4	0	23	0	0	0	0	0	
2	0	1	0	8	3	0	70	227	240	245	255	243	53	2	3	4	2	4	5	0	7	0	15	0	0	0	0	
3	0	12	7	0	0	14	141	238	255	242	180	243	70	0	61	211	26	47	18	13	0	8	0	0	0	0	0	
4	0	8	0	0	0	6	73	77	63	83	9	49	22	0	130	187	226	255	142	25	16	0	0	0	0	0	0	
4	0	0	0	4	4	0	0	0	1	0	4	6	0	18	82	91	95	208	247	193	5	0	0	0	0	0	0	
2	1	0	3	0	0	8	4	8	0	4	1	0	4	0	0	0	0	8	146	221	47	0	3	0	0	0	0	
0	0	11	0	0	6	1	2	0	7	11	0	0	0	0	22	1	1	1	1	119	93	0	1	0	0	0	0	
0	0	8	13	0	0	0	1	9	0	0	11	3	4	9	0	5	5	96	110	101	70	0	0	0	0	0	0	
11	0	3	0	0	16	16	0	6	0	24	0	0	8	0	19	44	222	63	238	150	0	14	8	0	0	0	0	
0	2	9	0	0	4	0	1	0	6	0	0	7	2	42	72	233	255	176	54	0	13	0	0	0	0	0	0	
0	0	0	9	16	0	15	153	182	115	107	56	75	189	211	204	238	245	114	5	7	0	9	2	0	0	0	0	
3	4	0	0	9	0	44	194	243	253	238	252	255	254	239	207	131	250	53	0	0	3	3	0	0	0	0	0	
0	5	6	0	1	3	0	30	139	255	255	123	106	122	29	0	2	0	16	9	2	4	0	6	0	0	0	0	
6	0	8	1	0	2	0	0	0	4	0	0	8	0	0	15	5	0	0	2	0	0	0	0	0	0	0	0	
0	0	0	0	0	0	0	0	0	0	0	0	0	0	0	0	0	0	0	0	0	0	0	0	0	0	0	0	
0	0	0	0	0	0	0	0	0	0	0	0	0	0	0	0	0	0	0	0	0	0	0	0	0	0	0	0	
0	0	0	0	0	0	0	0	0	0	0	0	0	0	0	0	0	0	0	0	0	0	0	0	0	0	0	0	
0	0	0	0	0	0	0	0	0	0	0	0	0	0	0	0	0	0	0	0	0	0	0	0	0	0	0	0	
