0	0	0	0	0	0	0	0	5	0	8	3	0	0	14	0	0	4	0	4	1	0	13	0	0	0	0	0	
0	0	0	0	0	0	0	0	0	7	4	0	0	4	6	0	0	7	0	10	4	0	3	0	0	0	0	0	
0	0	0	0	0	0	0	0	0	9	0	7	15	5	0	11	0	2	0	1	5	0	0	8	0	0	0	0	
0	0	0	0	0	0	0	0	0	0	0	8	0	0	6	3	3	4	0	0	4	0	0	5	0	0	0	0	
0	0	0	0	0	0	0	0	3	12	52	165	255	183	36	0	0	6	8	0	0	2	0	0	0	0	0	0	
0	0	0	0	0	0	0	0	0	105	250	254	237	255	240	98	0	0	10	7	0	0	0	1	0	0	0	0	
0	0	0	0	0	0	0	0	49	217	255	153	117	166	220	245	48	0	0	4	0	1	3	3	0	0	0	0	
0	0	0	0	0	0	0	0	34	246	152	0	1	0	15	226	140	17	0	3	0	8	4	0	0	0	0	0	
0	0	0	0	0	0	0	0	7	81	5	5	0	0	3	51	236	77	0	0	0	0	7	0	0	0	0	0	
0	0	0	0	0	0	0	0	5	6	0	4	0	18	0	125	255	137	22	0	6	0	0	11	0	0	0	0	
0	0	0	0	0	0	0	0	0	7	0	0	5	0	75	228	249	124	7	0	3	0	0	4	0	0	0	0	
0	0	0	0	0	0	0	0	0	0	17	0	0	150	240	249	242	81	0	11	8	4	13	3	0	0	0	0	
0	0	0	0	0	0	0	0	19	66	91	162	150	250	255	250	125	21	0	4	0	0	1	0	0	0	0	0	
0	0	0	0	0	0	0	0	0	173	249	255	255	248	254	120	0	0	1	9	13	4	0	8	0	0	0	0	
0	0	0	0	0	0	0	0	10	6	211	254	248	255	249	104	32	11	0	0	7	0	0	0	0	0	0	0	
0	0	0	0	0	0	0	0	0	1	69	206	245	255	241	249	250	94	4	2	0	0	11	0	0	0	0	0	
0	0	0	0	0	0	0	0	13	0	0	17	78	110	187	252	255	242	88	0	4	3	0	0	0	0	0	0	
0	0	0	0	0	0	0	0	0	4	10	0	1	0	0	87	121	248	222	33	0	0	0	14	0	0	0	0	
0	0	0	0	0	0	0	0	1	0	4	0	0	19	1	0	0	203	255	31	21	15	0	0	0	0	0	0	
0	0	0	0	0	0	0	0	2	0	0	12	0	2	0	0	49	228	237	13	0	0	0	17	0	0	0	0	
0	0	0	0	0	0	0	0	23	168	129	94	103	102	99	117	188	255	151	0	4	6	1	0	0	0	0	0	
0	0	0	0	0	0	0	0	0	209	255	241	249	255	255	253	250	255	116	8	0	0	0	0	0	0	0	0	
0	0	0	0	0	0	0	0	0	82	216	255	255	238	244	247	254	174	44	0	0	14	5	0	0	0	0	0	
0	0	0	0	0	0	0	0	0	1	68	69	145	202	134	60	60	0	0	6	2	3	0	5	0	0	0	0	
0	0	0	0	0	0	0	0	0	0	0	0	0	0	0	0	0	0	0	0	0	0	0	0	0	0	0	0	
0	0	0	0	0	0	0	0	0	0	0	0	0	0	0	0	0	0	0	0	0	0	0	0	0	0	0	0	
0	0	0	0	0	0	0	0	0	0	0	0	0	0	0	0	0	0	0	0	0	0	0	0	0	0	0	0	
0	0	0	0	0	0	0	0	0	0	0	0	0	0	0	0	0	0	0	0	0	0	0	0	0	0	0	0	
