1	8	0	0	5	0	0	11	0	0	0	2	3	0	0	10	4	0	0	6	0	0	28	0	0	0	0	0	
0	4	1	2	7	0	0	0	0	9	5	0	3	4	0	0	2	0	8	0	11	0	0	13	0	0	0	0	
0	4	4	0	0	5	5	1	0	0	0	0	2	11	6	3	1	6	5	0	0	20	0	6	0	0	0	0	
3	2	5	0	0	5	4	0	17	0	8	33	0	0	4	0	0	0	0	12	0	0	10	0	0	0	0	0	
0	0	9	0	0	3	0	0	0	30	0	3	113	132	138	245	255	255	255	234	108	10	0	0	0	0	0	0	
1	0	5	0	5	4	0	53	145	216	255	255	255	251	242	255	252	243	252	236	240	179	14	0	0	0	0	0	
5	0	1	0	4	0	12	127	253	253	251	241	233	217	165	99	91	136	229	241	251	159	1	1	0	0	0	0	
0	0	7	0	6	0	0	144	253	247	229	158	52	0	0	0	0	6	136	255	255	87	0	5	0	0	0	0	
0	0	0	0	0	0	0	0	73	74	12	0	8	0	0	1	36	144	251	251	194	3	18	0	0	0	0	0	
0	0	0	0	0	0	0	0	0	0	28	0	0	10	11	131	225	255	248	255	112	0	0	10	0	0	0	0	
0	0	0	0	0	0	0	0	11	0	0	0	30	137	208	249	239	255	251	54	16	14	0	1	0	0	0	0	
0	0	0	0	0	0	0	0	0	19	12	82	212	255	255	254	255	255	107	4	0	0	0	4	0	0	0	0	
0	0	0	0	0	0	0	0	22	53	142	227	255	250	233	255	244	235	224	209	92	10	0	0	0	0	0	0	
0	0	0	0	0	0	0	0	0	188	248	247	255	253	254	255	255	255	255	250	235	242	27	13	0	0	0	0	
0	0	0	0	0	0	0	0	0	182	255	255	223	236	255	118	184	111	192	243	255	255	213	4	0	0	0	0	
0	0	0	0	0	0	0	0	0	3	75	68	6	5	6	0	0	0	14	80	132	255	244	100	0	0	0	0	
0	0	6	0	10	0	0	12	1	0	0	10	0	4	4	1	0	10	0	6	151	254	252	141	0	0	0	0	
7	4	0	0	0	0	121	145	37	0	17	0	7	0	0	0	0	0	13	122	223	252	255	69	0	0	0	0	
0	0	0	17	5	22	255	250	229	103	54	0	1	8	7	11	11	32	130	231	252	250	150	13	0	0	0	0	
0	14	0	0	0	6	255	249	255	239	241	161	55	0	0	31	137	232	251	255	255	230	9	0	0	0	0	0	
0	5	7	0	6	15	219	255	250	251	254	251	216	203	223	245	253	249	250	250	130	49	9	5	0	0	0	0	
4	0	9	0	6	0	130	245	255	247	245	248	255	245	255	234	243	251	233	82	9	0	5	0	0	0	0	0	
10	0	0	0	11	19	135	255	255	251	255	255	255	255	237	210	138	17	24	0	7	0	0	17	0	0	0	0	
0	0	12	0	0	0	24	78	217	243	255	245	140	132	21	2	0	4	0	12	0	0	6	0	0	0	0	0	
0	0	0	0	0	0	0	0	0	0	0	0	0	0	0	0	0	0	0	0	0	0	0	0	0	0	0	0	
0	0	0	0	0	0	0	0	0	0	0	0	0	0	0	0	0	0	0	0	0	0	0	0	0	0	0	0	
0	0	0	0	0	0	0	0	0	0	0	0	0	0	0	0	0	0	0	0	0	0	0	0	0	0	0	0	
0	0	0	0	0	0	0	0	0	0	0	0	0	0	0	0	0	0	0	0	0	0	0	0	0	0	0	0	
