0	0	0	0	0	0	0	0	0	0	7	1	0	13	0	11	3	0	0	7	0	0	4	5	0	0	0	0	
0	0	0	0	0	0	0	0	9	0	0	12	0	11	0	4	3	5	0	0	0	5	6	0	0	0	0	0	
0	0	0	0	0	0	0	0	0	18	0	0	0	0	18	0	0	1	5	0	1	3	0	0	0	0	0	0	
0	0	0	0	0	0	0	0	0	0	3	0	7	14	0	14	0	0	4	0	5	0	0	5	0	0	0	0	
0	0	0	0	0	0	0	0	6	6	17	215	236	209	96	0	13	0	0	0	0	11	0	2	0	0	0	0	
0	0	0	0	0	0	0	0	5	0	79	252	255	242	221	47	0	0	11	0	0	11	1	0	0	0	0	0	
0	0	0	0	0	0	0	0	0	0	231	255	239	255	251	221	39	0	11	11	0	1	0	1	0	0	0	0	
0	0	0	0	0	0	0	0	0	13	56	219	236	255	240	255	186	22	0	2	0	1	0	6	0	0	0	0	
0	0	0	0	0	0	0	0	4	0	0	18	0	119	255	251	250	45	0	0	0	9	0	11	0	0	0	0	
0	0	0	0	0	0	0	0	0	13	13	0	3	12	117	248	255	99	13	8	0	5	0	0	0	0	0	0	
0	0	0	0	0	0	0	0	0	4	0	42	105	63	30	255	248	144	6	0	0	3	4	1	0	0	0	0	
0	0	0	0	0	0	0	0	1	11	8	214	255	208	25	159	255	183	7	1	0	3	7	1	0	0	0	0	
0	0	0	0	0	0	0	0	0	0	14	220	255	255	204	237	242	159	0	6	8	3	0	0	0	0	0	0	
0	0	0	0	0	0	0	0	3	0	28	255	241	255	255	255	248	124	0	0	0	0	0	5	0	0	0	0	
0	0	0	0	0	0	0	0	1	0	8	247	253	255	240	254	255	99	12	6	0	2	0	6	0	0	0	0	
0	0	0	0	0	0	0	0	0	6	0	104	233	245	253	254	174	12	0	0	0	12	0	0	0	0	0	0	
0	0	0	0	0	0	0	0	0	11	0	0	36	80	223	236	194	13	2	0	5	0	3	2	0	0	0	0	
0	0	0	0	0	0	0	0	0	2	0	2	0	26	72	255	248	0	6	5	0	7	0	0	0	0	0	0	
0	0	0	0	0	0	0	0	8	0	12	61	159	30	35	250	255	40	3	7	0	5	0	0	0	0	0	0	
0	0	0	0	0	0	0	0	2	4	7	236	248	251	70	255	242	119	0	0	6	0	2	3	0	0	0	0	
0	0	0	0	0	0	0	0	0	24	0	244	255	241	233	253	251	138	3	0	5	0	5	2	0	0	0	0	
0	0	0	0	0	0	0	0	10	0	22	255	253	243	255	255	255	74	11	0	0	2	2	0	0	0	0	0	
0	0	0	0	0	0	0	0	0	0	23	249	250	254	255	230	178	13	9	0	0	1	3	0	0	0	0	0	
0	0	0	0	0	0	0	0	4	0	0	38	59	233	255	255	61	0	0	0	15	0	9	0	0	0	0	0	
0	0	0	0	0	0	0	0	0	0	0	0	0	0	0	0	0	0	0	0	0	0	0	0	0	0	0	0	
0	0	0	0	0	0	0	0	0	0	0	0	0	0	0	0	0	0	0	0	0	0	0	0	0	0	0	0	
0	0	0	0	0	0	0	0	0	0	0	0	0	0	0	0	0	0	0	0	0	0	0	0	0	0	0	0	
0	0	0	0	0	0	0	0	0	0	0	0	0	0	0	0	0	0	0	0	0	0	0	0	0	0	0	0	
