0	0	0	0	0	0	0	0	2	0	4	0	0	4	3	0	0	0	0	4	2	0	0	4	0	0	0	0	
0	0	0	0	0	0	0	0	0	0	3	0	0	1	2	0	6	3	3	0	2	3	9	0	0	0	0	0	
0	0	0	0	0	0	0	0	0	0	0	0	0	0	0	1	0	0	12	10	10	0	0	6	0	0	0	0	
0	0	0	0	0	0	0	0	6	7	0	3	7	0	0	4	11	0	0	0	0	4	1	4	0	0	0	0	
0	0	0	0	0	0	0	0	0	5	0	0	7	0	1	3	0	8	0	6	0	20	0	0	0	0	0	0	
0	0	0	0	0	0	0	0	0	22	1	4	11	0	0	0	14	6	0	13	0	5	0	0	0	0	0	0	
0	0	0	0	0	0	0	0	0	59	67	94	125	128	156	163	184	105	25	0	0	0	4	6	0	0	0	0	
0	0	0	0	0	0	0	0	164	245	249	254	255	238	253	253	255	255	212	54	0	0	15	0	0	0	0	0	
0	0	0	0	0	0	0	0	137	245	255	228	250	255	230	186	252	249	251	114	5	0	11	4	0	0	0	0	
0	0	0	0	0	0	0	0	0	69	63	31	34	68	56	37	255	255	233	27	0	10	6	0	0	0	0	0	
0	0	0	0	0	0	0	0	8	0	1	0	23	0	40	170	254	233	59	18	5	0	0	0	0	0	0	0	
0	0	0	0	0	0	0	0	0	0	5	0	0	60	162	255	245	195	0	5	0	0	16	2	0	0	0	0	
0	0	0	0	0	0	0	0	0	5	0	20	1	202	255	243	185	11	0	3	20	4	0	0	0	0	0	0	
0	0	0	0	0	0	0	0	4	0	0	55	159	241	255	245	62	0	12	15	0	0	8	0	0	0	0	0	
0	0	0	0	0	0	0	0	0	11	7	108	255	247	249	252	220	113	0	3	7	3	0	0	0	0	0	0	
0	0	0	0	0	0	0	0	4	0	0	226	244	255	255	249	252	247	142	0	0	13	0	2	0	0	0	0	
0	0	0	0	0	0	0	0	0	17	0	215	253	255	243	239	255	254	146	6	7	0	0	7	0	0	0	0	
0	0	0	0	0	0	0	0	0	0	4	35	92	76	66	166	255	227	145	0	0	0	10	0	0	0	0	0	
0	0	0	0	0	0	0	0	0	0	6	0	12	15	22	226	251	253	45	1	0	0	7	0	0	0	0	0	
0	0	0	0	0	0	0	0	0	11	0	8	0	0	58	236	255	192	0	3	9	1	0	6	0	0	0	0	
0	0	0	0	0	0	0	0	0	0	0	8	5	30	197	255	243	27	7	0	0	12	0	2	0	0	0	0	
0	0	0	0	0	0	0	0	14	0	2	0	0	113	255	243	126	0	16	0	0	12	0	0	0	0	0	0	
0	0	0	0	0	0	0	0	0	0	0	25	108	236	255	185	17	19	0	5	1	0	0	3	0	0	0	0	
0	0	0	0	0	0	0	0	0	13	10	55	255	248	217	29	6	0	4	0	4	0	5	1	0	0	0	0	
0	0	0	0	0	0	0	0	0	0	1	109	255	249	102	11	0	0	0	0	0	0	0	0	0	0	0	0	
0	0	0	0	0	0	0	0	0	4	0	52	133	112	26	0	0	0	0	0	0	0	0	0	0	0	0	0	
0	0	0	0	0	0	0	0	0	3	0	4	20	5	0	0	0	0	0	0	0	0	0	0	0	0	0	0	
0	0	0	0	0	0	0	0	0	0	0	0	0	0	0	10	0	0	0	0	0	0	0	0	0	0	0	0	
