0	0	0	0	0	0	0	0	0	10	0	11	0	0	18	0	1	10	0	11	0	0	1	2	0	0	0	0	
0	0	0	0	0	0	0	0	4	0	1	0	0	11	0	7	2	0	0	5	5	0	1	3	0	0	0	0	
0	0	0	0	0	0	0	0	0	12	2	7	4	0	4	0	0	21	7	0	0	5	12	0	0	0	0	0	
0	0	0	0	0	0	0	0	1	0	0	13	0	77	248	251	253	239	125	0	14	0	3	0	0	0	0	0	
0	0	0	0	0	0	0	0	15	7	0	0	135	255	247	255	255	255	255	255	0	0	7	13	0	0	0	0	
0	0	0	0	0	0	0	0	0	0	9	15	52	125	136	115	0	113	255	255	115	13	9	0	0	0	0	0	
0	0	0	0	0	0	0	0	0	17	0	0	0	0	7	7	0	149	251	224	25	0	5	1	0	0	0	0	
0	0	0	0	0	0	0	0	0	0	6	0	12	14	0	67	127	245	255	255	0	5	0	10	0	0	0	0	
0	0	0	0	0	0	0	0	1	7	1	0	0	15	109	255	255	255	184	66	0	0	9	0	0	0	0	0	
0	0	0	0	0	0	0	0	0	0	60	142	207	237	255	255	135	0	2	11	0	9	0	8	0	0	0	0	
0	0	0	0	0	0	0	0	14	123	250	255	240	255	255	126	0	14	0	0	10	0	0	10	0	0	0	0	
0	0	0	0	0	0	0	0	0	129	254	255	255	255	236	10	8	3	0	15	15	0	9	0	0	0	0	0	
0	0	0	0	0	0	0	0	0	4	76	182	255	252	255	187	58	3	6	0	0	4	5	8	0	0	0	0	
0	0	0	0	0	0	0	0	4	12	0	1	111	188	255	248	255	72	0	18	7	0	8	0	0	0	0	0	
0	0	0	0	0	0	0	0	0	0	0	7	10	0	73	200	249	251	75	0	11	0	4	6	0	0	0	0	
0	0	0	0	0	0	0	0	5	0	0	0	3	0	1	57	255	245	127	3	0	12	2	0	0	0	0	0	
7	0	12	3	7	0	0	2	5	0	7	24	0	0	10	0	187	255	246	11	5	0	3	0	0	0	0	0	
3	0	3	0	0	15	11	0	3	6	0	0	12	22	0	75	255	250	255	0	0	12	0	9	0	0	0	0	
4	6	5	2	0	3	0	3	124	72	10	0	10	0	61	255	245	255	255	13	0	3	0	0	0	0	0	0	
0	9	0	3	5	0	12	194	242	255	53	10	0	126	196	248	249	255	63	0	24	0	8	0	0	0	0	0	
13	0	11	29	0	139	242	255	255	255	140	183	255	255	251	255	255	48	0	5	0	16	9	0	0	0	0	0	
0	15	0	0	7	186	253	255	249	236	255	244	255	255	252	253	69	0	0	6	15	0	0	3	0	0	0	0	
6	1	0	12	5	59	136	255	255	255	255	254	118	146	50	1	0	0	19	0	1	9	3	0	0	0	0	0	
0	8	3	0	0	13	0	3	0	0	7	0	15	0	5	4	1	2	4	0	0	9	0	3	0	0	0	0	
0	0	0	0	0	0	0	0	0	0	0	0	0	0	0	0	0	0	0	0	0	0	0	0	0	0	0	0	
0	0	0	0	0	0	0	0	0	0	0	0	0	0	0	0	0	0	0	0	0	0	0	0	0	0	0	0	
0	0	0	0	0	0	0	0	0	0	0	0	0	0	0	0	0	0	0	0	0	0	0	0	0	0	0	0	
0	0	0	0	0	0	0	0	0	0	0	0	0	0	0	0	0	0	0	0	0	0	0	0	0	0	0	0	
