6	0	0	0	14	0	0	0	0	14	0	10	0	0	0	0	0	0	0	0	0	0	0	0	0	0	0	0	
0	1	10	0	3	2	10	1	2	4	0	0	0	1	6	0	0	0	0	0	0	0	0	0	0	0	0	0	
14	0	0	0	8	0	0	3	7	0	4	2	11	0	0	0	0	0	0	0	0	0	0	0	0	0	0	0	
0	0	5	3	0	0	4	1	6	0	0	0	2	0	12	4	0	0	0	0	0	0	0	0	0	0	0	0	
23	0	0	11	3	0	0	0	0	21	2	10	0	0	9	0	0	0	0	0	0	0	0	0	0	0	0	0	
0	0	2	6	0	38	105	145	158	178	134	123	56	3	0	21	0	0	0	0	0	0	0	0	0	0	0	0	
2	20	0	0	54	226	255	190	199	205	235	255	249	142	9	0	0	0	0	0	0	0	0	0	0	0	0	0	
0	0	0	6	0	42	40	3	4	0	56	102	250	255	85	2	0	0	0	0	0	0	0	0	0	0	0	0	
0	0	0	0	0	0	0	0	0	0	0	2	58	249	186	1	3	5	0	0	11	0	0	8	0	0	0	0	
0	0	0	0	0	0	0	0	8	0	0	0	0	254	213	0	0	0	12	0	0	2	20	0	0	0	0	0	
0	0	0	0	0	0	0	0	0	0	9	0	63	255	187	10	4	0	0	11	16	0	0	11	0	0	0	0	
0	0	0	0	0	0	0	0	1	0	0	23	196	251	85	7	0	10	1	0	4	0	0	6	0	0	0	0	
0	0	0	0	0	0	0	0	0	4	63	179	252	241	60	18	19	0	0	2	0	3	10	0	0	0	0	0	
0	0	0	0	0	0	0	0	0	88	219	255	255	245	220	240	203	102	13	0	0	4	2	0	0	0	0	0	
0	0	0	0	0	0	0	0	10	150	255	229	215	133	141	150	243	250	152	22	0	1	0	0	0	0	0	0	
0	0	0	0	0	0	0	0	0	34	26	4	3	0	7	5	8	153	255	210	64	0	0	2	0	0	0	0	
0	0	0	0	0	0	0	0	0	2	3	0	0	5	7	3	0	5	184	255	176	11	1	0	0	0	0	0	
0	0	0	0	0	0	0	0	0	4	4	0	0	0	0	0	22	0	49	244	170	0	7	0	0	0	0	0	
0	0	0	0	0	0	0	0	0	0	1	2	5	9	7	2	0	0	29	255	191	0	0	14	0	0	0	0	
0	0	0	0	0	0	0	0	6	2	0	0	0	0	0	0	0	15	129	241	132	1	0	2	0	0	0	0	
0	0	0	0	0	0	0	0	0	0	1	6	4	0	0	7	0	78	237	217	16	0	14	0	0	0	0	0	
0	0	0	0	0	0	0	0	0	0	1	5	0	0	0	19	98	233	224	134	0	0	4	1	0	0	0	0	
0	0	0	0	0	0	0	0	4	1	2	3	0	5	46	92	253	255	84	9	0	14	0	0	0	0	0	0	
0	0	0	0	0	0	0	0	0	0	6	26	51	103	194	255	172	60	0	0	0	0	7	6	0	0	0	0	
0	0	0	0	0	0	0	0	10	0	0	106	232	255	214	112	0	0	0	0	0	0	0	0	0	0	0	0	
0	0	0	0	0	0	0	0	0	1	0	0	0	0	9	0	0	0	0	0	0	0	0	0	0	0	0	0	
0	0	0	0	0	0	0	0	2	12	6	8	4	0	1	0	0	0	0	0	0	0	0	0	0	0	0	0	
0	0	0	0	0	0	0	0	0	0	0	0	1	2	6	5	0	0	0	0	0	0	0	0	0	0	0	0	
