0	0	0	0	0	0	0	0	0	2	0	0	12	5	0	6	6	7	0	3	0	0	7	0	0	0	0	0	
0	0	0	0	0	0	0	0	8	0	4	8	0	0	7	0	0	0	0	9	11	0	0	1	0	0	0	0	
0	0	0	0	0	0	0	0	0	13	0	0	17	0	0	25	11	8	4	0	3	2	0	6	0	0	0	0	
0	0	0	0	0	0	0	0	0	0	3	0	0	10	10	0	0	0	4	0	0	1	1	6	0	0	0	0	
0	0	0	0	0	0	0	0	14	0	0	12	2	0	2	11	15	0	0	11	0	0	3	1	0	0	0	0	
0	0	0	0	0	0	0	0	0	5	1	7	9	0	10	106	189	105	12	0	5	0	3	0	0	0	0	0	
0	0	0	0	0	0	0	0	6	1	0	0	11	145	254	255	255	242	74	0	5	0	3	0	0	0	0	0	
0	0	0	0	0	0	0	0	0	0	10	112	240	253	137	24	117	255	138	1	8	0	1	4	0	0	0	0	
0	0	0	0	0	0	0	0	4	0	116	251	199	43	13	42	221	250	63	3	3	0	11	0	0	0	0	0	
0	0	0	0	0	0	0	0	0	0	2	60	28	0	45	183	255	185	15	0	0	0	0	8	0	0	0	0	
0	0	0	0	0	0	0	0	8	0	0	0	12	0	131	255	161	0	0	33	6	0	0	0	0	0	0	0	
0	0	0	0	0	0	0	0	1	0	4	18	0	147	255	223	55	14	13	2	0	1	0	0	0	0	0	0	
0	0	0	0	0	0	0	0	3	2	0	20	188	229	247	247	244	102	6	0	0	5	14	0	0	0	0	0	
0	0	0	0	0	0	0	0	0	11	9	143	255	255	147	98	115	241	166	6	0	0	3	4	0	0	0	0	
0	0	0	0	0	0	0	0	5	0	3	97	173	77	5	0	0	212	237	67	3	0	1	0	0	0	0	0	
0	0	0	0	0	0	0	0	0	2	1	11	0	0	10	0	43	243	232	25	0	7	0	4	0	0	0	0	
0	0	0	0	0	0	0	0	2	6	0	0	13	0	0	14	164	255	117	1	0	0	13	0	0	0	0	0	
0	0	0	0	0	0	0	0	0	0	19	0	0	0	0	143	251	179	43	0	5	0	1	0	0	0	0	0	
0	0	0	0	0	0	0	0	10	1	0	2	5	1	77	222	255	74	0	0	4	7	0	4	0	0	0	0	
0	0	0	0	0	0	0	0	0	9	0	7	0	49	233	255	140	5	0	8	0	3	0	5	0	0	0	0	
0	0	0	0	0	0	0	0	3	0	7	11	62	208	255	173	23	0	4	11	0	0	0	0	0	0	0	0	
0	0	0	0	0	0	0	0	0	4	8	143	255	255	178	8	0	0	0	0	3	0	0	0	0	0	0	0	
0	0	0	0	0	0	0	0	5	0	175	249	249	185	15	8	5	0	0	0	2	2	0	0	0	0	0	0	
0	0	0	0	0	0	0	0	83	157	252	255	108	0	11	0	0	0	14	3	0	2	0	6	0	0	0	0	
0	0	0	0	0	0	0	0	161	231	170	34	0	11	3	0	0	0	0	0	0	0	0	0	0	0	0	0	
0	0	0	0	0	0	0	0	0	13	0	0	2	0	0	5	0	0	0	0	0	0	0	0	0	0	0	0	
0	0	0	0	0	0	0	0	0	0	0	2	18	10	0	6	0	0	0	0	0	0	0	0	0	0	0	0	
0	0	0	0	0	0	0	0	1	8	6	0	0	0	0	0	0	0	0	0	0	0	0	0	0	0	0	0	
