0	0	0	0	0	0	0	0	2	6	0	0	0	4	5	0	0	0	1	1	0	4	6	0	0	0	0	0	
0	0	0	0	0	0	0	0	0	0	0	0	22	0	0	4	9	2	9	0	8	0	4	0	0	0	0	0	
0	0	0	0	0	0	0	0	4	0	0	0	0	0	0	13	0	0	1	0	11	0	0	5	0	0	0	0	
0	0	0	0	0	0	0	0	0	0	0	9	0	16	9	0	0	18	0	0	3	2	0	10	0	0	0	0	
0	0	0	0	0	0	0	0	12	0	0	21	138	228	255	255	135	120	58	0	1	1	0	3	0	0	0	0	
0	0	0	0	0	0	0	0	0	0	0	22	248	255	253	249	255	241	161	21	6	0	11	0	0	0	0	0	
0	0	0	0	0	0	0	0	3	7	16	38	222	241	249	255	229	255	237	102	2	0	7	0	0	0	0	0	
0	0	0	0	0	0	0	0	0	0	0	0	12	59	78	60	85	240	255	186	0	9	0	5	0	0	0	0	
0	0	0	0	0	0	0	0	0	13	0	0	17	0	3	0	148	255	243	194	0	1	11	0	0	0	0	0	
0	0	0	0	0	0	0	0	0	12	1	0	0	11	39	162	242	255	247	93	0	0	0	1	0	0	0	0	
0	0	0	0	0	0	0	0	10	0	18	0	9	44	224	246	255	236	103	19	0	1	8	0	0	0	0	0	
0	0	0	0	0	0	0	0	6	5	18	149	166	241	255	255	243	157	0	0	3	0	4	1	0	0	0	0	
0	0	0	0	0	0	0	0	0	11	255	235	255	243	248	247	255	130	17	0	7	0	0	11	0	0	0	0	
0	0	0	0	0	0	0	0	7	1	225	253	254	255	255	246	255	218	59	0	0	8	8	0	0	0	0	0	
0	0	0	0	0	0	0	0	0	12	43	163	146	75	44	115	190	255	94	7	0	8	18	0	0	0	0	0	
0	0	0	0	0	0	0	0	6	0	5	5	0	0	2	1	89	254	184	0	13	0	0	10	0	0	0	0	
7	0	0	0	12	0	8	0	0	15	0	6	0	3	4	0	0	255	223	34	4	4	0	0	0	0	0	0	
0	11	11	0	0	0	0	0	4	0	0	7	5	10	0	8	37	226	255	67	0	0	7	0	0	0	0	0	
3	0	0	2	5	0	7	32	4	0	14	0	0	0	0	4	154	252	170	6	0	5	0	4	0	0	0	0	
6	0	6	4	0	13	150	217	22	0	0	0	12	12	57	103	242	255	83	20	0	0	4	0	0	0	0	0	
0	0	9	0	3	59	255	255	140	57	0	61	153	166	230	250	255	239	21	0	22	2	0	13	0	0	0	0	
5	0	0	0	18	52	232	240	255	255	207	225	251	242	255	245	192	57	0	0	0	8	15	0	0	0	0	0	
1	0	8	6	0	1	129	251	238	255	244	247	255	255	229	119	23	0	20	0	7	0	0	5	0	0	0	0	
0	7	0	0	0	9	0	106	190	248	255	231	140	78	27	0	0	4	0	0	2	8	0	0	0	0	0	0	
0	0	0	0	0	0	0	0	0	0	0	0	0	0	0	0	0	0	0	0	0	0	0	0	0	0	0	0	
0	0	0	0	0	0	0	0	0	0	0	0	0	0	0	0	0	0	0	0	0	0	0	0	0	0	0	0	
0	0	0	0	0	0	0	0	0	0	0	0	0	0	0	0	0	0	0	0	0	0	0	0	0	0	0	0	
0	0	0	0	0	0	0	0	0	0	0	0	0	0	0	0	0	0	0	0	0	0	0	0	0	0	0	0	
