5	0	0	5	2	0	0	7	0	13	0	2	2	0	2	1	0	3	6	3	0	0	16	1	0	0	0	0	
5	5	0	0	2	13	8	0	1	0	0	0	8	6	2	0	2	0	0	7	5	0	0	0	0	0	0	0	
0	0	1	10	4	0	0	6	5	0	2	4	0	0	0	0	7	1	0	2	3	1	0	0	0	0	0	0	
7	9	3	0	0	7	7	0	3	0	0	3	0	0	11	3	0	2	11	0	0	7	5	4	0	0	0	0	
0	0	1	10	4	0	0	18	99	129	139	186	195	153	118	49	12	0	1	0	0	10	0	0	0	0	0	0	
4	0	0	0	44	117	193	242	238	244	213	224	233	220	243	255	146	30	0	0	4	6	0	1	0	0	0	0	
0	22	10	0	65	176	179	101	16	5	2	0	0	6	61	192	255	69	0	1	0	2	0	9	0	0	0	0	
1	0	0	0	0	5	5	1	13	0	13	0	4	0	4	180	255	65	1	4	0	6	0	0	0	0	0	0	
0	0	0	0	0	0	0	0	3	4	3	0	5	10	136	253	225	16	2	3	0	0	0	3	0	0	0	0	
0	0	0	0	0	0	0	0	7	0	0	6	0	41	248	255	160	7	0	3	0	4	0	3	0	0	0	0	
0	0	0	0	0	0	0	0	5	0	7	5	5	182	255	172	24	0	0	0	0	9	0	0	0	0	0	0	
0	0	0	0	0	0	0	0	0	0	18	0	83	255	223	63	0	9	0	1	0	5	0	0	0	0	0	0	
0	0	0	0	0	0	0	0	0	8	0	0	139	245	240	52	9	19	0	10	10	0	0	8	0	0	0	0	
0	0	0	0	0	0	0	0	0	5	0	3	65	251	255	89	0	0	0	1	0	0	0	2	0	0	0	0	
0	0	0	0	0	0	0	0	0	0	0	11	0	208	249	160	32	7	6	0	0	0	7	0	0	0	0	0	
0	0	0	0	0	0	0	0	5	0	0	9	0	61	255	255	222	55	0	5	17	0	0	5	0	0	0	0	
0	9	3	2	0	0	0	1	0	14	0	0	0	10	91	230	245	252	186	49	0	9	9	0	0	0	0	0	
7	2	0	0	2	0	0	0	0	0	1	0	4	12	0	14	122	205	252	224	131	12	0	15	0	0	0	0	
0	0	9	11	4	12	16	0	0	0	22	3	0	0	0	0	0	34	202	255	238	20	13	0	0	0	0	0	
6	5	8	0	0	0	0	0	9	0	0	0	0	0	13	15	52	135	250	255	255	23	0	0	0	0	0	0	
0	9	0	0	34	0	0	12	0	11	0	4	20	0	90	146	247	255	240	228	101	12	4	0	0	0	0	0	
1	0	4	0	0	3	64	0	0	12	25	94	206	220	255	245	176	169	54	31	7	7	0	8	0	0	0	0	
10	0	2	2	0	50	238	142	211	211	255	255	255	194	121	36	16	0	0	0	1	0	7	0	0	0	0	0	
0	13	0	11	14	0	174	190	214	103	100	21	3	8	8	0	0	6	5	0	1	5	0	3	0	0	0	0	
0	0	0	0	0	0	0	0	0	0	0	0	0	0	0	0	0	0	0	0	0	0	0	0	0	0	0	0	
0	0	0	0	0	0	0	0	0	0	0	0	0	0	0	0	0	0	0	0	0	0	0	0	0	0	0	0	
0	0	0	0	0	0	0	0	0	0	0	0	0	0	0	0	0	0	0	0	0	0	0	0	0	0	0	0	
0	0	0	0	0	0	0	0	0	0	0	0	0	0	0	0	0	0	0	0	0	0	0	0	0	0	0	0	
