0	0	0	0	0	0	0	0	0	0	5	0	0	0	0	2	0	6	0	0	7	2	0	0	0	0	0	0	
0	0	0	0	0	0	0	0	0	0	1	0	6	2	5	10	3	0	0	0	1	9	13	0	0	0	0	0	
0	0	0	0	0	0	0	0	6	4	2	0	9	0	1	0	13	0	13	0	0	0	8	1	0	0	0	0	
0	0	0	0	0	0	0	0	0	0	0	3	0	0	8	4	0	0	0	8	23	0	0	3	0	0	0	0	
0	0	0	0	0	0	0	0	8	6	0	64	152	255	253	179	110	62	4	0	10	3	0	0	0	0	0	0	
0	0	0	0	0	0	0	0	5	0	72	218	243	246	229	255	251	208	106	16	0	0	0	2	0	0	0	0	
0	0	0	0	0	0	0	0	0	62	223	255	250	255	253	248	252	247	220	166	43	10	0	1	0	0	0	0	
0	0	0	0	0	0	0	0	12	63	246	254	252	245	246	255	255	239	255	253	72	4	0	0	0	0	0	0	
0	0	0	0	0	0	0	0	1	53	228	246	255	182	227	254	255	242	255	248	186	11	0	4	0	0	0	0	
0	0	0	0	0	0	0	0	10	0	56	76	71	18	53	59	230	241	231	255	255	58	28	0	0	0	0	0	
0	0	0	0	0	0	0	0	0	0	0	0	0	0	0	9	202	255	255	242	246	135	0	0	0	0	0	0	
0	0	0	0	0	0	0	0	0	23	8	82	93	124	234	237	246	255	243	253	251	67	4	12	0	0	0	0	
0	0	0	0	0	0	0	0	7	0	157	250	236	250	255	249	252	254	244	253	83	1	0	0	0	0	0	0	
0	0	0	0	0	0	0	0	0	83	255	245	255	255	230	255	252	253	253	92	5	1	9	2	0	0	0	0	
0	0	0	0	0	0	0	0	0	225	255	248	255	226	255	252	213	145	2	0	3	0	1	1	0	0	0	0	
0	0	0	0	0	0	0	0	0	92	224	255	245	255	255	249	208	24	0	4	2	0	4	0	0	0	0	0	
0	0	2	2	1	1	2	3	0	1	63	86	236	247	245	254	248	195	0	3	10	0	2	0	0	0	0	0	
0	0	2	1	0	0	0	0	2	8	3	0	9	180	255	255	255	238	61	0	0	1	0	0	0	0	0	0	
0	1	2	0	0	0	0	0	1	5	73	171	233	252	236	243	239	255	137	14	0	2	0	10	0	0	0	0	
0	1	2	0	0	0	0	1	24	172	255	241	249	249	255	255	255	255	126	0	2	0	0	0	0	0	0	0	
0	0	1	1	0	1	4	7	194	240	249	253	235	255	252	243	244	252	123	3	6	0	9	0	0	0	0	0	
0	0	1	1	1	3	7	10	252	255	254	251	255	248	251	255	250	251	126	15	5	0	19	0	0	0	0	0	
0	1	1	0	0	1	5	8	193	216	227	238	255	243	255	255	255	178	50	0	0	4	7	0	0	0	0	0	
2	2	1	0	0	0	2	5	7	27	45	120	88	215	255	187	69	9	0	1	10	0	0	15	0	0	0	0	
0	0	0	0	0	0	0	0	0	0	0	0	0	0	0	0	0	0	0	0	0	0	0	0	0	0	0	0	
0	0	0	0	0	0	0	0	0	0	0	0	0	0	0	0	0	0	0	0	0	0	0	0	0	0	0	0	
0	0	0	0	0	0	0	0	0	0	0	0	0	0	0	0	0	0	0	0	0	0	0	0	0	0	0	0	
0	0	0	0	0	0	0	0	0	0	0	0	0	0	0	0	0	0	0	0	0	0	0	0	0	0	0	0	
