0	1	13	0	5	0	5	0	5	4	0	1	6	0	0	2	9	0	0	2	0	0	3	4	0	0	0	0	
5	0	0	4	3	8	0	4	0	0	0	0	0	0	0	3	1	0	0	5	1	1	2	0	0	0	0	0	
0	11	3	13	0	4	0	7	7	6	4	3	5	3	0	0	0	0	2	5	0	3	4	0	0	0	0	0	
5	5	1	0	3	0	0	0	0	0	0	2	0	0	0	8	2	2	7	3	0	0	6	0	0	0	0	0	
0	0	4	8	0	0	4	7	0	0	8	7	0	6	5	0	0	0	5	4	0	0	5	1	0	0	0	0	
0	15	0	0	0	153	239	254	255	255	249	223	214	212	136	19	0	0	0	6	1	0	2	0	0	0	0	0	
0	7	0	5	16	219	255	231	250	244	246	248	255	255	221	109	30	2	0	3	4	1	0	0	0	0	0	0	
7	0	2	9	0	111	241	255	255	247	255	255	236	249	255	248	70	20	0	0	2	1	1	0	0	0	0	0	
0	3	2	2	0	41	171	230	219	224	236	223	225	216	254	255	182	13	0	13	0	0	5	0	0	0	0	0	
0	0	0	11	0	0	21	0	3	0	0	0	5	90	255	243	210	0	11	0	9	0	0	10	0	0	0	0	
7	0	0	6	0	0	6	0	7	5	6	2	8	109	255	255	239	143	0	7	0	11	2	0	0	0	0	0	
0	0	8	11	0	0	14	14	0	49	71	88	176	244	253	249	255	229	3	0	16	0	0	5	0	0	0	0	
3	0	1	0	0	0	0	0	6	212	255	244	255	253	237	255	237	242	114	10	0	2	0	7	0	0	0	0	
5	0	0	0	0	7	2	10	9	232	255	247	250	250	255	241	255	255	243	154	44	0	8	0	0	0	0	0	
0	0	13	5	4	4	0	0	0	184	255	255	244	255	253	243	255	220	255	255	219	23	9	3	0	0	0	0	
9	0	0	0	0	8	0	8	0	116	251	251	255	255	122	155	135	154	208	246	251	200	0	1	0	0	0	0	
0	0	0	0	0	0	0	0	4	148	243	180	82	24	4	0	3	0	103	202	245	141	23	3	0	0	0	0	
0	0	0	0	0	0	0	0	0	18	42	11	4	3	2	1	0	4	0	104	255	244	122	0	0	0	0	0	
0	0	0	0	0	0	0	0	6	0	6	0	1	0	0	9	2	17	155	210	253	255	133	1	0	0	0	0	
0	0	0	0	0	0	0	0	6	0	15	0	0	4	0	0	11	93	199	249	255	237	146	8	0	0	0	0	
0	0	0	0	0	0	0	0	1	0	0	11	100	247	255	255	254	236	255	255	242	235	149	0	0	0	0	0	
0	0	0	0	0	0	0	0	11	7	0	0	43	239	255	240	254	255	255	249	255	170	0	4	0	0	0	0	
0	0	0	0	0	0	0	0	0	3	13	10	32	243	255	255	254	255	232	255	211	83	6	2	0	0	0	0	
0	0	0	0	0	0	0	0	6	3	0	1	23	246	249	240	251	208	166	81	0	7	0	4	0	0	0	0	
0	0	0	0	0	0	0	0	0	0	11	0	1	157	230	132	67	26	0	0	3	0	0	4	0	0	0	0	
0	0	0	0	0	0	0	0	12	0	0	2	0	7	23	4	17	0	0	0	6	1	0	2	0	0	0	0	
0	0	0	0	0	0	0	0	0	3	0	3	4	0	0	0	0	0	0	4	5	1	0	0	0	0	0	0	
0	0	0	0	0	0	0	0	0	13	2	0	4	12	5	8	1	4	4	0	0	0	0	0	0	0	0	0	
