0	0	0	0	0	0	0	0	0	7	5	0	0	0	10	0	0	16	0	0	3	0	7	0	0	0	0	0	
0	0	0	0	0	0	0	0	1	0	0	0	8	0	0	4	0	0	4	16	0	2	0	0	0	0	0	0	
0	0	0	0	0	0	0	0	12	0	0	15	2	0	8	0	15	0	0	5	0	7	1	0	0	0	0	0	
0	0	0	0	0	0	0	0	0	16	3	121	190	154	80	2	0	13	0	0	5	0	6	0	0	0	0	0	
0	0	0	0	0	0	0	0	0	5	40	255	255	248	235	149	11	0	12	3	10	0	2	3	0	0	0	0	
0	0	0	0	0	0	0	0	11	0	28	185	99	96	196	255	151	0	14	5	0	3	0	2	0	0	0	0	
0	0	0	0	0	0	0	0	0	17	0	4	25	0	1	192	255	90	0	0	0	12	0	0	0	0	0	0	
0	0	0	0	0	0	0	0	8	0	24	0	0	7	0	129	241	206	0	0	13	0	0	1	0	0	0	0	
0	0	0	0	0	0	0	0	1	2	2	0	0	1	0	2	246	230	46	0	0	0	19	0	0	0	0	0	
0	0	0	0	0	0	0	0	0	0	9	4	3	0	4	0	245	250	56	0	5	0	0	0	0	0	0	0	
0	0	0	0	0	0	0	0	0	39	0	0	6	42	0	92	255	197	3	0	5	5	0	5	0	0	0	0	
0	0	0	0	0	0	0	0	0	0	63	171	183	248	190	240	235	120	0	17	3	0	2	0	0	0	0	0	
0	0	0	0	0	0	0	0	12	0	230	255	249	244	253	251	255	156	23	0	0	0	5	0	0	0	0	0	
0	0	0	0	0	0	0	0	0	22	255	255	255	255	255	239	233	250	131	0	0	11	2	3	0	0	0	0	
0	0	0	0	0	0	0	0	12	5	135	246	241	255	198	68	55	252	255	34	8	0	0	8	0	0	0	0	
0	0	0	0	0	0	0	0	0	15	0	57	91	37	20	0	0	195	244	18	0	1	11	0	0	0	0	0	
0	0	0	1	2	2	0	0	0	3	3	0	0	3	7	0	4	165	255	28	7	0	0	17	0	0	0	0	
1	4	1	0	0	0	9	48	0	0	9	0	4	8	0	10	0	181	242	138	0	0	8	0	0	0	0	0	
0	2	0	0	5	18	103	226	80	0	0	0	0	8	0	8	53	237	234	37	10	7	0	34	0	0	0	0	
0	8	0	0	0	2	112	255	246	132	24	0	9	2	0	54	244	251	255	29	0	0	13	0	0	0	0	0	
0	6	0	1	0	0	41	165	245	246	237	195	91	63	162	226	248	236	93	0	5	3	0	0	0	0	0	0	
0	0	0	0	16	0	7	60	181	255	253	246	250	241	255	254	240	147	12	0	2	5	0	10	0	0	0	0	
6	3	0	0	0	0	0	0	9	78	150	224	255	255	240	153	90	0	0	0	0	4	0	4	0	0	0	0	
0	5	9	1	0	4	4	0	1	1	0	0	0	0	0	14	0	7	0	13	0	0	14	0	0	0	0	0	
0	0	0	0	0	0	0	0	0	0	0	0	0	0	0	0	0	0	0	0	0	0	0	0	0	0	0	0	
0	0	0	0	0	0	0	0	0	0	0	0	0	0	0	0	0	0	0	0	0	0	0	0	0	0	0	0	
0	0	0	0	0	0	0	0	0	0	0	0	0	0	0	0	0	0	0	0	0	0	0	0	0	0	0	0	
0	0	0	0	0	0	0	0	0	0	0	0	0	0	0	0	0	0	0	0	0	0	0	0	0	0	0	0	
