0	0	0	0	0	0	0	0	2	0	6	0	16	1	0	4	0	8	7	0	8	0	0	0	0	0	0	0	
0	0	0	0	0	0	0	0	7	0	14	17	0	9	1	3	0	1	0	3	0	0	0	9	0	0	0	0	
0	0	0	0	0	0	0	0	0	14	0	11	6	1	8	0	2	8	0	9	0	9	0	0	0	0	0	0	
0	0	0	0	0	0	0	0	0	0	4	0	2	0	0	15	3	0	0	0	0	8	0	0	0	0	0	0	
0	0	0	0	0	0	0	0	0	14	5	0	0	63	248	252	68	8	4	0	2	0	0	8	0	0	0	0	
0	0	0	0	0	0	0	0	0	0	3	0	23	181	254	255	140	15	0	0	9	0	0	1	0	0	0	0	
0	0	0	0	0	0	0	0	11	11	0	34	110	217	255	249	171	81	53	15	0	9	0	0	0	0	0	0	
0	0	0	0	0	0	0	0	0	0	144	239	255	249	254	248	248	255	252	133	0	5	0	0	0	0	0	0	
0	0	10	0	0	10	0	8	0	135	248	252	250	246	255	233	244	255	245	226	9	2	0	10	0	0	0	0	
8	2	0	0	0	3	40	75	212	241	255	255	245	244	143	245	255	244	248	77	0	5	14	0	0	0	0	0	
0	12	0	0	4	60	196	255	249	255	230	164	62	85	23	203	251	249	107	12	0	7	0	5	0	0	0	0	
2	14	0	7	94	208	255	244	255	161	50	42	74	188	229	248	255	169	5	3	3	0	18	0	0	0	0	0	
0	0	0	14	135	255	221	127	62	19	69	212	252	240	255	247	255	203	72	7	0	18	0	6	0	0	0	0	
2	0	8	0	15	63	33	5	0	0	100	250	255	195	192	255	235	254	234	179	24	7	0	0	0	0	0	0	
0	0	5	6	8	10	1	0	8	0	20	57	65	34	11	68	111	193	255	255	200	20	3	5	0	0	0	0	
0	7	0	2	3	0	8	0	0	0	5	0	15	0	2	1	0	19	150	255	251	141	0	5	0	0	0	0	
5	0	18	0	0	21	0	0	1	0	2	0	0	18	0	0	0	1	14	168	234	255	95	7	0	0	0	0	
2	0	0	17	0	0	18	0	13	30	9	8	0	0	14	0	0	1	0	17	255	232	254	2	0	0	0	0	
0	3	0	0	8	1	7	35	13	164	0	4	14	4	0	4	7	2	0	26	248	255	247	0	0	0	0	0	
5	0	0	5	0	0	84	226	204	20	0	0	0	5	3	0	0	0	43	164	252	248	226	12	0	0	0	0	
0	5	0	12	0	82	239	209	47	0	8	4	0	0	22	27	55	158	217	243	255	241	30	4	0	0	0	0	
0	10	0	0	74	242	255	133	38	1	0	68	70	156	144	254	255	250	249	255	220	46	17	1	0	0	0	0	
13	0	0	1	121	252	247	255	233	255	255	255	255	255	255	253	242	250	167	100	0	16	0	0	0	0	0	0	
0	12	0	0	72	186	245	253	255	254	250	244	251	217	112	104	5	1	0	12	0	0	2	4	0	0	0	0	
0	0	0	0	0	0	0	0	0	0	0	0	0	0	0	0	0	0	0	0	0	0	0	0	0	0	0	0	
0	0	0	0	0	0	0	0	0	0	0	0	0	0	0	0	0	0	0	0	0	0	0	0	0	0	0	0	
0	0	0	0	0	0	0	0	0	0	0	0	0	0	0	0	0	0	0	0	0	0	0	0	0	0	0	0	
0	0	0	0	0	0	0	0	0	0	0	0	0	0	0	0	0	0	0	0	0	0	0	0	0	0	0	0	
