2	0	0	7	3	0	7	0	0	3	8	1	0	1	1	0	0	4	0	8	0	4	0	0	0	0	0	0	
6	1	0	0	0	0	0	0	6	0	3	0	1	4	0	10	0	0	0	0	2	2	3	5	0	0	0	0	
0	0	0	0	0	2	0	0	0	0	5	0	0	8	0	0	0	2	13	0	14	0	0	0	0	0	0	0	
0	0	5	0	3	6	0	0	0	13	4	2	10	3	1	5	4	0	0	0	0	0	16	9	0	0	0	0	
0	0	7	0	0	0	0	12	10	31	12	68	122	133	202	250	248	255	253	149	0	0	8	0	0	0	0	0	
3	0	5	0	0	4	3	56	202	255	238	254	255	229	222	207	210	240	244	180	35	0	0	0	0	0	0	0	
2	0	6	0	1	6	8	84	255	241	165	86	59	28	0	10	83	252	255	86	0	5	18	0	0	0	0	0	
2	0	10	0	1	0	0	70	155	56	4	0	9	7	3	124	255	248	119	0	18	4	0	7	0	0	0	0	
0	0	0	0	0	0	0	0	9	0	0	5	0	0	185	246	215	44	0	18	0	2	8	0	0	0	0	0	
0	0	0	0	0	0	0	0	0	0	55	156	251	255	234	222	44	1	12	0	15	0	0	13	0	0	0	0	
0	0	0	0	0	0	0	0	3	20	209	255	254	196	145	0	0	0	0	24	0	1	8	0	0	0	0	0	
0	0	0	0	0	0	0	0	0	141	250	255	243	93	89	12	9	14	10	0	9	0	0	7	0	0	0	0	
0	0	0	0	0	0	0	0	2	255	250	254	251	236	251	221	209	99	59	0	0	33	0	1	0	0	0	0	
0	0	0	0	0	0	0	0	0	255	254	158	143	156	184	255	247	255	237	179	11	0	0	13	0	0	0	0	
0	0	0	0	0	0	0	0	28	0	8	0	2	0	2	3	84	209	249	252	232	54	7	0	0	0	0	0	
0	0	0	0	0	0	0	0	0	0	0	10	0	1	4	0	0	0	93	196	255	196	4	0	0	0	0	0	
0	1	2	8	0	0	3	0	0	73	28	6	0	1	5	0	0	9	1	19	254	255	23	9	0	0	0	0	
12	0	0	0	8	0	18	114	220	242	102	0	0	4	0	3	4	14	0	22	255	243	65	0	0	0	0	0	
0	3	8	0	0	12	155	245	240	87	0	0	20	0	0	2	0	10	0	38	231	255	42	0	0	0	0	0	
0	7	0	7	1	44	255	217	32	0	7	0	0	0	8	0	2	0	0	42	255	205	22	9	0	0	0	0	
2	0	0	18	0	18	249	242	206	41	0	10	10	0	3	0	0	25	9	214	255	106	0	0	0	0	0	0	
0	2	10	0	0	1	130	210	253	255	158	62	64	20	0	12	0	45	150	255	179	9	17	0	0	0	0	0	
0	0	1	0	11	17	0	17	94	207	253	255	239	226	218	191	224	238	253	192	25	7	0	6	0	0	0	0	
3	0	0	11	0	0	0	0	0	23	87	230	248	243	255	255	243	209	95	11	0	8	2	0	0	0	0	0	
0	0	0	0	0	0	0	0	0	0	0	0	0	0	0	0	0	0	0	0	0	0	0	0	0	0	0	0	
0	0	0	0	0	0	0	0	0	0	0	0	0	0	0	0	0	0	0	0	0	0	0	0	0	0	0	0	
0	0	0	0	0	0	0	0	0	0	0	0	0	0	0	0	0	0	0	0	0	0	0	0	0	0	0	0	
0	0	0	0	0	0	0	0	0	0	0	0	0	0	0	0	0	0	0	0	0	0	0	0	0	0	0	0	
