0	12	0	6	1	0	9	0	5	0	0	0	0	0	5	2	0	0	3	1	0	0	0	1	0	0	0	0	
0	0	0	2	0	10	3	0	0	4	3	0	0	2	3	0	7	4	0	0	0	0	0	0	0	0	0	0	
0	0	16	14	0	6	0	13	0	8	8	0	4	5	0	0	0	0	0	0	4	5	0	0	0	0	0	0	
16	0	0	0	0	5	0	0	0	0	0	0	0	0	0	9	0	0	0	3	4	1	0	0	0	0	0	0	
0	6	2	5	6	0	1	7	0	2	12	0	0	10	0	2	8	5	3	3	0	0	0	6	0	0	0	0	
0	17	0	0	84	122	220	255	255	247	240	168	112	98	42	0	0	0	0	0	3	0	0	0	0	0	0	0	
6	0	0	5	202	247	255	248	255	237	255	255	239	255	235	204	92	47	4	0	3	6	0	0	0	0	0	0	
0	0	10	0	204	248	251	253	241	180	231	255	247	255	250	250	255	166	51	0	0	0	1	0	0	0	0	0	
0	5	0	0	50	137	166	173	209	7	26	166	188	253	252	255	254	255	23	10	0	12	0	0	0	0	0	0	
1	1	4	0	6	17	8	19	26	0	0	0	19	70	154	240	252	234	73	1	0	0	15	1	0	0	0	0	
0	0	4	0	1	0	0	0	0	0	13	6	4	0	131	255	255	251	196	0	0	11	0	4	0	0	0	0	
4	2	2	0	0	10	1	10	0	32	0	0	28	194	251	235	245	255	125	1	2	0	3	1	0	0	0	0	
1	1	4	0	0	1	0	1	36	12	40	27	208	239	255	255	255	144	12	0	7	0	0	5	0	0	0	0	
0	0	4	9	7	0	0	43	255	255	255	255	255	255	233	246	223	0	13	1	0	16	0	3	0	0	0	0	
3	0	3	1	0	0	0	42	249	255	249	255	234	255	255	254	151	7	0	0	0	0	23	0	0	0	0	0	
0	1	6	0	0	10	1	9	76	227	237	245	255	246	250	255	241	108	3	0	11	6	0	0	0	0	0	0	
0	0	0	0	0	0	0	0	8	44	51	123	124	216	250	255	255	251	107	19	0	2	0	0	0	0	0	0	
0	0	0	0	0	0	0	0	0	2	0	19	5	40	232	238	247	241	201	0	1	12	0	0	0	0	0	0	
0	0	0	0	0	0	0	0	0	16	3	20	1	0	50	224	255	244	254	86	0	0	0	7	0	0	0	0	
0	0	0	0	0	0	0	0	16	0	101	255	255	76	0	42	210	255	239	232	74	3	5	3	0	0	0	0	
0	0	0	0	0	0	0	0	0	12	184	231	251	227	63	11	34	251	255	252	161	0	0	3	0	0	0	0	
0	0	0	0	0	0	0	0	0	15	80	255	255	255	233	176	75	239	255	246	203	50	0	0	0	0	0	0	
0	0	0	0	0	0	0	0	3	0	6	64	251	255	252	255	255	248	240	255	251	189	22	0	0	0	0	0	
0	0	0	0	0	0	0	0	6	0	1	0	103	184	229	248	251	250	255	251	255	194	0	4	0	0	0	0	
0	0	0	0	0	0	0	0	2	0	0	0	0	7	48	89	113	255	242	255	253	195	14	0	0	0	0	0	
0	0	0	0	0	0	0	0	0	0	3	8	2	0	2	17	0	8	0	5	0	13	0	0	0	0	0	0	
0	0	0	0	0	0	0	0	1	0	0	4	1	0	0	0	11	0	1	3	0	0	18	3	0	0	0	0	
0	0	0	0	0	0	0	0	7	0	0	0	0	0	3	9	6	1	9	0	21	0	0	0	0	0	0	0	
