0	0	0	0	0	0	0	0	0	10	2	0	0	5	10	0	0	5	0	0	11	0	4	5	0	0	0	0	
0	0	0	0	0	0	0	0	16	0	0	14	0	0	6	1	0	0	0	0	13	0	0	0	0	0	0	0	
0	0	0	0	0	0	0	0	0	9	0	10	0	0	0	0	2	0	11	0	9	0	7	7	0	0	0	0	
0	0	0	0	0	0	0	0	15	0	0	6	15	2	13	1	0	0	15	0	0	2	2	0	0	0	0	0	
0	0	0	0	0	0	0	0	0	0	21	0	0	31	154	165	189	153	138	37	0	4	0	0	0	0	0	0	
0	0	0	0	0	0	0	0	0	0	3	52	184	221	244	228	219	233	255	115	4	0	0	10	0	0	0	0	
0	0	0	0	0	0	0	0	14	10	67	210	233	93	0	7	0	96	243	128	3	0	0	3	0	0	0	0	
0	0	0	0	0	0	0	0	0	7	142	243	61	0	16	0	12	114	254	122	0	5	0	3	0	0	0	0	
0	9	4	0	1	10	0	7	0	11	41	19	0	5	0	5	154	234	159	13	6	0	0	0	0	0	0	0	
0	0	1	3	2	2	0	0	10	0	0	5	0	0	18	75	239	255	64	0	0	4	5	1	0	0	0	0	
5	0	8	7	0	2	8	9	0	8	9	0	0	18	149	255	215	80	1	5	18	0	0	9	0	0	0	0	
3	1	9	0	0	3	0	0	0	2	4	75	162	221	255	243	68	0	21	0	0	0	0	0	0	0	0	0	
0	3	0	0	12	0	0	31	89	177	232	255	248	242	255	255	232	186	45	11	8	19	4	3	0	0	0	0	
0	5	0	0	9	0	59	222	248	237	247	255	173	61	69	140	158	255	245	105	0	0	3	0	0	0	0	0	
3	5	2	0	0	1	85	249	221	184	106	9	0	12	12	0	1	62	234	247	139	6	0	6	0	0	0	0	
6	0	0	0	4	0	0	33	17	0	0	4	3	0	0	12	0	0	41	216	172	7	0	8	0	0	0	0	
0	0	0	0	0	0	0	0	0	0	10	2	0	8	2	0	0	3	5	210	234	5	7	0	0	0	0	0	
0	0	0	0	0	0	0	0	1	1	42	137	0	0	8	5	3	3	0	205	248	17	0	1	0	0	0	0	
0	0	0	0	0	0	0	0	6	0	154	147	0	7	0	2	5	0	3	203	204	17	0	7	0	0	0	0	
0	0	0	0	0	0	0	0	3	83	210	24	0	7	0	4	0	0	83	255	156	0	4	0	0	0	0	0	
0	0	0	0	0	0	0	0	0	189	163	2	0	0	0	0	0	38	175	255	107	0	1	0	0	0	0	0	
0	0	0	0	0	0	0	0	0	202	255	176	66	0	0	31	116	205	250	156	22	0	4	2	0	0	0	0	
0	0	0	0	0	0	0	0	13	77	203	237	248	225	214	213	242	239	195	47	0	4	0	0	0	0	0	0	
0	0	0	0	0	0	0	0	0	0	25	104	151	192	255	241	163	14	0	0	12	3	0	11	0	0	0	0	
0	0	0	0	0	0	0	0	0	0	0	0	0	0	0	0	0	0	0	0	0	0	0	0	0	0	0	0	
0	0	0	0	0	0	0	0	0	0	0	0	0	0	0	0	0	0	0	0	0	0	0	0	0	0	0	0	
0	0	0	0	0	0	0	0	0	0	0	0	0	0	0	0	0	0	0	0	0	0	0	0	0	0	0	0	
0	0	0	0	0	0	0	0	0	0	0	0	0	0	0	0	0	0	0	0	0	0	0	0	0	0	0	0	
