0	0	0	0	0	0	0	0	4	0	5	0	0	5	0	0	10	0	0	5	3	2	0	8	0	0	0	0	
0	0	0	0	0	0	0	0	0	4	6	0	0	13	0	0	2	0	1	0	0	10	0	0	0	0	0	0	
0	0	0	0	0	0	0	0	2	0	0	7	0	0	0	24	12	0	6	15	0	0	5	0	0	0	0	0	
0	0	0	0	0	0	0	0	0	0	2	1	0	16	0	0	0	12	12	0	0	10	0	9	0	0	0	0	
0	0	0	0	0	0	0	0	0	11	93	138	158	158	139	104	63	0	0	5	6	1	0	3	0	0	0	0	
0	0	0	0	0	0	0	0	0	89	221	255	255	255	255	255	223	70	11	15	0	0	2	0	0	0	0	0	
0	0	0	0	0	0	0	0	43	231	255	193	152	219	217	255	250	255	150	7	0	19	0	0	0	0	0	0	
0	0	0	0	0	0	0	0	131	209	94	33	7	56	45	211	253	254	255	147	7	0	6	2	0	0	0	0	
0	0	0	0	0	0	0	0	92	78	0	15	0	13	0	6	0	202	245	254	170	5	0	0	0	0	0	0	
0	0	0	0	0	0	0	0	0	2	11	0	0	0	4	0	10	4	223	245	208	14	0	22	0	0	0	0	
0	0	0	0	0	0	0	0	32	0	0	14	0	0	0	0	0	40	224	243	106	0	4	0	0	0	0	0	
0	0	0	0	0	0	0	0	0	11	6	0	0	13	0	9	1	242	255	255	87	21	20	0	0	0	0	0	
0	0	0	0	0	0	0	0	0	4	0	25	186	120	99	204	250	255	243	249	68	0	0	0	0	0	0	0	
0	0	0	0	0	0	0	0	0	0	0	80	241	251	248	255	255	255	133	24	0	23	2	7	0	0	0	0	
0	0	0	0	0	0	0	0	3	0	11	184	249	249	255	254	255	137	21	12	0	0	0	0	0	0	0	0	
0	0	0	0	0	0	0	0	0	11	0	102	255	243	255	248	247	7	0	0	0	0	17	0	0	0	0	0	
0	0	0	0	0	0	0	0	0	19	0	28	210	255	242	255	250	107	20	8	0	9	0	3	0	0	0	0	
0	0	0	0	0	0	0	0	0	0	0	3	12	32	101	254	255	246	77	0	2	2	5	0	0	0	0	0	
0	0	0	0	0	0	0	0	0	5	0	8	1	6	15	198	227	255	185	0	5	0	0	2	0	0	0	0	
0	0	0	0	0	0	0	0	3	0	7	0	0	0	19	75	213	238	221	58	0	7	5	0	0	0	0	0	
0	0	0	0	0	0	0	0	66	255	237	248	114	102	0	81	115	250	254	201	7	0	1	0	0	0	0	0	
0	0	0	0	0	0	0	0	143	240	250	255	237	255	243	241	242	255	207	84	2	0	10	8	0	0	0	0	
0	0	0	0	0	0	0	0	136	217	255	246	253	255	249	246	255	217	163	3	10	0	0	3	0	0	0	0	
0	0	0	0	0	0	0	0	0	55	232	253	251	250	203	113	98	76	0	0	0	2	0	0	0	0	0	0	
0	0	0	0	0	0	0	0	0	0	0	0	0	0	0	0	0	0	0	0	0	0	0	0	0	0	0	0	
0	0	0	0	0	0	0	0	0	0	0	0	0	0	0	0	0	0	0	0	0	0	0	0	0	0	0	0	
0	0	0	0	0	0	0	0	0	0	0	0	0	0	0	0	0	0	0	0	0	0	0	0	0	0	0	0	
0	0	0	0	0	0	0	0	0	0	0	0	0	0	0	0	0	0	0	0	0	0	0	0	0	0	0	0	
