0	7	0	0	13	5	0	0	14	0	0	0	4	0	0	0	9	0	0	2	0	5	0	2	0	0	0	0	
0	5	0	0	0	0	1	9	0	0	15	4	0	7	1	11	0	0	6	0	0	14	5	0	0	0	0	0	
0	0	1	0	0	0	0	3	0	14	0	8	7	0	8	0	21	0	2	15	3	0	0	10	0	0	0	0	
7	0	0	0	1	3	0	0	0	8	7	0	0	10	13	1	6	0	12	0	0	2	10	0	0	0	0	0	
7	0	0	0	3	4	0	20	9	60	109	254	243	102	98	94	45	0	0	0	7	7	6	0	0	0	0	0	
0	0	6	0	0	0	8	85	215	233	255	248	240	248	255	255	199	79	18	0	23	0	0	13	0	0	0	0	
0	0	6	0	3	0	6	123	252	255	250	255	255	251	255	238	255	228	139	0	0	0	5	0	0	0	0	0	
4	0	1	0	13	0	0	121	254	244	255	252	250	253	245	255	245	255	210	29	0	0	5	0	0	0	0	0	
0	0	2	2	0	0	2	13	164	236	206	105	167	216	255	246	255	246	250	74	5	0	0	0	0	0	0	0	
0	0	0	3	0	0	0	1	0	50	42	0	37	159	255	255	250	252	255	72	0	0	0	10	0	0	0	0	
0	0	0	3	3	0	0	0	7	2	0	117	220	255	238	255	249	255	89	0	13	0	20	0	0	0	0	0	
2	0	0	1	1	0	0	5	21	199	253	255	255	255	239	254	253	251	120	20	0	0	0	0	0	0	0	0	
2	1	0	0	0	0	10	23	198	242	255	255	243	248	255	254	245	255	246	179	55	20	0	0	0	0	0	0	
2	1	1	0	0	0	12	28	235	255	252	239	255	255	255	242	255	255	235	255	233	98	1	0	0	0	0	0	
1	0	0	1	0	0	4	14	164	250	255	245	253	184	152	176	237	249	252	255	255	191	17	10	0	0	0	0	
0	0	0	2	2	0	0	0	15	37	42	56	46	11	5	9	148	227	255	251	236	253	194	0	0	0	0	0	
0	0	4	0	0	12	7	22	5	11	0	0	4	0	0	6	10	34	248	255	246	255	212	0	0	0	0	0	
2	5	0	0	17	37	255	243	93	0	2	3	1	0	6	0	0	186	250	236	255	243	129	4	0	0	0	0	
0	16	0	4	0	111	255	254	181	15	0	0	17	0	13	85	241	249	255	249	250	180	5	2	0	0	0	0	
0	4	0	1	0	218	251	255	238	61	39	28	23	56	171	250	236	255	244	251	253	130	16	0	0	0	0	0	
17	0	1	0	0	130	255	232	245	255	255	243	255	243	236	255	252	255	255	233	122	6	0	7	0	0	0	0	
0	0	13	3	16	54	234	255	247	251	250	255	252	255	255	253	253	245	231	143	0	17	5	0	0	0	0	0	
0	7	4	0	0	13	71	193	255	241	247	243	255	249	246	254	226	202	44	25	3	0	0	20	0	0	0	0	
2	0	0	2	7	4	0	8	96	121	255	255	255	248	199	105	45	3	0	0	3	1	16	0	0	0	0	0	
0	0	0	0	0	0	0	0	0	0	0	0	0	0	0	0	0	0	0	0	0	0	0	0	0	0	0	0	
0	0	0	0	0	0	0	0	0	0	0	0	0	0	0	0	0	0	0	0	0	0	0	0	0	0	0	0	
0	0	0	0	0	0	0	0	0	0	0	0	0	0	0	0	0	0	0	0	0	0	0	0	0	0	0	0	
0	0	0	0	0	0	0	0	0	0	0	0	0	0	0	0	0	0	0	0	0	0	0	0	0	0	0	0	
