0	0	0	0	0	0	0	0	0	7	0	0	13	0	1	0	0	0	9	4	0	0	0	12	0	0	0	0	
0	0	0	0	0	0	0	0	0	6	0	2	0	9	0	4	0	0	0	0	3	9	0	0	0	0	0	0	
0	0	0	0	0	0	0	0	0	0	9	2	0	0	0	19	11	0	3	0	0	9	3	0	0	0	0	0	
0	0	0	0	0	0	0	0	13	0	0	8	8	3	0	0	0	0	10	3	0	0	2	1	0	0	0	0	
0	0	0	0	0	0	0	0	0	21	0	0	0	5	6	0	5	0	3	12	0	2	0	0	0	0	0	0	
0	0	0	0	0	0	0	0	0	8	9	10	131	200	255	249	109	19	0	1	0	4	1	0	0	0	0	0	
0	0	0	0	0	0	0	0	20	0	11	49	231	255	244	255	227	72	0	0	0	0	1	6	0	0	0	0	
0	0	0	0	0	0	0	0	0	11	121	253	255	216	93	249	255	86	0	6	4	0	0	5	0	0	0	0	
0	0	0	0	0	0	0	0	0	43	203	247	226	24	155	255	249	94	0	0	5	0	3	0	0	0	0	0	
0	0	0	0	0	0	0	0	38	204	250	191	11	44	244	245	236	59	20	0	10	5	0	5	0	0	0	0	
0	0	0	0	0	0	0	0	47	187	196	9	29	160	243	255	172	0	3	11	0	3	0	4	0	0	0	0	
0	0	0	0	0	0	0	0	3	11	0	0	244	255	255	241	54	0	0	0	4	0	18	7	0	0	0	0	
0	0	0	0	0	0	0	0	0	3	85	245	231	249	241	255	230	244	169	10	6	0	3	0	0	0	0	0	
0	0	0	0	0	0	0	0	12	83	244	243	253	255	255	255	255	255	240	156	28	12	5	4	0	0	0	0	
0	0	0	0	0	0	0	0	0	221	242	255	250	255	236	255	251	251	255	255	64	0	0	4	0	0	0	0	
0	0	0	0	0	0	0	0	81	172	255	247	143	43	0	0	4	165	245	252	228	2	19	0	0	0	0	0	
0	0	0	0	0	0	0	0	5	6	43	49	0	0	13	0	6	165	245	255	217	0	0	4	0	0	0	0	
0	0	0	0	0	0	0	0	0	8	0	4	8	7	0	14	0	163	255	240	142	3	3	0	0	0	0	0	
0	0	0	0	0	0	0	0	16	0	9	0	0	2	9	0	37	215	252	255	70	0	0	0	0	0	0	0	
0	0	0	0	0	0	0	0	0	7	18	0	2	0	0	57	200	255	236	138	20	3	6	2	0	0	0	0	
0	0	0	0	0	0	0	0	0	1	0	21	4	4	0	114	255	253	255	14	1	6	5	0	0	0	0	0	
0	0	0	0	0	0	0	0	14	0	6	0	0	23	147	249	251	246	180	21	3	0	5	0	0	0	0	0	
0	0	0	0	0	0	0	0	0	0	0	52	230	234	255	251	255	170	6	13	1	0	13	4	0	0	0	0	
0	0	0	0	0	0	0	0	3	7	25	213	255	253	239	239	168	21	10	0	1	6	0	4	0	0	0	0	
0	0	0	0	0	0	0	0	8	0	32	157	255	255	155	60	0	0	0	0	0	0	0	0	0	0	0	0	
0	0	0	0	0	0	0	0	1	0	0	7	3	0	0	11	0	0	0	0	0	0	0	0	0	0	0	0	
0	0	0	0	0	0	0	0	5	1	0	0	0	0	0	3	0	0	0	0	0	0	0	0	0	0	0	0	
0	0	0	0	0	0	0	0	0	0	0	4	8	9	3	0	0	0	0	0	0	0	0	0	0	0	0	0	
