0	0	1	0	1	0	13	0	0	3	6	5	3	1	0	0	0	3	0	0	1	0	0	3	0	0	0	0	
0	1	8	6	4	0	0	0	5	0	0	0	0	5	5	2	2	5	0	0	0	1	0	0	0	0	0	0	
13	1	0	0	0	10	0	3	0	0	0	2	7	4	0	0	2	5	2	0	0	3	2	0	0	0	0	0	
0	0	7	3	0	0	0	9	3	4	4	2	0	0	0	7	0	0	3	0	0	2	4	0	0	0	0	0	
6	0	0	0	5	4	0	0	0	0	0	5	2	0	0	0	0	0	0	3	0	0	6	0	0	0	0	0	
6	0	0	2	11	0	14	0	17	4	0	0	5	2	0	0	14	0	0	5	0	0	6	0	0	0	0	0	
0	0	7	0	0	14	198	255	255	232	199	181	179	194	228	255	52	3	0	6	0	0	6	0	0	0	0	0	
5	0	5	0	4	0	157	167	188	187	187	180	167	170	206	247	83	13	0	5	1	1	6	0	0	0	0	0	
0	0	0	0	0	0	0	0	0	0	6	3	0	8	196	230	19	10	0	0	0	1	2	0	0	0	0	0	
0	0	0	0	0	0	0	0	8	0	17	0	1	125	255	80	9	4	0	0	0	2	1	0	0	0	0	0	
0	0	0	0	0	0	0	0	0	0	0	1	92	253	144	8	0	0	0	0	2	3	0	0	0	0	0	0	
0	0	0	0	0	0	0	0	0	5	7	23	246	161	0	9	0	0	0	0	2	2	0	0	0	0	0	0	
0	0	0	0	0	0	0	0	4	3	0	125	255	49	16	0	1	0	0	0	0	0	0	0	0	0	0	0	
0	0	0	0	0	0	0	0	3	0	33	239	173	3	10	0	4	2	0	0	0	0	0	0	0	0	0	0	
0	0	0	0	0	0	0	0	0	0	143	255	175	7	0	10	1	1	1	0	0	0	0	0	0	0	0	0	
0	0	0	0	0	0	0	0	0	7	83	249	255	172	38	0	0	0	0	1	0	0	0	0	0	0	0	0	
0	0	0	0	0	0	0	0	0	4	10	95	207	255	254	200	78	35	4	0	0	0	7	2	0	0	0	0	
0	0	0	0	0	0	0	0	11	0	0	0	52	130	202	255	255	255	91	22	0	2	0	4	0	0	0	0	
0	0	0	0	0	0	0	0	0	0	7	0	0	0	0	43	122	239	255	185	45	0	0	0	0	0	0	0	
0	0	0	0	0	0	0	0	8	0	3	0	6	5	0	12	9	0	196	247	255	56	5	2	0	0	0	0	
0	0	0	0	0	0	0	0	0	8	0	1	4	0	0	0	7	0	8	208	253	161	1	9	0	0	0	0	
0	0	0	0	0	0	0	0	0	12	0	0	2	0	16	8	4	3	22	226	245	74	0	0	0	0	0	0	
0	0	0	0	0	0	0	0	0	3	0	4	10	0	0	0	0	129	216	232	95	0	10	0	0	0	0	0	
0	0	0	0	0	0	0	0	6	0	5	0	0	0	6	62	230	245	208	31	0	0	0	0	0	0	0	0	
0	0	0	0	0	0	0	0	2	0	13	0	0	55	138	255	190	79	0	0	9	0	0	5	0	0	0	0	
0	0	0	0	0	0	0	0	11	0	0	1	125	248	174	53	0	0	0	3	5	1	0	0	0	0	0	0	
0	0	0	0	0	0	0	0	4	0	10	0	0	10	0	1	0	6	9	0	0	2	7	0	0	0	0	0	
0	0	0	0	0	0	0	0	0	0	6	3	3	7	0	0	9	1	0	0	5	5	0	0	0	0	0	0	
