0	0	0	0	0	0	0	0	4	4	0	0	5	0	0	4	0	15	0	0	13	4	4	0	0	0	0	0	
0	0	0	0	0	0	0	0	0	16	3	0	7	0	0	1	13	8	6	0	0	0	0	12	0	0	0	0	
0	0	0	0	0	0	0	0	25	0	2	4	0	19	6	0	0	0	10	0	6	6	0	2	0	0	0	0	
0	0	0	0	0	0	0	0	0	8	12	0	0	0	0	5	12	5	11	2	0	6	0	3	0	0	0	0	
0	0	0	0	0	0	0	0	0	11	0	4	7	58	141	62	0	2	0	8	0	4	0	0	0	0	0	0	
0	0	0	0	0	0	0	0	0	0	10	75	193	255	245	240	244	187	38	4	0	0	0	10	0	0	0	0	
0	0	0	0	0	0	0	0	8	27	179	246	255	249	185	218	251	255	156	28	3	7	0	0	0	0	0	0	
0	0	0	0	0	0	0	0	97	230	255	240	152	39	27	14	92	242	255	54	0	0	2	0	0	0	0	0	
0	0	2	1	0	2	0	35	228	236	185	39	0	9	2	0	0	223	255	54	1	0	0	5	0	3	5	3	
3	3	0	0	0	0	59	178	248	203	17	0	16	0	2	0	7	222	255	45	10	0	5	0	0	0	0	0	
0	4	0	6	8	0	121	249	246	83	0	13	0	6	0	1	69	247	239	53	5	5	2	1	2	0	0	0	
0	3	0	0	0	38	224	255	87	0	2	0	0	27	0	31	190	255	255	65	91	1	16	0	4	1	0	2	
0	0	3	0	0	123	255	169	24	12	4	0	21	0	199	255	250	249	242	255	255	164	50	14	0	0	1	5	
0	0	12	3	0	197	238	30	0	0	12	8	7	255	255	246	255	255	240	239	255	255	149	2	0	0	0	2	
11	0	0	0	0	248	215	21	10	0	0	0	165	239	252	254	245	141	58	147	153	255	250	242	15	1	0	0	
4	0	0	8	0	250	150	0	0	2	7	0	111	252	255	249	103	14	0	0	37	157	255	239	37	12	0	0	
1	6	0	0	12	240	240	74	0	5	0	0	20	160	85	24	0	11	0	0	7	31	228	240	235	14	0	0	
0	0	2	0	3	255	255	116	5	0	2	0	0	15	0	0	7	0	16	25	0	5	200	255	140	0	0	3	
0	1	8	0	0	249	184	12	0	0	19	13	1	0	0	4	0	0	0	0	62	199	253	223	38	0	4	5	
9	3	0	0	4	250	255	147	5	4	0	4	0	6	5	0	5	4	1	46	161	255	232	208	0	0	3	3	
0	0	11	11	7	132	246	246	191	137	49	49	35	37	46	30	43	95	166	241	239	229	117	0	0	9	0	2	
9	0	0	5	0	8	160	255	250	252	246	252	255	242	245	203	238	255	249	238	127	32	1	4	0	7	0	5	
2	0	0	13	8	0	17	80	218	233	242	251	246	255	255	250	252	234	121	23	0	0	4	4	0	2	0	4	
0	9	1	0	3	12	0	12	4	2	20	127	113	127	97	129	66	4	0	8	0	1	7	0	0	2	2	0	
0	0	0	0	0	0	0	0	0	0	0	0	0	0	0	0	0	0	0	0	0	0	0	0	0	0	0	0	
0	0	0	0	0	0	0	0	0	0	0	0	0	0	0	0	0	0	0	0	0	0	0	0	0	0	0	0	
0	0	0	0	0	0	0	0	0	0	0	0	0	0	0	0	0	0	0	0	0	0	0	0	0	0	0	0	
0	0	0	0	0	0	0	0	0	0	0	0	0	0	0	0	0	0	0	0	0	0	0	0	0	0	0	0	
