0	0	0	0	0	0	0	0	0	1	0	0	2	2	0	5	1	0	5	20	0	0	15	0	0	0	0	0	
0	0	0	0	0	0	0	0	0	9	6	1	0	5	0	0	0	9	0	0	15	5	0	9	0	0	0	0	
0	0	0	0	0	0	0	0	1	7	0	0	0	11	2	0	1	5	17	1	0	7	7	0	0	0	0	0	
0	0	0	0	0	0	0	0	0	0	0	11	2	0	0	11	1	0	0	0	0	6	0	6	0	0	0	0	
0	0	0	0	0	0	0	0	4	13	7	0	2	31	120	218	145	25	0	16	2	0	8	0	0	0	0	0	
0	0	0	0	0	0	0	0	3	0	0	11	176	248	255	255	250	220	63	0	24	5	0	12	0	0	0	0	
0	0	0	0	0	0	0	0	0	9	14	16	204	247	255	249	250	255	103	0	0	0	10	4	0	0	0	0	
0	0	0	0	0	0	0	0	0	1	0	0	193	211	224	229	252	253	92	12	14	0	4	0	0	0	0	0	
0	0	0	0	0	0	0	0	0	0	0	0	94	27	121	204	252	255	100	0	10	0	0	13	0	0	0	0	
0	0	0	0	0	0	0	0	0	6	6	0	7	130	240	255	251	219	10	1	0	5	7	0	0	0	0	0	
0	0	0	0	0	0	0	0	0	5	0	0	34	196	242	255	216	58	0	6	0	1	8	0	0	0	0	0	
0	0	0	0	0	0	0	0	4	0	4	7	180	255	255	237	87	0	12	1	0	1	0	6	0	0	0	0	
0	0	0	0	0	0	0	0	16	0	10	0	196	235	249	153	0	16	0	0	0	13	0	5	0	0	0	0	
0	0	0	0	0	0	0	0	0	0	0	0	205	255	255	231	102	0	2	2	0	7	0	0	0	0	0	0	
0	0	0	0	0	0	0	0	0	22	3	8	174	255	237	255	233	0	15	5	0	0	6	0	0	0	0	0	
0	0	0	0	0	0	0	0	3	0	3	0	96	253	255	255	234	74	0	1	3	0	1	0	0	0	0	0	
0	0	0	8	0	0	3	0	0	14	0	0	11	92	235	255	255	85	3	0	2	0	9	1	0	0	0	0	
4	0	0	1	0	0	6	0	0	0	3	0	0	12	120	253	232	37	0	3	2	6	4	0	0	0	0	0	
4	0	0	0	0	3	0	0	10	0	20	13	28	134	228	252	206	9	0	2	0	5	2	0	0	0	0	0	
0	0	5	0	1	2	0	0	0	32	56	176	255	252	252	250	130	0	0	0	0	0	2	1	0	0	0	0	
0	0	10	0	0	0	0	32	148	230	255	255	247	255	249	130	16	0	0	1	14	0	2	0	0	0	0	0	
2	0	9	0	0	0	9	79	242	255	253	240	255	216	83	10	0	9	0	0	15	0	4	0	0	0	0	0	
5	0	6	0	0	0	10	102	255	252	255	214	121	29	0	3	1	11	6	0	3	0	5	4	0	0	0	0	
3	0	5	1	6	0	1	98	251	218	74	2	2	1	16	0	9	0	7	0	2	2	3	0	0	0	0	0	
0	0	0	0	0	0	0	0	0	0	0	0	0	0	0	0	0	0	0	0	0	0	0	0	0	0	0	0	
0	0	0	0	0	0	0	0	0	0	0	0	0	0	0	0	0	0	0	0	0	0	0	0	0	0	0	0	
0	0	0	0	0	0	0	0	0	0	0	0	0	0	0	0	0	0	0	0	0	0	0	0	0	0	0	0	
0	0	0	0	0	0	0	0	0	0	0	0	0	0	0	0	0	0	0	0	0	0	0	0	0	0	0	0	
