0	0	0	0	0	0	0	0	0	3	0	3	0	10	0	5	7	1	0	2	0	0	0	7	0	0	0	0	
0	0	0	0	0	0	0	0	11	0	0	8	4	0	16	0	0	0	0	1	4	1	0	0	0	0	0	0	
0	0	0	0	0	0	0	0	1	0	0	4	5	0	12	7	0	0	0	0	2	4	1	0	0	0	0	0	
0	0	0	0	0	0	0	0	0	6	0	0	2	0	0	6	1	4	2	0	0	1	2	0	0	0	0	0	
0	0	0	0	0	0	0	0	4	4	0	0	4	0	23	0	0	2	4	0	0	0	0	1	0	0	0	0	
0	0	0	0	0	0	0	0	3	0	1	2	0	11	178	104	0	0	0	5	3	0	0	0	0	0	0	0	
0	0	0	0	0	0	0	0	0	0	4	0	10	116	255	239	17	2	0	4	6	0	0	1	0	0	0	0	
0	0	0	0	0	0	0	0	0	10	0	0	48	248	237	255	49	15	0	0	4	0	0	7	0	0	0	0	
0	0	0	0	0	0	0	0	12	0	5	15	223	255	249	253	149	0	1	2	0	4	8	0	0	0	0	0	
0	0	0	0	0	0	0	0	0	4	8	175	255	233	158	255	203	12	0	0	0	0	3	4	0	0	0	0	
0	0	0	0	0	0	0	0	2	0	96	255	252	43	98	235	229	13	0	0	8	0	0	2	0	0	0	0	
0	0	0	0	0	0	0	0	9	11	240	237	202	14	7	255	245	37	0	0	13	0	0	0	0	0	0	0	
0	0	0	0	0	0	0	0	0	118	244	255	13	3	21	242	255	99	8	0	0	0	4	4	0	0	0	0	
0	0	0	0	0	0	0	0	8	217	254	216	70	143	90	255	255	148	9	0	0	0	6	0	0	0	0	0	
0	0	0	0	0	0	0	0	57	246	253	254	255	240	255	248	239	185	0	6	4	1	2	0	0	0	0	0	
0	0	0	0	0	0	0	0	19	240	247	211	175	108	136	255	255	225	0	2	0	0	0	0	0	0	0	0	
0	0	0	0	0	0	0	0	0	0	7	0	8	0	6	122	250	237	0	0	10	1	0	0	0	0	0	0	
0	0	0	0	0	0	0	0	4	0	5	0	3	0	0	80	246	241	32	1	0	0	0	11	0	0	0	0	
0	0	0	0	0	0	0	0	8	0	3	0	0	0	0	34	255	245	72	0	0	2	2	0	0	0	0	0	
0	0	0	0	0	0	0	0	6	0	4	1	0	3	0	12	255	255	128	0	0	10	5	0	0	0	0	0	
0	0	0	0	0	0	0	0	2	0	5	4	0	4	6	5	205	255	191	9	0	0	5	5	0	0	0	0	
0	0	0	0	0	0	0	0	0	0	4	3	0	0	4	2	133	255	210	8	0	1	1	0	0	0	0	0	
0	0	0	0	0	0	0	0	0	2	0	1	0	0	0	0	72	249	216	10	0	8	0	0	0	0	0	0	
0	0	0	0	0	0	0	0	0	4	0	1	7	0	0	0	32	255	246	33	0	2	0	8	0	0	0	0	
0	0	0	0	0	0	0	0	0	0	0	0	0	0	0	0	15	228	162	0	8	7	0	9	0	0	0	0	
0	0	0	0	0	0	0	0	0	0	0	0	0	0	0	0	0	16	9	1	0	0	15	0	0	0	0	0	
0	0	0	0	0	0	0	0	0	0	0	0	0	0	0	0	3	0	0	2	1	0	5	0	0	0	0	0	
0	0	0	0	0	0	0	0	0	0	0	0	0	0	0	0	0	25	4	0	12	4	0	5	0	0	0	0	
