0	0	0	0	0	0	0	0	0	0	0	0	0	0	0	0	2	2	0	0	0	0	0	0	2	3	0	0	
0	0	0	0	0	0	0	0	0	0	0	0	0	0	0	0	2	1	0	0	0	0	0	0	1	1	1	1	
0	0	0	0	0	0	0	0	0	0	0	0	0	0	0	0	2	1	0	0	0	0	0	0	0	0	0	1	
0	0	0	0	0	0	0	0	0	0	0	0	0	0	0	0	1	1	0	0	0	0	0	1	5	0	0	1	
0	0	0	0	0	0	0	0	0	0	0	0	0	0	0	0	1	0	0	0	0	0	1	1	5	2	2	3	
0	0	0	0	0	0	0	0	0	0	0	0	0	0	0	0	0	0	0	0	0	0	1	2	0	0	0	0	
0	0	0	0	0	0	0	0	0	0	0	0	0	0	0	0	0	0	0	0	0	0	1	2	4	13	12	0	
0	0	0	0	0	0	0	0	0	0	0	0	0	0	0	0	0	0	0	0	0	0	2	2	58	62	44	9	
0	9	0	6	11	0	0	0	0	0	1	21	7	158	230	70	0	0	0	1	2	56	197	242	255	226	128	18	
0	12	0	0	0	0	12	9	2	2	0	17	237	255	218	21	1	12	17	0	139	244	255	173	57	34	8	0	
1	0	0	1	0	0	8	0	0	24	0	193	255	199	37	0	1	0	4	184	250	252	67	21	2	0	0	4	
8	0	0	10	6	0	0	0	3	0	130	255	223	28	0	8	0	22	222	252	218	31	9	0	10	8	4	0	
3	0	3	3	0	0	2	13	10	58	226	244	82	5	0	0	2	135	255	241	177	138	108	0	0	1	4	0	
0	5	4	0	2	12	0	0	28	196	255	168	6	29	29	100	201	255	255	247	255	255	161	8	3	4	5	6	
0	3	0	0	13	12	0	27	224	255	220	198	204	255	236	255	254	250	186	93	55	29	16	0	2	0	0	0	
0	0	4	1	5	0	15	150	255	235	255	251	255	171	255	255	211	53	12	0	14	0	0	3	0	2	3	0	
9	0	0	12	0	0	22	189	251	175	98	52	0	135	255	225	29	12	0	0	3	2	0	0	0	0	0	0	
0	0	0	0	7	7	0	37	15	1	0	7	130	238	199	88	11	1	0	0	3	2	0	0	0	0	0	0	
0	8	9	0	2	2	0	0	20	0	23	86	229	215	71	0	0	0	0	0	3	1	0	0	0	0	0	0	
0	4	9	0	2	0	13	9	0	0	96	233	249	110	2	0	0	0	2	4	2	0	0	0	0	0	0	0	
1	0	0	0	14	0	3	0	4	56	169	255	146	0	0	18	2	4	5	2	0	0	0	1	0	0	0	0	
0	1	3	0	8	0	0	3	42	202	255	243	98	6	0	0	0	1	1	0	0	0	3	2	0	0	0	0	
0	7	11	0	0	1	0	65	199	255	226	110	19	0	0	0	0	0	0	0	0	3	4	0	0	0	0	0	
2	0	0	0	0	4	0	99	249	134	60	0	0	4	2	3	0	2	2	0	1	6	3	0	0	0	0	0	
0	0	0	0	0	0	0	0	0	0	0	0	0	0	0	0	0	0	0	0	0	0	0	0	0	0	0	0	
0	0	0	0	0	0	0	0	0	0	0	0	0	0	0	0	0	0	0	0	0	0	0	0	0	0	0	0	
0	0	0	0	0	0	0	0	0	0	0	0	0	0	0	0	0	0	0	0	0	0	0	0	0	0	0	0	
0	0	0	0	0	0	0	0	0	0	0	0	0	0	0	0	0	0	0	0	0	0	0	0	0	0	0	0	
