0	0	0	0	0	0	0	0	2	4	0	1	7	0	0	3	0	11	0	3	1	1	0	4	0	0	0	0	
0	0	0	0	0	0	0	0	0	4	0	0	0	6	9	0	0	2	0	1	5	6	0	1	0	0	0	0	
0	0	0	0	0	0	0	0	0	0	5	2	0	3	3	0	8	0	0	0	0	2	0	3	0	0	0	0	
0	0	0	0	0	0	0	0	1	0	6	10	0	0	0	3	0	0	6	3	6	1	0	0	0	0	0	0	
0	0	0	0	0	0	0	0	11	0	1	0	0	5	0	5	1	9	0	0	0	0	4	7	0	0	0	0	
0	0	0	0	0	0	0	0	1	0	5	0	2	13	0	0	0	18	0	2	13	3	2	0	0	0	0	0	
0	0	0	0	0	0	0	0	0	0	7	0	7	2	0	77	250	229	30	5	0	0	2	2	0	0	0	0	
0	0	0	0	0	0	0	0	8	0	0	0	1	0	44	234	253	235	0	0	0	2	7	0	0	0	0	0	
0	3	2	0	0	5	3	0	5	0	11	0	0	2	181	255	255	190	2	0	11	0	11	0	0	0	0	0	
1	4	3	0	0	0	0	0	4	2	0	3	8	140	254	248	251	190	3	0	0	17	1	0	0	0	0	0	
0	4	3	0	0	0	1	2	0	14	0	0	114	255	255	213	255	220	11	15	0	0	2	0	0	0	0	0	
0	1	1	0	0	2	4	4	11	0	23	85	255	236	129	135	255	147	8	0	9	12	0	16	0	0	0	0	
2	0	0	0	4	4	1	0	0	0	78	255	247	137	9	134	248	161	0	0	11	0	0	0	0	0	0	0	
3	0	0	0	1	0	0	0	0	111	251	254	153	3	9	211	255	148	6	10	63	135	27	0	0	0	0	0	
1	0	1	2	0	0	1	11	59	247	253	226	18	1	0	213	241	166	36	111	209	255	120	11	0	0	0	0	
0	0	5	4	0	0	12	32	235	246	255	250	168	112	136	245	255	252	251	255	252	182	38	0	0	0	0	0	
2	0	0	0	9	0	10	116	255	180	164	240	248	254	253	252	255	230	243	150	59	12	0	0	0	0	0	0	
0	1	3	0	8	0	0	58	144	50	0	31	111	170	242	244	190	40	0	0	6	0	0	5	0	0	0	0	
0	3	8	0	3	4	0	5	0	2	14	0	0	10	193	255	95	5	0	6	13	2	0	11	0	0	0	0	
4	1	4	0	0	4	1	0	6	0	0	0	0	50	238	251	18	0	7	0	0	3	0	0	0	0	0	0	
6	0	0	4	0	0	7	2	0	0	0	14	1	124	255	181	10	0	0	0	0	7	2	7	0	0	0	0	
1	0	0	9	2	0	4	2	1	3	0	3	0	183	255	64	0	2	4	13	0	0	0	0	0	0	0	0	
0	4	0	5	4	0	2	0	2	14	0	0	8	216	248	49	0	10	0	0	0	16	8	0	0	0	0	0	
0	14	0	0	1	0	7	0	2	0	0	9	91	255	221	5	0	9	0	13	0	0	0	5	0	0	0	0	
0	0	0	0	0	0	0	0	3	0	2	5	151	255	127	5	0	0	0	0	0	0	0	0	0	0	0	0	
0	0	0	0	0	0	0	0	2	2	0	0	163	230	80	0	0	0	0	0	0	0	0	0	0	0	0	0	
0	0	0	0	0	0	0	0	0	5	15	0	0	9	0	2	0	0	0	0	0	0	0	0	0	0	0	0	
0	0	0	0	0	0	0	0	22	0	0	8	0	0	13	0	0	0	0	0	0	0	0	0	0	0	0	0	
