0	0	0	0	0	0	0	0	7	0	0	0	0	0	5	0	0	5	3	0	0	4	11	0	0	0	0	0	
0	0	0	0	0	0	0	0	0	0	12	12	1	1	2	0	2	2	0	0	0	0	4	0	0	0	0	0	
0	0	0	0	0	0	0	0	12	0	0	0	0	8	7	0	3	1	0	0	3	0	0	5	0	0	0	0	
0	0	0	0	0	0	0	0	0	0	7	11	0	0	0	0	0	2	5	0	4	1	0	5	0	0	0	0	
0	0	0	0	0	0	0	0	5	0	0	3	1	0	5	7	0	0	10	0	0	7	0	3	0	0	0	0	
0	0	0	0	0	0	0	0	3	0	0	0	0	1	2	0	19	0	6	0	0	9	0	2	0	0	0	0	
0	0	0	0	0	0	0	0	0	12	8	0	15	120	226	255	81	0	0	1	0	6	0	2	0	0	0	0	
0	0	0	0	0	0	0	0	0	5	0	5	95	230	255	239	139	12	0	7	0	2	0	1	0	0	0	0	
0	0	0	0	0	0	0	0	7	0	12	64	222	255	255	252	105	0	0	26	188	83	0	7	0	0	0	0	
0	0	0	0	0	0	0	0	0	8	99	252	255	255	245	73	4	0	45	215	253	178	0	0	0	0	0	0	
0	0	0	0	0	0	0	0	4	160	247	247	242	240	86	0	17	3	108	241	255	190	0	18	0	0	0	0	
0	0	0	0	0	0	0	0	148	246	246	255	248	79	0	14	0	137	255	255	240	119	3	0	0	0	0	0	
0	0	0	0	0	0	0	0	166	255	253	248	247	188	112	0	86	245	251	253	127	0	11	0	0	0	0	0	
0	0	0	0	0	0	0	0	45	184	247	255	243	255	234	223	250	253	252	216	72	0	8	0	0	0	0	0	
0	0	0	0	0	0	0	0	0	25	21	116	116	131	253	250	255	250	252	62	0	9	0	0	0	0	0	0	
0	0	0	0	0	0	0	0	3	0	0	0	6	0	143	247	246	255	120	0	4	4	0	7	0	0	0	0	
0	0	0	0	0	0	0	0	0	3	0	7	8	10	157	255	248	239	23	0	0	4	0	5	0	0	0	0	
0	0	0	0	0	0	0	0	0	2	2	0	0	35	255	246	255	212	3	0	25	0	0	0	0	0	0	0	
0	0	0	0	0	0	0	0	3	0	0	12	47	254	255	248	200	17	3	0	0	8	7	0	0	0	0	0	
0	0	0	0	0	0	0	0	1	0	9	16	151	255	249	237	87	0	0	0	10	0	6	0	0	0	0	0	
0	0	0	0	0	0	0	0	0	12	0	170	255	251	255	69	13	9	4	8	8	0	6	0	0	0	0	0	
0	0	0	0	0	0	0	0	10	0	93	220	255	242	190	40	0	0	7	0	0	11	14	0	0	0	0	0	
0	0	0	0	0	0	0	0	0	22	157	249	240	255	28	1	0	39	0	0	21	0	4	0	0	0	0	0	
0	0	0	0	0	0	0	0	0	130	245	255	255	61	15	0	9	0	13	3	0	0	0	3	0	0	0	0	
0	0	0	0	0	0	0	0	6	106	255	255	119	4	0	0	0	0	0	0	0	0	0	0	0	0	0	0	
0	0	0	0	0	0	0	0	0	124	229	153	14	0	19	0	0	0	0	0	0	0	0	0	0	0	0	0	
0	0	0	0	0	0	0	0	7	0	1	6	1	2	0	0	0	0	0	0	0	0	0	0	0	0	0	0	
0	0	0	0	0	0	0	0	0	0	0	2	1	0	1	17	0	0	0	0	0	0	0	0	0	0	0	0	
