0	0	0	0	0	0	0	0	2	0	6	1	0	6	8	0	0	11	1	3	4	0	0	0	0	0	0	0	
0	0	0	0	0	0	0	0	9	0	1	9	3	0	0	2	8	0	0	0	0	9	5	8	0	0	0	0	
0	0	0	0	0	0	0	0	6	0	0	2	1	0	0	1	5	0	8	0	19	0	0	0	0	0	0	0	
0	0	0	0	0	0	0	0	0	6	0	0	0	0	5	1	0	29	0	1	0	6	0	18	0	0	0	0	
0	0	0	0	0	0	0	0	0	4	0	8	3	0	6	0	0	0	29	0	0	14	0	0	0	0	0	0	
0	0	0	0	0	0	0	0	6	0	0	14	0	0	12	2	9	5	0	0	0	58	255	217	0	0	0	0	
0	0	0	0	0	0	0	0	2	0	0	4	0	33	111	87	1	0	3	21	13	222	235	232	0	0	0	0	
0	0	0	0	0	0	0	0	0	10	4	0	3	124	253	211	0	13	0	19	192	255	210	50	0	0	0	0	
0	0	0	0	0	0	0	0	0	0	7	0	7	196	246	230	26	0	5	158	255	255	58	9	0	0	0	0	
0	0	0	0	0	0	0	0	0	11	0	0	69	246	255	165	0	10	8	221	246	183	2	1	0	0	0	0	
0	0	0	0	0	0	0	0	4	0	7	19	214	255	235	24	16	0	205	249	255	63	15	0	0	0	0	0	
0	0	0	0	0	0	0	0	0	0	3	133	248	237	131	4	0	75	244	255	79	11	0	2	0	0	0	0	
0	0	0	0	0	0	0	0	5	1	59	230	255	201	55	9	6	230	253	208	55	0	6	16	0	0	0	0	
0	0	0	0	0	0	0	0	0	50	187	249	232	66	0	0	99	255	239	118	31	0	0	0	0	0	0	0	
0	0	0	0	0	0	0	0	39	174	250	255	112	24	50	115	246	238	227	10	0	0	3	5	0	0	0	0	
0	0	0	0	0	0	0	0	168	254	255	255	216	199	255	254	252	255	186	0	7	11	0	6	0	0	0	0	
10	0	0	0	7	0	0	77	255	247	255	250	255	246	241	255	255	235	255	73	0	0	7	0	0	0	0	0	
0	0	7	0	2	1	14	106	249	250	254	222	255	255	255	248	244	89	45	0	10	6	2	0	0	0	0	0	
0	0	11	0	0	0	7	77	191	187	80	39	105	232	255	241	69	0	0	0	11	0	0	4	0	0	0	0	
4	0	3	0	0	0	0	14	0	7	1	0	190	255	253	105	0	0	5	6	0	0	11	1	0	0	0	0	
1	0	0	0	5	8	0	0	2	4	2	78	247	255	158	0	14	6	0	0	0	2	6	0	0	0	0	0	
0	0	3	1	0	1	3	3	0	4	0	219	243	249	65	0	0	5	6	8	2	0	0	0	0	0	0	0	
1	2	3	3	0	0	2	1	6	0	123	255	255	122	14	0	0	7	8	0	0	9	10	4	0	0	0	0	
2	0	0	5	2	0	5	0	1	11	220	253	233	25	0	3	2	0	6	0	11	0	0	2	0	0	0	0	
0	0	0	0	0	0	0	0	5	10	187	245	199	8	3	0	0	0	0	0	0	0	0	0	0	0	0	0	
0	0	0	0	0	0	0	0	0	0	22	7	2	0	10	0	0	0	0	0	0	0	0	0	0	0	0	0	
0	0	0	0	0	0	0	0	11	0	0	0	0	8	16	6	0	0	0	0	0	0	0	0	0	0	0	0	
0	0	0	0	0	0	0	0	0	0	0	14	4	0	0	0	0	0	0	0	0	0	0	0	0	0	0	0	
