0	0	0	0	0	0	0	0	0	0	0	3	4	0	0	4	0	0	0	0	0	0	0	0	0	0	0	0	
0	0	0	0	0	0	0	0	3	0	0	4	4	0	0	2	0	0	0	0	0	0	0	0	0	0	0	0	
0	0	0	0	0	0	0	0	0	0	0	0	0	0	0	0	0	0	0	0	0	0	0	0	0	0	0	0	
0	0	0	0	0	0	0	0	0	0	0	0	0	0	0	1	0	0	0	0	0	0	0	0	0	0	0	0	
0	0	0	0	0	0	0	0	2	2	1	0	0	1	2	2	0	0	0	0	0	0	0	0	0	0	0	0	
0	0	0	0	0	0	0	0	1	3	1	0	0	0	0	0	0	0	0	0	0	0	0	0	0	0	0	0	
0	0	0	0	0	0	0	0	0	0	0	0	0	3	6	4	0	0	0	0	0	0	0	0	0	0	0	0	
0	0	0	0	0	0	0	0	0	2	3	2	6	17	22	21	0	0	0	0	0	0	0	0	0	0	0	0	
0	0	12	1	0	10	0	5	6	0	9	4	72	189	247	75	0	14	0	8	6	9	0	3	13	2	12	0	
0	13	0	0	0	0	0	0	4	27	0	78	238	255	249	50	4	0	15	0	0	0	1	87	163	234	0	0	
0	8	0	10	12	5	2	4	0	0	193	251	253	225	108	0	0	24	0	0	15	10	127	250	255	226	0	13	
7	0	9	6	0	0	0	9	89	238	254	237	246	85	0	0	16	0	3	0	16	152	249	246	190	37	0	18	
2	0	10	1	0	0	46	107	247	251	223	65	3	10	0	11	0	0	21	8	204	255	245	126	26	0	0	0	
0	4	0	5	4	12	200	249	255	97	42	32	17	17	8	7	0	11	13	204	255	242	110	6	0	7	1	0	
7	8	0	1	1	0	245	255	251	255	255	251	241	252	247	194	162	119	220	252	250	99	2	6	13	0	9	5	
4	0	12	0	2	4	235	245	253	252	249	255	255	255	241	255	255	237	255	242	24	0	28	0	0	0	4	0	
0	0	0	11	0	0	32	92	122	65	103	111	87	181	244	253	254	255	197	75	0	0	7	0	0	0	0	0	
5	0	0	1	0	0	1	16	0	5	1	0	11	57	219	250	251	130	19	0	3	0	0	8	0	0	0	0	
0	3	0	0	1	5	0	0	0	2	6	16	50	187	255	238	91	24	0	0	10	0	0	6	0	0	0	0	
0	4	6	0	0	6	7	0	19	0	2	50	251	255	232	164	3	0	0	0	3	5	2	0	0	0	0	0	
1	2	2	0	0	0	0	5	0	10	5	140	245	255	232	91	2	0	0	0	3	1	0	0	0	0	0	0	
7	0	0	0	3	0	0	0	10	0	0	39	136	30	7	0	0	0	10	9	0	0	0	0	0	0	0	0	
3	0	0	2	6	4	1	1	0	0	2	0	0	20	0	2	10	6	0	0	0	10	10	0	0	0	0	0	
0	6	8	1	0	0	1	5	0	14	1	0	6	0	0	2	0	0	0	11	6	0	0	6	0	0	0	0	
0	0	0	0	0	0	0	0	0	0	0	0	0	0	0	0	0	0	0	0	0	0	0	0	0	0	0	0	
0	0	0	0	0	0	0	0	0	0	0	0	0	0	0	0	0	0	0	0	0	0	0	0	0	0	0	0	
0	0	0	0	0	0	0	0	0	0	0	0	0	0	0	0	0	0	0	0	0	0	0	0	0	0	0	0	
0	0	0	0	0	0	0	0	0	0	0	0	0	0	0	0	0	0	0	0	0	0	0	0	0	0	0	0	
