0	0	0	0	0	0	0	0	0	6	2	0	0	0	0	0	0	0	3	8	3	0	0	0	0	0	0	0	
0	0	0	0	0	0	0	0	11	0	0	0	7	6	5	8	14	0	0	0	0	2	22	0	0	0	0	0	
0	0	0	0	0	0	0	0	0	0	5	0	0	0	2	0	3	0	14	1	9	0	8	0	0	0	0	0	
0	0	0	0	0	0	0	0	6	6	10	3	0	1	11	3	0	8	0	0	14	0	0	13	0	0	0	0	
0	0	0	0	0	0	0	0	1	0	0	7	11	0	0	0	0	5	0	1	10	13	0	8	0	0	0	0	
0	0	0	0	0	0	0	0	0	11	6	0	0	0	0	10	0	0	11	2	0	0	9	0	0	0	0	0	
0	0	0	0	0	0	0	0	0	9	0	0	17	1	0	7	3	0	0	0	28	0	0	0	0	0	0	0	
0	0	0	0	0	0	0	0	2	0	24	155	230	120	0	0	0	3	4	31	222	104	0	1	0	0	0	0	
0	0	0	0	0	0	0	0	0	30	199	255	219	125	0	0	5	0	0	182	236	84	0	8	0	0	0	0	
0	0	0	0	0	0	0	0	0	132	255	139	8	5	8	1	0	1	24	240	170	0	5	0	0	0	0	0	
0	0	0	0	0	0	0	0	32	237	204	2	0	10	0	0	0	0	138	249	83	0	5	4	0	0	0	0	
0	0	0	0	0	0	0	0	74	247	187	6	0	0	15	4	3	73	255	183	12	17	0	2	0	0	0	0	
0	0	0	0	0	0	0	0	27	255	182	0	22	0	1	0	6	207	247	81	0	0	3	5	0	0	0	0	
0	0	0	0	0	0	0	0	20	253	187	0	0	0	0	11	113	255	144	0	17	0	10	7	0	0	0	0	
0	0	0	0	0	0	0	0	6	255	245	40	7	0	37	180	250	245	61	0	11	11	0	0	0	0	0	0	
0	0	0	0	0	0	0	0	16	141	255	194	123	199	255	255	253	174	0	6	0	1	2	8	0	0	0	0	
0	0	0	0	0	0	0	0	8	15	229	253	247	164	119	255	255	34	5	4	0	2	0	0	0	0	0	0	
0	0	0	0	0	0	0	0	0	4	10	0	0	0	38	250	174	13	0	0	0	3	1	0	0	0	0	0	
0	0	0	0	0	0	0	0	0	21	0	6	0	6	147	255	66	0	0	0	0	1	6	0	0	0	0	0	
0	0	0	0	0	0	0	0	3	1	0	2	0	15	255	213	7	0	0	3	1	0	5	0	0	0	0	0	
0	0	0	0	0	0	0	0	0	1	7	0	16	83	255	73	0	8	0	6	3	0	0	4	0	0	0	0	
0	0	0	0	0	0	0	0	7	0	6	0	0	191	243	4	0	7	0	4	1	0	0	9	0	0	0	0	
0	0	0	0	0	0	0	0	7	0	10	11	27	252	147	0	1	2	0	4	0	6	0	6	0	0	0	0	
0	0	0	0	0	0	0	0	5	0	7	0	70	230	0	11	0	0	0	6	0	15	0	0	0	0	0	0	
0	0	0	0	0	0	0	0	0	8	0	0	166	225	1	0	0	0	0	0	0	0	0	0	0	0	0	0	
0	0	0	0	0	0	0	0	0	0	23	0	219	125	0	15	0	0	0	0	0	0	0	0	0	0	0	0	
0	0	0	0	0	0	0	0	14	0	0	5	194	136	8	0	0	0	0	0	0	0	0	0	0	0	0	0	
0	0	0	0	0	0	0	0	0	4	6	0	0	5	0	7	0	0	0	0	0	0	0	0	0	0	0	0	
