0	0	0	0	0	0	0	0	0	0	0	0	0	0	0	0	0	0	0	4	0	0	4	0	0	0	0	0	
0	0	0	0	0	0	0	0	0	0	0	0	0	0	0	0	0	9	9	0	8	0	2	0	0	0	0	0	
0	0	0	0	0	0	0	0	0	0	0	0	0	0	0	0	0	1	0	0	11	0	0	0	0	0	0	0	
0	0	0	0	0	0	0	0	0	0	0	0	0	0	0	0	0	13	1	8	0	2	11	0	0	0	0	0	
0	0	0	0	0	0	0	0	0	0	0	0	0	0	0	0	7	0	123	254	170	0	0	11	0	0	0	0	
0	0	0	0	0	0	0	0	0	0	0	0	0	0	0	0	0	22	215	255	190	0	14	0	0	0	0	0	
0	0	0	0	0	0	0	0	0	0	0	0	0	0	0	0	0	77	243	255	178	7	9	0	0	0	0	0	
0	0	0	0	0	0	0	0	0	0	0	0	0	0	0	0	8	154	255	245	116	1	0	6	0	0	0	0	
0	13	0	0	14	0	0	4	0	3	64	49	1	10	0	2	86	238	255	252	26	6	0	0	0	14	0	8	
0	0	0	3	3	0	0	0	0	70	248	255	101	0	0	4	29	255	232	168	0	0	11	2	0	0	12	0	
0	0	9	0	0	0	4	7	4	65	239	254	177	0	39	0	91	255	255	143	20	0	14	0	12	0	11	0	
0	0	12	0	0	12	0	0	23	217	246	255	162	9	0	8	226	255	241	57	2	0	0	0	0	6	0	0	
2	0	0	0	15	6	0	12	159	250	255	221	46	2	0	49	233	240	172	6	9	2	0	16	16	0	2	0	
1	0	2	3	0	0	37	151	255	255	242	52	13	0	0	201	254	255	77	0	11	0	5	91	199	0	4	4	
0	0	6	4	0	29	164	255	235	255	251	133	24	17	23	250	243	205	22	15	54	74	170	255	243	4	0	6	
4	0	0	0	2	116	254	247	251	255	247	255	243	210	224	255	255	224	219	233	251	245	255	212	68	2	4	0	
2	3	2	0	1	249	255	242	165	124	212	255	254	249	255	249	255	243	254	255	224	183	113	27	0	0	0	0	
0	0	6	0	0	146	150	127	12	0	26	49	150	254	254	254	208	164	125	79	26	10	7	0	0	0	0	0	
3	0	7	0	0	15	9	0	0	4	3	1	89	255	238	218	10	0	0	0	0	0	11	11	0	0	0	0	
0	0	0	0	7	0	0	0	1	0	14	10	217	255	250	203	15	0	0	9	5	1	0	0	0	0	0	0	
0	7	0	3	9	1	4	13	1	12	0	95	255	255	244	255	27	5	0	0	1	2	3	3	0	0	0	0	
0	11	0	1	0	0	0	0	4	2	8	160	252	241	249	131	0	0	1	3	2	0	0	0	0	0	0	0	
0	0	0	5	0	11	3	5	0	0	6	215	232	255	186	0	0	4	3	0	0	0	1	6	0	0	0	0	
4	0	10	1	0	0	0	0	0	15	0	97	132	43	1	0	0	5	0	0	1	6	0	0	0	0	0	0	
0	0	0	0	0	0	0	0	0	0	0	0	0	0	0	0	0	0	0	0	0	0	0	0	0	0	0	0	
0	0	0	0	0	0	0	0	0	0	0	0	0	0	0	0	0	0	0	0	0	0	0	0	0	0	0	0	
0	0	0	0	0	0	0	0	0	0	0	0	0	0	0	0	0	0	0	0	0	0	0	0	0	0	0	0	
0	0	0	0	0	0	0	0	0	0	0	0	0	0	0	0	0	0	0	0	0	0	0	0	0	0	0	0	
