0	0	0	0	0	0	0	0	2	0	10	3	0	17	11	0	0	4	0	8	1	8	0	0	0	0	0	0	
0	0	0	0	0	0	0	0	1	0	4	0	15	0	0	6	0	11	0	8	0	0	9	0	0	0	0	0	
0	0	0	0	0	0	0	0	0	23	0	4	3	12	0	12	3	0	0	3	0	8	0	7	0	0	0	0	
0	0	0	0	0	0	0	0	0	0	0	3	5	0	10	0	0	13	0	12	0	2	8	0	0	0	0	0	
0	0	0	0	0	0	0	0	1	8	42	129	0	2	0	1	6	0	62	248	150	0	2	0	0	0	0	0	
0	0	0	0	0	0	0	0	0	69	204	167	14	0	20	0	0	0	173	233	45	0	10	0	0	0	0	0	
0	0	0	0	0	0	0	0	0	154	255	102	0	3	4	0	1	74	252	167	0	9	0	15	0	0	0	0	
0	0	0	0	0	0	0	0	43	188	253	0	0	3	1	0	0	231	255	106	1	5	0	0	0	0	0	0	
2	6	0	6	0	7	0	2	98	255	231	4	0	5	0	0	57	255	255	32	5	0	0	2	0	0	0	0	
6	0	0	10	3	0	0	0	109	236	124	0	0	0	0	0	144	255	204	18	0	0	6	0	0	0	0	0	
0	0	7	0	0	4	8	3	208	234	24	10	6	0	6	36	237	237	89	0	5	1	6	1	0	0	0	0	
0	5	14	0	0	8	0	64	250	202	0	4	1	0	3	54	255	250	58	2	0	0	0	11	0	0	0	0	
6	0	0	5	2	0	0	175	255	179	15	4	0	0	0	43	244	255	37	0	7	14	0	1	0	0	0	0	
2	0	0	4	2	7	57	253	226	73	0	0	5	5	9	132	248	213	0	0	7	0	0	12	0	0	0	0	
0	12	6	0	0	15	166	255	208	11	0	0	2	0	0	155	255	181	10	18	0	0	38	105	0	0	0	0	
4	3	0	0	3	0	225	252	144	0	11	25	60	101	105	227	253	145	0	1	30	136	213	212	0	0	0	0	
2	2	0	3	0	4	206	255	244	255	236	255	252	252	255	252	253	255	254	255	241	255	222	46	0	0	0	0	
0	4	2	7	0	0	189	249	255	253	246	255	255	244	234	255	255	180	153	151	156	127	56	0	0	0	0	0	
1	0	0	0	2	22	196	254	165	102	60	0	0	12	105	255	249	12	2	0	0	0	0	1	0	0	0	0	
8	0	0	1	0	0	50	49	20	1	19	0	0	0	98	255	255	0	3	2	0	1	12	10	0	0	0	0	
0	0	0	10	14	0	14	0	0	0	0	0	10	1	102	248	245	5	7	0	22	0	0	0	0	0	0	0	
10	1	0	0	0	0	1	0	10	14	2	0	6	0	98	255	255	6	0	0	3	0	10	14	0	0	0	0	
0	0	11	10	4	7	1	2	0	0	0	3	0	0	72	255	250	0	6	7	0	0	4	0	0	0	0	0	
5	0	5	0	0	7	0	0	17	0	2	6	0	0	12	204	215	0	12	0	4	16	0	10	0	0	0	0	
0	0	0	0	0	0	0	0	0	0	0	0	0	0	0	0	0	0	0	0	0	0	0	0	0	0	0	0	
0	0	0	0	0	0	0	0	0	0	0	0	0	0	0	0	0	0	0	0	0	0	0	0	0	0	0	0	
0	0	0	0	0	0	0	0	0	0	0	0	0	0	0	0	0	0	0	0	0	0	0	0	0	0	0	0	
0	0	0	0	0	0	0	0	0	0	0	0	0	0	0	0	0	0	0	0	0	0	0	0	0	0	0	0	
