0	0	0	0	0	0	0	0	1	4	0	0	0	0	0	4	0	0	7	2	0	2	0	12	0	0	0	0	
0	0	0	0	0	0	0	0	0	4	0	0	17	0	13	0	5	0	0	7	0	0	10	0	0	0	0	0	
0	0	0	0	0	0	0	0	0	8	11	0	3	0	3	7	0	21	0	0	5	0	13	5	0	0	0	0	
0	0	0	0	0	0	0	0	5	0	1	3	17	17	0	2	21	0	0	10	8	0	3	0	0	0	0	0	
0	0	0	0	0	0	0	0	5	3	5	0	0	0	127	207	24	0	26	0	3	0	0	0	0	0	0	0	
0	0	0	0	0	0	0	0	0	1	0	0	28	17	240	255	121	0	0	0	4	8	0	12	0	0	0	0	
0	0	0	0	0	0	0	0	1	15	1	0	0	30	241	247	231	0	0	10	0	0	12	0	0	0	0	0	
0	0	0	0	0	0	0	0	8	0	0	16	0	166	255	255	109	240	199	0	0	2	0	3	0	0	0	0	
0	5	6	0	0	0	0	2	0	0	11	0	0	179	255	191	158	255	190	0	2	0	6	0	0	0	0	0	
5	1	0	0	3	4	4	6	0	0	0	0	56	207	242	108	160	255	196	0	4	0	3	0	0	0	0	0	
0	0	0	4	1	0	0	0	4	0	0	31	242	249	255	29	165	251	197	2	4	0	1	0	0	0	0	0	
0	0	4	2	0	0	5	0	1	11	32	145	255	237	137	18	181	245	190	0	3	0	1	0	0	0	0	0	
3	6	5	0	0	6	11	1	0	49	208	255	245	162	0	39	213	249	187	0	2	1	1	0	0	0	0	0	
0	5	0	0	7	2	0	0	54	127	255	255	255	130	89	109	245	255	191	0	3	4	0	0	0	0	0	0	
0	2	0	3	13	0	1	65	223	255	234	255	253	239	255	255	255	255	194	1	1	3	0	0	0	0	0	0	
1	9	0	0	5	0	60	210	255	236	255	248	247	255	243	255	253	251	193	1	0	1	0	4	0	0	0	0	
0	9	0	0	4	0	28	142	255	165	195	188	189	173	181	252	255	235	195	9	5	7	0	0	0	0	0	0	
0	6	0	0	14	0	0	37	88	4	5	0	2	8	15	111	251	255	167	11	0	0	11	0	0	0	0	0	
4	5	0	0	7	5	0	0	3	0	4	0	1	0	0	147	255	234	42	0	4	0	0	4	0	0	0	0	
6	3	0	0	0	3	7	1	0	7	8	4	0	0	4	219	254	252	91	0	0	0	0	5	0	0	0	0	
0	0	4	9	0	0	1	0	1	8	0	0	4	0	0	229	253	255	187	0	0	6	0	5	0	0	0	0	
6	0	0	5	1	0	0	0	0	1	0	6	11	0	0	228	255	245	204	0	6	7	0	5	0	0	0	0	
6	0	0	0	0	1	4	8	5	5	2	0	0	0	10	221	247	255	173	3	0	0	3	0	0	0	0	0	
0	5	8	3	3	0	0	0	0	0	3	0	7	5	0	138	255	180	6	0	12	0	0	2	0	0	0	0	
0	0	0	0	0	0	0	0	0	0	0	0	0	0	0	0	0	0	0	0	0	0	0	0	0	0	0	0	
0	0	0	0	0	0	0	0	0	0	0	0	0	0	0	0	0	0	0	0	0	0	0	0	0	0	0	0	
0	0	0	0	0	0	0	0	0	0	0	0	0	0	0	0	0	0	0	0	0	0	0	0	0	0	0	0	
0	0	0	0	0	0	0	0	0	0	0	0	0	0	0	0	0	0	0	0	0	0	0	0	0	0	0	0	
