0	0	0	0	0	0	0	0	4	0	9	18	0	0	20	0	0	0	0	0	4	1	4	0	0	0	0	0	
0	0	0	0	0	0	0	0	3	0	0	0	8	0	2	5	5	0	8	0	0	13	0	23	0	0	0	0	
0	0	0	0	0	0	0	0	0	6	1	0	8	5	0	3	0	0	10	0	8	22	0	0	0	0	0	0	
0	0	0	0	0	0	0	0	0	2	4	17	0	2	0	0	11	4	0	0	8	0	6	0	0	0	0	0	
0	0	0	0	0	0	0	0	5	0	0	0	6	0	5	1	0	0	2	12	0	0	7	13	0	0	0	0	
0	0	0	0	0	0	0	0	0	0	0	4	129	0	4	0	20	3	0	7	71	240	78	0	0	0	0	0	
0	0	0	0	0	0	0	0	0	0	14	98	238	18	0	0	0	4	7	0	105	255	62	7	0	0	0	0	
0	0	0	0	0	0	0	0	6	0	20	191	255	18	0	0	4	0	0	33	224	227	5	0	0	0	0	0	
0	0	0	1	6	0	0	5	13	0	171	244	184	0	11	1	1	0	2	126	255	181	21	0	0	0	0	0	
0	6	0	0	1	3	0	2	0	130	253	248	71	8	0	6	0	6	24	205	219	33	0	0	0	0	0	0	
0	9	3	0	0	5	0	0	8	203	255	116	0	5	0	4	0	10	155	255	213	0	8	1	0	0	0	0	
0	4	4	0	2	1	0	2	177	250	229	28	0	3	2	0	4	118	238	253	58	11	0	0	0	0	0	0	
0	0	0	3	3	0	5	32	228	249	238	169	132	94	21	0	39	225	255	196	0	7	0	8	0	0	0	0	
3	0	0	0	2	0	14	54	255	255	251	255	253	253	240	240	234	255	252	120	57	47	0	0	0	0	0	0	
3	1	0	0	2	0	8	34	237	251	241	255	251	237	255	249	255	246	250	253	255	224	7	14	0	0	0	0	
0	4	1	0	5	1	0	0	14	105	120	197	192	214	249	255	250	255	246	255	252	116	0	0	0	0	0	0	
0	0	0	0	0	0	0	0	0	11	0	0	5	59	229	255	255	160	113	116	70	11	0	4	0	0	0	0	
0	0	0	0	0	0	0	0	0	0	0	16	60	198	255	255	77	15	0	19	7	0	1	2	0	0	0	0	
0	0	0	0	0	0	0	0	0	5	0	67	202	255	255	110	13	0	0	0	0	0	6	0	0	0	0	0	
0	0	0	0	0	0	0	0	18	0	2	108	255	248	198	24	7	3	6	4	0	9	12	0	0	0	0	0	
0	0	0	0	0	0	0	0	0	0	93	249	240	216	26	0	0	0	0	0	0	0	2	0	0	0	0	0	
0	0	0	0	0	0	0	0	8	65	253	239	219	25	0	3	6	2	1	3	1	0	0	1	0	0	0	0	
0	0	0	0	0	0	0	0	0	188	255	255	110	0	4	3	0	0	0	0	4	0	0	11	0	0	0	0	
0	0	0	0	0	0	0	0	42	254	247	185	1	1	7	0	0	3	0	0	2	0	0	0	0	0	0	0	
0	0	0	0	0	0	0	0	48	231	183	28	1	6	0	0	0	0	0	0	0	0	0	0	0	0	0	0	
0	0	0	0	0	0	0	0	0	18	9	0	0	0	15	2	0	0	0	0	0	0	0	0	0	0	0	0	
0	0	0	0	0	0	0	0	6	0	0	11	0	0	17	0	0	0	0	0	0	0	0	0	0	0	0	0	
0	0	0	0	0	0	0	0	0	14	11	3	2	2	1	0	0	0	0	0	0	0	0	0	0	0	0	0	
