0	0	0	0	0	0	0	0	2	0	6	0	10	0	0	7	0	0	0	0	1	0	2	0	0	0	0	0	
0	0	0	0	0	0	0	0	7	0	8	0	1	0	2	0	3	0	20	4	0	15	0	9	0	0	0	0	
0	0	0	0	0	0	0	0	0	0	5	0	0	0	11	0	0	21	0	17	0	0	2	0	0	0	0	0	
0	0	0	0	0	0	0	0	0	4	0	0	6	0	4	4	3	0	19	0	7	0	0	11	0	0	0	0	
0	0	0	0	0	0	0	0	2	7	0	0	12	2	0	4	11	0	0	0	0	18	0	3	0	0	0	0	
0	0	0	0	0	0	0	0	0	0	7	11	2	7	0	2	0	12	9	2	0	10	0	0	0	0	0	0	
0	0	0	0	0	0	0	0	0	19	121	106	0	3	0	1	0	31	222	19	14	0	0	24	0	0	0	0	
0	0	0	0	0	0	0	0	7	69	255	217	0	0	5	0	2	112	247	81	2	7	0	0	0	0	0	0	
2	0	0	9	6	0	0	4	7	255	237	199	0	7	0	0	0	139	246	143	5	8	0	4	0	0	0	0	
0	7	2	0	0	11	0	5	67	231	255	111	0	1	0	11	5	131	255	70	0	0	22	0	0	0	0	0	
0	9	2	0	0	16	0	27	220	255	228	16	0	4	0	0	4	130	247	151	16	3	0	5	0	0	0	0	
0	0	0	5	0	1	0	91	242	253	122	3	3	12	9	0	0	143	255	142	0	0	1	0	0	0	0	0	
1	0	0	11	3	0	39	188	255	255	90	27	0	0	18	44	1	131	252	155	9	14	9	1	0	0	0	0	
0	3	1	1	0	3	111	255	253	255	236	231	207	197	201	237	211	229	251	148	0	0	0	9	0	0	0	0	
0	6	1	0	2	0	144	255	250	249	255	255	255	250	246	255	240	238	255	112	8	3	24	0	0	0	0	0	
1	0	0	1	12	0	136	232	252	255	252	255	252	248	255	251	255	253	238	162	0	10	0	4	0	0	0	0	
2	0	0	7	0	0	21	58	158	171	165	153	177	227	248	235	158	255	248	153	0	6	4	0	0	0	0	0	
2	0	0	6	0	0	0	12	0	0	0	0	2	19	22	14	0	142	252	159	7	0	0	1	0	0	0	0	
0	0	0	3	3	0	0	0	4	0	0	3	4	0	0	0	0	128	255	136	0	0	0	5	0	0	0	0	
0	0	0	0	1	6	5	1	7	0	0	6	5	0	0	10	9	143	255	132	3	9	0	0	0	0	0	0	
0	3	1	0	0	0	1	0	2	2	1	0	0	0	0	0	0	182	255	154	0	0	6	0	0	0	0	0	
0	0	3	1	0	1	0	0	0	7	9	3	1	5	3	0	12	246	255	164	0	0	7	5	0	0	0	0	
0	0	0	4	6	4	2	3	0	0	0	0	0	3	1	0	0	249	244	157	8	3	0	0	0	0	0	0	
11	0	0	0	0	0	0	0	8	2	0	0	1	0	0	2	0	255	253	141	3	0	0	6	0	0	0	0	
0	0	0	0	0	0	0	0	0	0	0	0	0	0	0	0	0	215	255	119	0	10	9	0	0	0	0	0	
0	0	0	0	0	0	0	0	0	0	0	0	0	0	0	0	7	81	255	28	19	0	0	20	0	0	0	0	
0	0	0	0	0	0	0	0	0	0	0	0	0	0	0	0	0	21	8	0	11	0	7	0	0	0	0	0	
0	0	0	0	0	0	0	0	0	0	0	0	0	0	0	0	6	0	0	0	3	5	0	0	0	0	0	0	
