0	0	0	0	0	0	0	0	0	0	0	0	0	0	0	0	4	0	0	6	0	0	1	4	4	3	0	1	
0	0	0	0	0	0	0	0	0	0	0	0	0	0	0	0	0	9	13	0	0	2	0	0	0	8	0	0	
0	0	0	0	0	0	0	0	0	0	0	0	0	0	0	0	5	4	0	0	1	11	11	15	0	0	10	9	
0	0	0	0	0	0	0	0	0	0	0	0	0	0	0	0	0	3	7	2	0	0	0	0	21	7	4	0	
0	0	0	0	0	0	0	0	0	0	0	0	0	0	0	0	3	6	0	0	4	17	11	0	0	0	7	0	
0	0	0	0	0	0	0	0	0	0	0	0	0	0	0	0	3	0	1	12	0	0	7	24	78	1	0	12	
0	0	0	0	0	0	0	0	0	0	0	0	0	0	0	0	4	0	8	0	0	57	186	255	194	38	0	0	
0	0	0	0	0	0	0	0	0	0	0	0	0	0	0	0	0	0	0	0	54	214	255	165	19	0	10	5	
3	1	0	0	1	4	12	0	5	0	0	0	6	0	0	5	1	1	0	0	156	255	160	14	0	0	0	0	
0	0	0	8	0	0	0	8	0	16	0	0	6	0	1	0	0	16	1	62	235	210	20	6	0	0	0	0	
0	0	0	5	0	4	0	10	0	5	3	6	0	3	14	0	8	0	39	226	234	106	2	0	0	0	0	0	
0	9	0	0	1	10	0	0	4	0	3	3	16	19	0	11	11	0	161	255	103	0	10	11	0	0	0	0	
0	7	0	0	7	0	4	0	1	0	0	56	217	185	0	1	0	135	249	101	3	11	0	0	0	0	0	0	
0	0	0	6	0	0	13	11	3	9	143	228	248	167	4	0	136	250	190	29	0	0	32	18	0	0	0	0	
8	0	1	4	0	98	113	124	168	235	255	249	255	188	71	125	240	254	103	24	68	180	227	23	0	0	0	0	
11	0	2	0	0	247	254	255	255	254	250	255	247	250	255	241	252	255	255	255	231	187	52	0	0	0	0	0	
0	9	0	0	0	81	161	132	96	51	56	62	90	165	255	253	189	159	111	60	22	2	0	0	0	0	0	0	
0	0	0	12	8	0	5	9	16	10	0	5	14	201	249	159	22	15	6	0	0	0	5	9	0	0	0	0	
0	12	0	0	9	0	0	0	0	0	4	32	184	250	133	30	0	0	0	0	0	0	0	0	0	0	0	0	
0	13	1	0	10	13	4	3	0	13	3	190	228	140	24	0	7	6	6	4	2	0	0	0	0	0	0	0	
0	0	7	6	0	0	0	6	0	2	150	248	61	3	0	3	0	0	0	0	0	0	3	4	0	0	0	0	
7	0	3	0	0	6	1	0	27	131	242	118	0	0	1	4	4	4	5	4	3	2	0	0	0	0	0	0	
0	1	7	0	6	7	0	17	134	242	73	7	0	4	8	0	0	0	0	2	3	2	1	0	0	0	0	0	
4	0	0	1	8	0	18	180	252	62	5	0	3	0	0	5	1	0	0	0	0	0	1	2	0	0	0	0	
3	0	0	4	0	0	20	55	29	12	0	0	3	2	0	0	0	0	0	0	0	0	0	0	0	0	0	0	
4	0	0	5	1	0	0	10	11	1	0	0	3	2	0	0	0	0	0	0	0	0	0	0	0	0	0	0	
1	0	0	4	5	0	0	0	0	0	0	0	3	1	0	0	0	0	0	0	0	0	0	0	0	0	0	0	
0	0	0	0	2	7	6	1	0	0	2	4	2	0	0	0	0	0	0	0	0	0	0	0	0	0	0	0	
