0	0	0	0	0	0	0	0	0	0	4	0	0	0	9	1	0	0	6	0	0	15	0	0	0	0	0	0	
0	0	0	0	0	0	0	0	0	0	4	8	4	3	1	0	10	0	10	6	0	0	0	12	1	6	7	8	
0	0	0	0	0	0	0	0	5	0	0	1	3	1	0	0	0	4	5	0	4	18	0	0	0	0	0	0	
0	0	0	0	0	0	0	0	0	2	0	0	1	3	2	5	10	0	0	2	0	0	0	18	9	7	7	1	
0	0	0	0	0	0	0	0	0	8	5	0	4	6	0	0	9	0	2	14	0	2	8	0	0	0	0	9	
0	0	0	0	0	0	0	0	0	10	0	0	0	0	0	0	0	14	0	0	15	3	0	18	15	0	0	3	
0	0	0	0	0	0	0	0	7	5	0	0	25	9	0	7	3	9	0	0	0	0	69	200	84	25	3	9	
0	0	0	0	0	0	0	0	0	0	1	47	83	40	0	4	7	0	9	14	0	107	255	200	65	0	0	3	
0	12	0	0	5	1	0	0	0	10	65	215	255	81	0	0	0	0	11	0	80	255	105	0	0	0	0	0	
0	4	4	0	0	0	6	0	5	51	207	193	172	34	7	0	4	7	0	0	253	136	0	14	0	0	0	0	
0	0	7	7	0	0	7	0	21	164	149	7	0	7	0	0	0	11	0	110	224	32	0	0	0	0	0	0	
5	0	0	2	2	1	0	11	142	238	13	9	15	0	0	0	15	0	76	254	77	0	17	0	0	0	0	0	
2	0	0	0	11	0	0	78	249	52	8	0	0	9	0	9	0	17	207	159	0	0	0	1	0	0	0	0	
0	5	2	0	8	0	8	132	213	0	0	0	8	0	19	0	53	173	221	9	0	4	8	0	0	0	0	0	
0	0	9	0	3	0	3	98	212	41	0	3	6	0	0	67	222	222	116	16	14	0	2	0	0	0	0	0	
4	0	9	0	1	7	0	25	229	213	179	168	181	148	182	238	237	94	30	0	0	16	0	0	0	0	0	0	
0	0	0	0	0	0	0	0	12	41	203	176	173	130	242	252	107	15	0	15	0	0	7	0	0	0	0	0	
0	0	0	0	0	0	0	0	2	21	0	12	0	21	228	126	28	0	0	10	0	0	9	1	0	0	0	0	
0	0	0	0	0	0	0	0	1	0	0	0	2	103	184	9	0	0	6	6	0	0	6	0	0	0	0	0	
0	0	0	0	0	0	0	0	0	0	15	12	83	210	50	0	1	9	6	0	0	5	1	0	0	0	0	0	
0	0	0	0	0	0	0	0	11	20	0	29	180	133	0	10	3	5	0	0	2	3	0	2	0	0	0	0	
0	0	0	0	0	0	0	0	0	0	16	153	142	0	2	0	0	0	0	0	2	0	0	5	0	0	0	0	
0	0	0	0	0	0	0	0	1	6	125	218	14	2	3	10	0	2	6	5	0	0	0	0	0	0	0	0	
0	0	0	0	0	0	0	0	0	44	225	61	14	0	0	0	3	0	0	0	0	9	9	0	0	0	0	0	
0	0	0	0	0	0	0	0	3	75	177	0	12	0	0	1	0	0	0	0	0	0	0	0	0	0	0	0	
0	0	0	0	0	0	0	0	14	93	7	12	0	0	17	0	0	0	0	0	0	0	0	0	0	0	0	0	
0	0	0	0	0	0	0	0	3	33	0	10	0	0	6	1	0	0	0	0	0	0	0	0	0	0	0	0	
0	0	0	0	0	0	0	0	0	0	28	0	0	9	0	0	0	0	0	0	0	0	0	0	0	0	0	0	
