0	0	0	0	0	0	0	0	0	0	7	12	0	0	12	0	0	0	1	0	0	0	0	0	0	0	0	0	
0	0	0	0	0	0	0	0	2	4	0	0	20	2	0	0	0	0	1	0	0	0	0	0	0	0	0	0	
0	0	0	0	0	0	0	0	5	0	8	18	0	0	9	4	1	0	0	0	1	1	1	0	0	0	0	0	
0	0	0	0	0	0	0	0	8	15	0	2	0	11	0	0	0	0	0	0	1	2	0	0	0	0	0	0	
0	0	0	0	0	0	0	0	0	0	0	2	6	0	5	11	0	0	0	0	0	0	0	0	0	0	0	0	
0	0	0	0	0	0	0	0	18	0	15	0	111	199	237	0	0	0	1	0	0	0	0	0	0	0	0	0	
0	0	0	0	0	0	0	0	2	0	1	106	255	244	242	60	0	4	7	4	0	0	0	2	0	0	0	0	
0	0	0	0	0	0	0	0	0	20	77	241	255	248	240	21	2	8	12	8	0	0	0	5	0	0	0	0	
0	5	11	3	0	0	0	5	0	83	233	243	255	248	240	0	3	0	116	210	126	82	76	0	0	0	0	0	
0	0	0	0	9	17	8	0	9	214	255	255	231	255	221	5	6	0	223	254	255	251	236	24	0	0	0	0	
12	2	0	5	28	38	22	0	99	255	231	255	247	224	230	157	33	96	253	252	255	226	94	4	0	0	0	0	
0	0	0	3	10	13	6	0	74	251	255	255	122	0	7	0	0	78	246	237	232	86	23	8	0	0	0	0	
0	0	4	0	0	0	0	0	197	255	242	245	49	4	0	0	28	185	246	255	132	19	0	0	0	0	0	0	
1	3	3	0	1	5	6	4	232	242	255	213	8	0	0	0	113	255	254	233	60	0	0	10	0	0	0	0	
0	0	0	0	0	1	0	0	232	255	255	163	9	3	12	0	191	242	248	200	0	13	4	0	0	0	0	0	
1	5	6	2	1	2	3	0	221	255	249	252	52	0	0	125	253	253	255	0	11	0	0	0	0	0	0	0	
0	0	0	0	0	0	0	0	139	255	252	249	172	58	59	255	255	251	159	0	5	0	0	10	0	0	0	0	
0	0	0	0	0	0	0	0	0	178	255	239	255	254	255	247	244	230	24	6	9	0	18	0	0	0	0	0	
0	0	0	0	0	0	0	0	0	16	66	162	189	233	255	248	255	158	0	0	0	2	0	0	0	0	0	0	
0	0	0	0	0	0	0	0	5	7	0	6	60	242	255	253	200	55	11	0	0	5	0	7	0	0	0	0	
0	0	0	0	0	0	0	0	0	9	0	4	203	255	254	214	45	0	0	4	14	0	17	0	0	0	0	0	
0	0	0	0	0	0	0	0	0	0	4	91	255	252	228	46	0	0	0	6	0	0	19	0	0	0	0	0	
0	0	0	0	0	0	0	0	15	0	4	208	246	249	149	0	13	10	4	0	0	10	0	5	0	0	0	0	
0	0	0	0	0	0	0	0	0	6	49	252	255	251	24	0	0	2	0	0	15	6	0	6	0	0	0	0	
0	0	0	0	0	0	0	0	9	0	39	226	246	151	11	0	0	0	0	0	0	0	0	0	0	0	0	0	
0	0	0	0	0	0	0	0	0	1	0	10	0	4	0	0	0	0	0	0	0	0	0	0	0	0	0	0	
0	0	0	0	0	0	0	0	0	11	13	2	0	1	4	1	0	0	0	0	0	0	0	0	0	0	0	0	
0	0	0	0	0	0	0	0	11	0	0	0	2	0	1	7	0	0	0	0	0	0	0	0	0	0	0	0	
