0	0	0	0	0	0	0	0	0	5	0	8	5	1	0	0	0	0	0	0	0	0	0	0	0	0	0	0	
0	0	0	0	0	0	0	0	8	0	11	0	0	0	38	0	0	0	0	0	0	0	0	0	0	0	0	0	
0	0	0	0	0	0	0	0	0	17	0	1	0	5	0	0	0	0	0	0	0	0	0	0	0	0	0	0	
0	0	0	0	0	0	0	0	0	0	7	0	5	0	3	10	0	0	0	0	0	0	0	0	0	0	0	0	
0	0	0	0	0	0	0	0	0	0	10	0	3	6	0	0	0	0	0	0	0	0	0	0	0	0	0	0	
0	0	0	0	0	0	0	0	4	0	159	223	18	0	12	9	0	0	0	0	0	0	0	0	0	0	0	0	
0	0	0	0	0	0	0	0	7	4	211	255	129	8	7	0	0	0	0	0	0	0	0	0	0	0	0	0	
0	0	0	0	0	0	0	0	5	96	255	244	60	0	0	7	0	0	0	0	0	0	0	0	0	0	0	0	
0	0	0	0	0	0	0	0	3	143	244	178	0	0	1	3	6	23	236	120	5	0	14	0	0	0	0	0	
0	0	0	0	0	0	0	0	0	168	255	203	4	7	13	0	0	63	237	255	38	12	0	16	0	0	0	0	
0	0	0	0	0	0	0	0	7	177	253	255	56	11	0	0	0	71	255	228	193	0	0	0	0	0	0	0	
0	0	0	0	0	0	0	0	9	228	244	170	6	2	3	0	0	127	255	255	134	0	14	0	0	0	0	0	
0	0	0	0	0	0	0	0	17	255	251	111	0	0	2	0	15	233	255	239	101	4	0	10	0	0	0	0	
0	0	0	0	0	0	0	0	17	254	255	136	25	0	0	2	75	246	244	253	26	18	0	0	0	0	0	0	
0	0	0	0	0	0	0	0	1	227	255	132	0	2	2	11	109	255	255	196	4	0	0	19	0	0	0	0	
0	0	0	0	0	0	0	0	9	178	252	199	1	2	2	48	199	255	246	143	0	10	15	0	0	0	0	0	
0	0	0	0	0	0	0	0	0	111	255	249	223	222	211	254	252	255	179	0	14	0	9	0	0	0	0	0	
0	0	0	0	0	0	0	0	19	1	139	244	255	255	243	246	253	237	71	0	0	9	0	0	0	0	0	0	
0	0	0	0	0	0	0	0	0	0	3	43	157	166	115	226	255	216	0	0	0	14	0	5	0	0	0	0	
0	0	0	0	0	0	0	0	15	0	10	4	0	5	19	113	254	206	0	5	11	0	0	6	0	0	0	0	
0	0	0	0	0	0	0	0	0	0	0	0	15	0	0	202	250	191	9	1	4	0	7	0	0	0	0	0	
0	0	0	0	0	0	0	0	15	9	0	2	7	0	11	243	253	155	3	0	0	0	9	0	0	0	0	0	
0	0	0	0	0	0	0	0	0	0	4	16	0	6	41	238	255	95	0	0	0	9	1	0	0	0	0	0	
0	0	0	0	0	0	0	0	1	9	0	0	0	1	23	232	249	42	0	1	9	0	0	0	0	0	0	0	
0	0	0	0	0	0	0	0	0	9	0	0	10	0	15	109	187	48	0	4	0	0	7	0	0	0	0	0	
0	0	0	0	0	0	0	0	0	6	0	0	15	0	0	20	13	0	0	4	0	0	11	0	0	0	0	0	
0	0	0	0	0	0	0	0	1	7	0	0	4	4	0	0	0	0	12	8	0	3	4	0	0	0	0	0	
0	0	0	0	0	0	0	0	1	4	4	0	0	3	11	5	13	1	0	0	4	2	0	0	0	0	0	0	
