0	0	0	0	0	0	0	0	0	4	0	0	0	0	0	6	0	0	0	0	0	0	0	0	0	0	0	0	
0	0	0	0	0	0	0	0	5	0	0	0	0	10	10	0	0	0	0	0	0	0	0	0	0	0	0	0	
0	0	0	0	0	0	0	0	0	0	0	16	6	0	0	12	0	0	0	0	0	0	0	0	0	0	0	0	
0	0	0	0	0	0	0	0	0	9	0	0	5	16	2	0	0	0	0	0	0	0	0	0	0	0	0	0	
0	0	0	0	0	0	0	0	12	0	8	15	0	0	0	0	0	0	0	0	0	0	0	0	0	0	0	0	
0	0	0	0	0	0	0	0	0	0	10	0	31	227	238	4	0	0	0	0	0	0	0	0	0	0	0	0	
0	0	0	0	0	0	0	0	0	0	7	0	64	255	249	0	0	0	0	0	0	0	0	0	0	0	0	0	
0	0	0	0	0	0	0	0	0	9	0	0	112	245	190	14	0	0	0	0	0	0	0	0	0	0	0	0	
0	0	0	0	0	0	0	0	0	18	0	13	158	246	87	2	0	16	29	104	39	0	0	13	0	0	0	0	
0	0	0	0	0	0	0	0	0	0	5	0	190	255	53	4	0	0	158	251	107	15	0	0	0	0	0	0	
0	0	0	0	0	0	0	0	1	0	9	28	230	218	8	0	11	54	231	178	12	0	16	5	0	0	0	0	
0	0	0	0	0	0	0	0	0	4	0	127	255	106	0	0	0	153	255	80	0	0	1	0	0	0	0	0	
0	0	0	0	0	0	0	0	0	8	0	227	242	32	2	0	94	246	211	10	9	0	0	14	0	0	0	0	
0	0	0	0	0	0	0	0	1	0	62	255	154	5	0	14	198	255	136	0	10	0	0	0	0	0	0	0	
0	0	0	0	0	0	0	0	5	0	147	245	61	0	20	119	255	210	56	0	0	5	15	0	0	0	0	0	
0	0	0	0	0	0	0	0	6	0	202	241	23	1	81	255	246	132	0	8	0	4	0	2	0	0	0	0	
0	0	0	0	0	0	0	0	1	24	247	172	59	221	255	252	253	96	3	3	0	0	2	0	0	0	0	0	
0	0	0	0	0	0	0	0	5	71	237	250	243	253	160	225	255	68	0	3	7	0	0	0	0	0	0	0	
0	0	0	0	0	0	0	0	5	158	255	255	198	83	37	255	216	25	0	0	9	0	0	1	0	0	0	0	
0	0	0	0	0	0	0	0	0	142	169	82	7	3	91	245	140	0	10	0	0	0	3	0	0	0	0	0	
0	0	0	0	0	0	0	0	17	5	0	10	0	2	154	254	103	0	16	0	0	0	2	0	0	0	0	0	
0	0	0	0	0	0	0	0	0	2	0	4	0	13	213	255	100	0	3	0	6	0	0	2	0	0	0	0	
0	0	0	0	0	0	0	0	2	0	4	7	4	7	239	255	60	1	0	0	4	2	0	1	0	0	0	0	
0	0	0	0	0	0	0	0	5	0	11	0	0	21	255	189	0	3	1	0	0	6	3	0	0	0	0	0	
0	0	0	0	0	0	0	0	3	1	1	0	0	3	165	172	0	0	0	0	0	0	0	0	0	0	0	0	
0	0	0	0	0	0	0	0	0	0	0	10	2	0	32	0	0	0	0	0	0	0	0	0	0	0	0	0	
0	0	0	0	0	0	0	0	10	0	0	0	0	0	9	0	0	0	0	0	0	0	0	0	0	0	0	0	
0	0	0	0	0	0	0	0	0	3	0	5	0	11	0	7	0	0	0	0	0	0	0	0	0	0	0	0	
