0	0	0	0	0	0	0	0	7	0	0	1	0	0	0	6	0	0	0	0	4	7	1	0	0	0	0	0	
0	0	0	0	0	0	0	0	3	0	0	8	4	6	0	0	6	3	1	0	0	0	0	7	0	0	0	0	
0	0	0	0	0	0	0	0	0	16	1	0	0	17	2	0	0	0	0	6	3	0	0	4	0	0	0	0	
0	0	0	0	0	0	0	0	0	6	0	12	3	0	0	12	1	0	0	1	5	4	0	0	0	0	0	0	
0	0	0	0	0	0	0	0	0	14	0	2	0	6	6	0	7	10	4	0	0	3	5	0	0	0	0	0	
0	0	0	0	0	0	0	0	5	6	0	6	0	0	9	0	0	0	4	0	0	0	2	1	0	0	0	0	
0	0	0	0	0	0	0	0	0	0	106	252	211	15	0	6	13	0	0	4	7	0	0	0	0	0	0	0	
0	0	0	0	0	0	0	0	0	18	156	255	173	0	11	44	100	37	0	0	7	0	0	5	0	0	0	0	
0	0	0	0	0	0	0	0	8	61	254	255	6	8	0	131	246	47	6	0	0	0	5	3	0	0	0	0	
0	0	0	0	0	0	0	0	0	94	255	255	9	13	0	201	255	30	0	2	11	2	0	0	0	0	0	0	
0	0	0	0	0	0	0	0	0	67	255	245	7	0	7	208	255	29	4	0	0	0	0	11	0	0	0	0	
0	0	0	0	0	0	0	0	13	64	246	255	16	5	0	209	253	28	19	5	0	9	3	3	0	0	0	0	
0	0	0	0	0	0	0	0	0	45	229	245	129	7	0	216	255	20	0	4	0	10	0	0	0	0	0	0	
0	0	0	0	0	0	0	0	0	0	164	255	248	113	39	199	249	61	50	87	10	0	0	6	0	0	0	0	
0	0	0	0	0	0	0	0	4	2	53	249	245	255	156	220	236	163	197	234	60	7	1	4	0	0	0	0	
0	0	0	0	0	0	0	0	0	0	8	36	221	255	247	255	255	245	255	251	25	0	8	0	0	0	0	0	
0	0	0	0	0	0	0	0	0	9	4	0	35	170	221	255	249	255	211	57	8	0	1	5	0	0	0	0	
0	0	0	0	0	0	0	0	9	0	0	3	0	3	28	136	255	231	12	3	0	2	10	0	0	0	0	0	
0	0	0	0	0	0	0	0	0	0	0	7	0	0	0	100	249	247	0	19	0	0	10	2	0	0	0	0	
0	0	0	0	0	0	0	0	0	5	0	0	5	15	10	105	246	244	10	0	5	1	0	0	0	0	0	0	
0	0	0	0	0	0	0	0	3	4	0	0	0	0	0	116	253	236	11	0	1	10	0	0	0	0	0	0	
0	0	0	0	0	0	0	0	0	0	2	7	1	0	1	107	251	250	0	0	3	0	2	11	0	0	0	0	
0	0	0	0	0	0	0	0	0	1	2	0	0	16	0	41	255	242	0	6	9	3	0	0	0	0	0	0	
0	0	0	0	0	0	0	0	4	0	0	0	0	9	0	16	253	236	19	0	0	0	3	7	0	0	0	0	
0	0	0	0	0	0	0	0	0	0	0	0	0	0	0	0	251	255	70	3	3	7	0	0	0	0	0	0	
0	0	0	0	0	0	0	0	0	0	0	0	0	0	0	0	192	204	48	0	0	1	0	10	0	0	0	0	
0	0	0	0	0	0	0	0	0	0	0	0	0	0	0	0	0	24	0	0	1	15	0	2	0	0	0	0	
0	0	0	0	0	0	0	0	0	0	0	0	0	0	0	0	0	8	5	14	5	13	0	0	0	0	0	0	
