0	0	0	0	0	0	0	0	0	2	2	0	11	0	3	0	0	15	3	0	0	13	0	0	0	0	0	0	
0	0	0	0	0	0	0	0	0	0	3	0	1	0	2	0	14	0	0	11	0	0	0	4	0	0	0	0	
0	0	0	0	0	0	0	0	1	0	3	5	0	0	1	0	0	2	10	0	16	0	2	3	0	0	0	0	
0	0	0	0	0	0	0	0	10	0	0	6	0	6	0	0	11	2	0	0	0	3	0	0	0	0	0	0	
0	0	0	0	0	0	0	0	6	0	0	0	1	8	0	1	0	0	98	210	0	2	0	10	0	0	0	0	
0	0	0	0	0	0	0	0	0	5	30	0	0	4	0	0	7	8	151	177	0	0	5	0	0	0	0	0	
0	0	0	0	0	0	0	0	0	60	103	0	0	0	0	0	0	63	255	147	22	0	3	0	0	0	0	0	
0	0	0	0	0	0	0	0	4	115	170	5	0	0	1	0	5	81	255	178	0	8	0	7	0	0	0	0	
1	0	1	0	8	0	12	1	81	255	181	0	0	10	0	0	0	89	254	168	6	0	4	0	0	0	0	0	
3	1	4	0	1	0	0	0	152	255	90	17	0	0	5	2	5	119	254	169	5	0	0	4	0	0	0	0	
0	4	4	0	1	9	0	31	246	242	119	0	0	12	8	0	2	160	255	169	7	0	0	4	0	0	0	0	
0	1	1	0	1	9	0	89	255	209	3	2	0	0	0	0	0	198	255	156	6	2	0	0	0	0	0	0	
5	0	0	0	0	0	1	148	250	200	16	3	0	11	0	1	6	232	255	126	0	7	5	0	0	0	0	0	
3	0	0	2	1	0	42	212	255	255	238	87	0	0	0	8	50	255	255	94	0	5	5	0	0	0	0	0	
0	0	0	0	7	0	94	254	245	225	240	255	90	9	0	7	94	255	253	83	0	4	0	1	0	0	0	0	
0	6	3	0	4	0	115	255	202	39	169	255	234	174	73	0	116	252	253	87	6	7	0	1	0	0	0	0	
0	0	1	4	0	3	242	239	160	8	0	140	250	255	252	255	255	255	242	31	12	0	0	0	0	0	0	0	
5	1	0	0	4	41	255	255	107	21	0	0	44	120	159	164	219	255	255	9	0	0	3	5	0	0	0	0	
0	0	0	1	3	30	154	167	5	0	4	1	0	10	13	6	108	241	248	3	0	5	0	0	0	0	0	0	
0	2	3	4	0	0	19	16	15	0	1	3	0	0	0	0	92	255	254	5	0	5	0	2	0	0	0	0	
2	7	2	0	0	0	0	0	0	0	9	3	5	21	8	0	80	255	255	17	0	5	0	3	0	0	0	0	
3	5	0	0	0	9	0	5	3	1	4	0	0	4	0	2	85	248	240	21	0	7	4	0	0	0	0	0	
0	1	0	0	3	0	0	0	5	0	1	6	4	0	0	12	207	248	178	1	0	0	6	3	0	0	0	0	
0	1	3	0	5	0	7	0	5	0	0	0	1	5	11	48	255	193	93	0	12	1	0	0	0	0	0	0	
0	0	0	0	0	0	0	0	0	0	0	0	0	0	0	0	0	0	0	0	0	0	0	0	0	0	0	0	
0	0	0	0	0	0	0	0	0	0	0	0	0	0	0	0	0	0	0	0	0	0	0	0	0	0	0	0	
0	0	0	0	0	0	0	0	0	0	0	0	0	0	0	0	0	0	0	0	0	0	0	0	0	0	0	0	
0	0	0	0	0	0	0	0	0	0	0	0	0	0	0	0	0	0	0	0	0	0	0	0	0	0	0	0	
