0	0	0	0	0	0	0	0	0	0	11	0	0	0	8	0	0	9	0	16	0	0	9	0	0	0	0	0	
0	0	0	0	0	0	0	0	11	0	9	0	11	10	0	0	2	0	12	0	5	8	5	0	0	0	0	0	
0	0	0	0	0	0	0	0	1	0	0	0	12	0	0	17	0	0	20	0	5	1	0	0	0	0	0	0	
0	0	0	0	0	0	0	0	4	6	21	0	0	2	0	4	0	3	0	1	7	0	0	2	0	0	0	0	
0	0	0	0	0	0	0	0	5	0	0	3	1	1	1	3	0	0	19	0	6	4	0	0	0	0	0	0	
0	0	0	0	0	0	0	0	0	21	0	12	5	0	0	7	3	4	164	0	0	2	0	2	0	0	0	0	
0	0	0	0	0	0	0	0	7	194	112	0	0	6	13	0	2	22	255	25	0	0	0	6	0	0	0	0	
0	0	0	0	0	0	0	0	47	250	108	0	6	0	0	8	0	20	246	49	2	4	3	0	0	0	0	0	
0	0	0	0	0	0	0	0	89	255	34	5	0	0	11	0	0	68	249	0	9	0	0	0	0	0	0	0	
0	0	0	0	0	0	0	0	91	243	8	0	8	0	0	7	1	102	254	0	2	0	0	2	0	0	0	0	
0	0	0	0	0	0	0	0	146	255	26	0	7	21	0	2	10	162	255	0	0	0	0	3	0	0	0	0	
0	0	0	0	0	0	0	0	184	255	20	0	0	4	0	0	22	221	255	2	0	2	0	0	0	0	0	0	
0	0	0	0	0	0	0	0	175	255	29	2	3	0	0	13	26	255	228	3	0	4	0	0	0	0	0	0	
0	0	0	0	0	0	0	0	99	255	99	0	4	0	0	3	30	255	177	1	0	4	1	0	0	0	0	0	
0	0	0	0	0	0	0	0	5	210	178	32	0	8	0	1	45	255	129	0	0	1	3	0	0	0	0	0	
0	0	0	0	0	0	0	0	3	138	254	162	69	65	83	105	64	255	104	1	2	0	3	0	0	0	0	0	
0	0	0	0	0	0	0	0	0	16	156	255	255	253	247	245	245	255	61	0	4	3	0	7	0	0	0	0	
0	0	0	0	0	0	0	0	7	0	20	42	20	22	34	49	144	233	27	0	6	4	3	0	0	0	0	0	
0	0	0	0	0	0	0	0	13	0	2	8	0	1	0	7	40	239	61	10	0	0	15	7	0	0	0	0	
0	0	0	0	0	0	0	0	0	0	0	0	3	5	0	0	30	250	78	0	0	0	4	0	0	0	0	0	
0	0	0	0	0	0	0	0	2	11	0	0	3	0	0	0	46	254	120	0	1	4	0	1	0	0	0	0	
0	0	0	0	0	0	0	0	0	2	0	5	10	2	3	0	37	249	175	3	1	4	0	18	0	0	0	0	
0	0	0	0	0	0	0	0	3	7	0	0	0	0	7	5	39	238	180	0	3	10	0	0	0	0	0	0	
0	0	0	0	0	0	0	0	0	1	0	12	5	0	5	0	38	255	227	0	0	0	8	1	0	0	0	0	
0	0	0	0	0	0	0	0	0	0	0	0	0	0	0	0	11	185	211	13	0	0	11	0	0	0	0	0	
0	0	0	0	0	0	0	0	0	0	0	0	0	0	0	0	4	6	0	0	22	1	0	4	0	0	0	0	
0	0	0	0	0	0	0	0	0	0	0	0	0	0	0	0	0	0	0	2	0	7	6	0	0	0	0	0	
0	0	0	0	0	0	0	0	0	0	0	0	0	0	0	0	5	2	0	19	0	4	1	0	0	0	0	0	
