0	0	0	0	0	0	0	0	0	0	0	0	0	0	0	0	2	0	0	0	0	4	0	5	0	0	0	0	
0	0	0	0	0	0	0	0	0	0	0	0	0	0	0	0	4	0	13	5	3	2	1	0	0	0	0	0	
0	0	0	0	0	0	0	0	0	0	0	0	0	0	0	0	0	8	0	0	0	5	8	6	0	0	0	0	
0	0	0	0	0	0	0	0	0	0	0	0	0	0	0	0	0	0	0	7	12	10	0	6	0	0	0	0	
0	0	0	0	0	0	0	0	0	0	0	0	0	0	0	0	0	10	8	0	0	98	255	18	0	0	0	0	
0	0	0	0	0	0	0	0	0	0	0	0	0	0	0	0	0	13	0	8	109	255	128	1	0	0	0	0	
0	0	0	0	0	0	0	0	0	0	0	0	0	0	0	0	5	1	2	6	255	248	56	0	0	0	0	0	
0	0	0	0	0	0	0	0	0	0	0	0	0	0	0	0	0	0	3	166	252	139	1	7	0	0	0	0	
0	5	0	0	4	3	0	6	0	0	66	160	128	0	4	0	9	0	24	255	255	78	0	8	0	0	0	0	
3	0	0	11	0	0	0	0	7	33	202	255	176	2	0	5	0	0	204	233	182	31	11	0	0	0	0	0	
6	0	0	8	0	0	22	0	0	157	243	229	50	0	0	0	0	162	255	255	58	0	12	0	0	0	0	0	
0	0	2	0	0	13	6	0	93	255	255	70	0	2	0	6	99	247	255	202	8	2	0	2	0	0	0	0	
0	0	15	0	2	4	0	22	216	246	179	0	0	5	0	57	219	254	251	87	4	2	2	1	0	0	0	0	
1	0	8	0	3	0	26	176	252	231	41	0	10	6	67	221	255	255	255	94	0	1	9	0	0	0	0	0	
1	4	0	0	0	2	115	255	255	69	0	19	0	40	230	200	255	238	255	53	2	7	0	0	0	0	0	0	
0	16	0	8	0	0	143	244	252	59	3	53	119	252	145	140	250	255	87	0	9	0	13	0	0	0	0	0	
0	0	0	0	3	0	50	222	255	255	245	255	219	67	0	201	252	232	2	0	17	0	0	0	0	0	0	0	
3	4	0	0	2	0	0	36	197	225	206	119	37	0	78	250	255	220	51	4	0	4	20	3	0	0	0	0	
0	3	8	0	5	15	0	0	5	0	0	0	16	14	207	255	255	118	14	2	0	0	3	0	0	0	0	0	
1	1	7	0	0	0	2	9	0	2	4	6	0	115	251	251	217	25	0	3	15	0	0	0	0	0	0	0	
10	0	0	3	0	0	0	0	8	0	3	0	0	242	251	255	96	0	6	0	7	3	0	8	0	0	0	0	
0	0	0	3	4	10	17	0	0	0	12	5	138	246	255	207	10	0	11	0	0	0	0	1	0	0	0	0	
0	10	0	0	0	0	6	0	0	6	0	22	240	255	236	40	7	3	0	2	16	0	5	1	0	0	0	0	
0	7	0	4	9	0	0	1	8	0	10	169	246	253	67	0	0	8	0	1	0	0	15	0	0	0	0	0	
0	0	0	0	0	0	0	0	0	0	0	0	0	0	0	0	0	0	0	0	0	0	0	0	0	0	0	0	
0	0	0	0	0	0	0	0	0	0	0	0	0	0	0	0	0	0	0	0	0	0	0	0	0	0	0	0	
0	0	0	0	0	0	0	0	0	0	0	0	0	0	0	0	0	0	0	0	0	0	0	0	0	0	0	0	
0	0	0	0	0	0	0	0	0	0	0	0	0	0	0	0	0	0	0	0	0	0	0	0	0	0	0	0	
