8	0	0	10	1	0	7	0	0	0	0	0	0	0	0	0	0	1	4	2	0	0	0	0	0	0	0	0	
0	3	2	0	0	6	0	12	0	0	0	0	0	0	0	0	0	1	1	0	2	5	4	0	0	0	0	0	
0	0	0	0	4	3	0	0	0	0	0	0	0	0	0	0	4	4	0	0	0	4	3	0	0	0	0	0	
8	0	2	0	9	0	28	0	0	0	0	0	0	0	0	0	2	5	3	0	0	0	0	0	0	0	0	0	
0	0	0	0	0	8	0	0	0	0	0	0	0	0	0	0	0	0	0	4	3	0	0	3	0	0	0	0	
5	16	12	5	81	174	22	13	0	0	0	0	0	0	0	0	20	0	0	0	7	1	0	2	0	0	0	0	
0	0	0	0	116	255	111	0	0	0	0	0	0	0	0	0	136	61	0	0	5	0	0	0	0	0	0	0	
7	0	12	0	112	247	253	24	0	0	0	0	0	0	0	0	255	140	23	0	6	4	0	4	0	0	0	0	
1	4	0	0	0	255	232	164	0	0	8	13	0	5	2	0	252	223	20	14	0	14	0	5	0	0	0	0	
0	6	0	2	16	133	241	250	115	4	0	0	11	14	0	17	212	254	152	0	0	0	1	0	0	0	0	0	
1	8	0	0	0	0	141	252	237	58	5	8	0	0	3	0	130	255	255	7	5	0	15	5	0	0	0	0	
8	0	0	8	0	0	44	212	255	218	8	0	8	0	4	10	32	240	251	37	0	0	0	0	0	0	0	0	
1	0	4	3	0	18	0	121	244	255	66	58	86	80	45	0	20	255	255	106	6	18	1	4	0	0	0	0	
0	5	6	0	0	0	0	22	255	250	229	255	251	255	217	81	47	246	255	111	0	0	3	0	0	0	0	0	
0	1	3	0	4	0	11	7	163	255	255	255	228	227	249	255	159	250	255	115	1	0	11	1	0	0	0	0	
8	0	0	12	0	4	0	0	54	250	247	211	37	23	153	252	255	254	251	118	0	1	0	0	0	0	0	0	
0	0	0	0	0	0	0	0	25	227	255	82	8	0	10	163	255	255	255	113	5	8	0	0	0	0	0	0	
0	0	0	0	0	0	0	0	0	64	78	8	0	4	0	83	238	255	249	101	0	7	3	1	0	0	0	0	
0	0	0	0	0	0	0	0	5	0	4	0	0	9	2	25	125	253	255	114	3	0	2	6	0	0	0	0	
0	0	0	0	0	0	0	0	9	0	18	10	0	0	0	0	28	239	255	123	8	0	0	1	0	0	0	0	
0	0	0	0	0	0	0	0	0	0	3	0	0	6	2	0	29	255	251	108	5	1	2	0	0	0	0	0	
0	0	0	0	0	0	0	0	4	0	0	0	10	9	0	6	28	255	255	108	0	1	0	0	0	0	0	0	
0	0	0	0	0	0	0	0	2	5	0	0	1	0	0	0	15	249	255	119	0	1	0	8	0	0	0	0	
0	0	0	0	0	0	0	0	0	5	4	0	0	3	12	0	40	247	254	112	0	15	0	5	0	0	0	0	
0	0	0	0	0	0	0	0	0	0	0	0	0	0	0	0	25	218	246	85	0	3	8	0	0	0	0	0	
0	0	0	0	0	0	0	0	0	0	0	0	0	0	0	0	0	5	0	0	8	0	0	4	0	0	0	0	
0	0	0	0	0	0	0	0	0	0	0	0	0	0	0	0	0	11	5	0	0	10	10	11	0	0	0	0	
0	0	0	0	0	0	0	0	0	0	0	0	0	0	0	0	2	0	2	1	0	0	0	0	0	0	0	0	
