0	0	0	0	0	0	0	0	0	9	0	2	12	0	9	0	1	0	0	2	0	0	0	4	0	0	0	0	
0	0	0	0	0	0	0	0	8	2	8	0	0	13	0	0	7	0	0	4	3	1	0	0	0	0	0	0	
0	0	0	0	0	0	0	0	5	0	9	2	0	3	0	14	4	0	10	0	0	1	0	1	0	0	0	0	
0	0	0	0	0	0	0	0	0	7	0	11	4	0	0	0	0	0	18	0	0	5	2	1	0	0	0	0	
0	0	0	0	0	0	0	0	0	21	0	0	0	18	2	0	35	0	7	0	8	7	0	0	0	0	0	0	
0	0	0	0	0	0	0	0	3	0	2	0	0	6	0	121	186	15	0	0	12	0	0	4	0	0	0	0	
0	0	0	0	0	0	0	0	2	0	2	14	0	0	12	250	255	41	0	0	2	0	0	6	0	0	0	0	
0	0	0	0	0	0	0	0	1	40	0	0	0	11	66	255	247	24	6	0	0	0	9	0	0	0	0	0	
0	0	0	0	0	0	0	0	13	216	197	0	10	0	78	255	255	0	0	1	0	0	0	8	0	0	0	0	
0	0	0	0	0	0	0	0	54	229	255	40	14	1	98	254	254	8	2	4	9	1	0	4	0	0	0	0	
0	0	0	0	0	0	0	0	0	240	255	144	0	0	165	252	217	4	6	0	1	2	0	0	0	0	0	0	
0	0	0	0	0	0	0	0	0	134	255	171	7	15	171	254	202	0	6	1	0	0	9	0	0	0	0	0	
0	0	0	0	0	0	0	0	21	80	252	250	31	0	119	255	232	0	0	10	0	0	14	0	0	0	0	0	
0	0	0	0	0	0	0	0	0	45	255	255	170	33	195	252	249	10	0	3	6	0	6	0	0	0	0	0	
0	0	0	0	0	0	0	0	2	7	167	250	253	255	248	252	249	116	68	0	0	0	0	1	0	0	0	0	
0	0	0	0	0	0	0	0	1	3	28	226	255	255	255	255	255	253	190	13	0	5	1	1	0	0	0	0	
0	0	0	0	0	0	0	0	5	5	0	21	116	175	213	255	255	255	180	13	0	0	17	0	0	0	0	0	
0	0	0	0	0	0	0	0	0	2	9	9	2	1	76	253	253	171	24	0	8	0	0	0	0	0	0	0	
0	0	0	0	0	0	0	0	10	1	0	6	0	1	46	248	255	178	0	0	8	7	0	9	0	0	0	0	
0	0	0	0	0	0	0	0	0	0	0	0	0	4	0	170	250	230	16	4	0	0	6	0	0	0	0	0	
0	0	0	0	0	0	0	0	0	11	15	8	0	8	0	115	255	244	53	6	5	0	3	0	0	0	0	0	
0	0	0	0	0	0	0	0	0	0	0	0	0	12	0	95	255	255	119	4	14	0	6	3	0	0	0	0	
0	0	0	0	0	0	0	0	4	1	10	12	0	0	8	81	246	255	169	0	0	0	0	0	0	0	0	0	
0	0	0	0	0	0	0	0	0	0	0	0	0	0	9	24	255	250	173	0	7	11	0	7	0	0	0	0	
0	0	0	0	0	0	0	0	0	0	0	0	0	0	0	0	204	255	162	8	0	13	0	2	0	0	0	0	
0	0	0	0	0	0	0	0	0	0	0	0	0	0	0	0	0	7	0	0	6	0	0	6	0	0	0	0	
0	0	0	0	0	0	0	0	0	0	0	0	0	0	0	0	14	0	0	7	0	0	8	5	0	0	0	0	
0	0	0	0	0	0	0	0	0	0	0	0	0	0	0	0	0	0	0	0	0	6	15	0	0	0	0	0	
