0	0	0	0	0	0	0	0	0	0	0	0	0	0	0	0	0	7	0	5	0	0	3	4	0	0	0	0	
0	0	0	0	0	0	0	0	0	0	0	0	0	0	0	0	0	0	1	0	18	0	6	0	0	0	0	0	
0	0	0	0	0	0	0	0	0	0	0	0	0	0	0	0	0	0	10	0	0	7	0	0	0	0	0	0	
0	0	0	0	0	0	0	0	0	0	0	0	0	0	0	0	4	0	0	0	0	3	0	2	0	0	0	0	
0	0	0	0	0	0	0	0	0	0	0	0	0	0	0	0	0	18	6	5	6	0	17	0	0	0	0	0	
0	0	0	0	0	0	0	0	0	0	0	0	0	0	0	0	8	44	248	2	9	0	0	0	0	0	0	0	
0	0	0	0	0	0	0	0	0	0	0	0	0	0	0	0	36	252	255	196	0	8	4	0	0	0	0	0	
0	0	0	0	0	0	0	0	0	0	0	0	0	0	0	0	152	255	253	255	82	9	0	7	0	0	0	0	
0	6	1	2	3	0	0	0	0	0	9	0	0	3	5	4	195	255	242	230	36	0	0	8	0	0	0	0	
0	6	0	0	0	5	11	1	13	98	229	59	17	2	0	78	255	253	249	86	0	9	0	4	0	0	0	0	
0	0	1	0	0	1	3	0	0	202	253	136	0	22	0	176	253	247	255	38	0	10	0	2	0	0	0	0	
3	0	4	13	0	0	0	4	120	255	249	126	3	0	140	243	255	248	169	2	0	7	1	0	0	0	0	0	
9	0	3	0	0	4	0	11	174	235	255	72	10	0	255	255	255	255	115	0	0	0	7	4	0	0	0	0	
1	0	7	0	0	15	0	0	185	245	250	43	174	255	242	255	242	255	142	10	4	0	0	0	0	0	0	0	
0	0	10	0	6	5	0	47	185	255	255	218	248	248	227	138	255	248	93	0	0	5	1	0	0	0	0	0	
3	0	3	0	3	0	14	162	253	254	255	253	255	255	23	94	249	255	73	23	0	0	8	9	0	0	0	0	
0	0	5	0	7	0	19	164	255	250	255	251	140	53	14	133	255	250	77	8	0	0	1	3	0	0	0	0	
7	0	2	0	5	0	0	64	250	255	255	194	62	0	4	175	248	255	51	2	0	8	1	0	0	0	0	0	
3	0	4	0	4	14	0	0	152	138	85	33	0	0	1	168	255	172	30	0	3	0	0	3	0	0	0	0	
0	0	11	0	0	14	4	0	0	9	0	0	9	14	0	171	247	254	6	0	0	13	0	0	0	0	0	0	
0	0	9	0	0	0	4	2	0	13	0	0	0	0	1	239	251	124	0	0	4	0	2	14	0	0	0	0	
3	0	0	2	0	0	1	0	1	4	0	4	18	4	0	236	252	234	3	5	1	5	0	0	0	0	0	0	
0	0	0	3	7	4	4	0	0	0	3	0	0	0	3	255	255	159	11	2	4	0	1	2	0	0	0	0	
0	11	3	1	2	0	0	1	1	0	0	0	3	2	0	244	250	185	0	0	0	0	5	0	0	0	0	0	
0	0	0	0	0	0	0	0	0	0	0	0	4	0	22	160	124	50	0	0	7	1	0	2	0	0	0	0	
0	0	0	0	0	0	0	0	10	11	2	0	9	6	0	20	20	5	0	3	7	1	0	1	0	0	0	0	
0	0	0	0	0	0	0	0	0	0	0	0	1	14	0	0	0	0	6	1	0	0	3	3	0	0	0	0	
0	0	0	0	0	0	0	0	4	0	4	4	0	0	0	8	3	9	6	0	0	1	3	0	0	0	0	0	
