0	0	0	0	0	0	0	0	0	0	5	0	5	8	5	0	1	12	0	0	2	6	5	0	0	0	0	0	
0	0	0	0	0	0	0	0	0	0	0	9	0	0	0	3	3	0	9	0	8	0	0	4	0	0	0	0	
0	0	0	0	0	0	0	0	7	0	1	0	1	0	2	12	1	1	13	0	12	0	9	2	0	0	0	0	
0	0	0	0	0	0	0	0	0	0	0	4	14	3	3	0	0	3	0	0	1	0	18	0	0	0	0	0	
0	0	0	0	0	0	0	0	0	18	0	2	0	0	4	0	4	0	26	3	2	0	6	0	0	0	0	0	
0	0	0	0	0	0	0	0	0	1	130	238	236	11	0	23	2	36	169	31	0	3	6	2	0	0	0	0	
0	0	0	0	0	0	0	0	0	104	255	255	232	29	22	0	0	102	252	110	3	4	1	0	0	0	0	0	
0	0	0	0	0	0	0	0	113	221	254	239	101	0	0	6	7	160	249	230	49	0	0	7	0	0	0	0	
0	11	12	0	2	0	0	107	244	254	253	212	34	7	0	2	27	255	248	137	32	0	9	0	0	0	11	0	
8	0	0	1	10	0	24	211	254	254	211	26	0	19	4	0	125	255	249	127	4	0	0	7	27	0	0	11	
3	0	0	0	0	8	80	255	255	227	80	0	0	0	0	0	146	224	244	102	8	2	1	3	0	0	12	7	
0	0	9	0	0	4	138	248	242	155	8	15	2	0	0	6	229	255	247	48	2	0	8	0	25	0	0	9	
6	0	0	6	2	0	196	245	255	78	5	0	5	0	0	147	248	255	152	0	0	0	6	5	0	28	0	0	
5	0	0	0	0	8	234	255	245	97	0	0	5	0	9	240	255	244	70	10	6	8	0	4	5	0	18	0	
0	11	4	0	0	12	184	255	240	237	119	125	116	141	160	255	252	234	113	108	116	126	127	163	244	0	0	17	
0	0	0	11	3	0	84	244	255	237	254	246	255	247	251	255	247	255	255	251	255	240	253	255	250	204	12	0	
2	0	0	7	0	0	21	58	230	250	255	243	255	229	255	250	255	247	252	245	246	255	250	255	255	243	0	4	
2	0	0	6	0	0	0	12	33	85	188	210	237	254	238	248	235	212	211	218	235	227	171	133	140	117	0	1	
0	0	0	3	3	0	0	0	0	0	1	0	202	255	255	226	34	8	0	0	13	27	8	0	28	0	3	1	
0	0	0	0	1	6	5	1	6	0	4	18	219	225	253	50	0	0	2	0	0	1	0	10	0	0	11	5	
0	3	1	0	0	0	1	0	0	17	0	100	255	255	210	16	8	0	8	4	5	7	0	0	1	5	1	5	
0	0	3	1	0	1	0	0	0	0	48	255	240	246	108	0	4	0	0	0	0	6	0	4	0	19	0	2	
0	0	0	4	6	4	2	3	9	0	72	239	241	220	22	5	0	0	13	7	1	2	0	0	0	6	0	1	
11	0	0	0	0	0	0	0	0	21	205	247	223	93	0	2	4	0	1	0	0	3	0	3	5	0	8	2	
0	0	0	0	0	0	0	0	0	110	255	242	158	13	0	0	0	0	0	0	0	0	0	0	0	0	0	0	
0	0	0	0	0	0	0	0	0	0	8	2	16	0	0	0	0	0	0	0	0	0	0	0	0	0	0	0	
0	0	0	0	0	0	0	0	4	0	0	0	1	0	1	9	0	0	0	0	0	0	0	0	0	0	0	0	
0	0	0	0	0	0	0	0	0	0	0	11	0	0	0	0	0	0	0	0	0	0	0	0	0	0	0	0	
