0	0	0	0	0	0	0	0	1	1	0	0	2	3	0	0	0	0	9	0	0	0	0	5	0	4	5	0	
0	0	0	0	0	0	0	0	3	0	0	5	0	0	0	13	5	0	0	3	6	10	7	1	4	0	0	0	
0	0	0	0	0	0	0	0	0	0	0	0	3	12	2	0	0	0	0	9	0	0	0	0	6	0	1	11	
0	0	0	0	0	0	0	0	9	0	0	3	0	0	0	20	4	0	0	4	7	7	18	1	0	0	0	1	
0	0	0	0	0	0	0	0	0	2	2	2	5	6	0	0	2	6	8	6	0	0	0	0	10	13	0	4	
0	0	0	0	0	0	0	0	0	0	0	0	0	2	3	1	10	0	0	0	0	1	0	13	0	0	0	6	
0	0	0	0	0	0	0	0	19	0	0	9	2	5	83	183	148	35	3	0	15	19	0	0	6	50	9	0	
0	0	0	0	0	0	0	0	0	12	4	0	63	188	255	247	127	12	6	0	0	0	4	104	186	236	126	11	
0	14	0	0	8	0	0	0	1	0	32	142	236	232	129	6	7	0	3	2	1	5	95	249	255	192	83	3	
0	0	0	7	3	0	1	8	0	44	221	251	179	17	2	0	0	4	0	0	37	183	255	230	140	54	0	0	
4	0	0	9	0	0	5	0	21	244	255	166	16	0	9	9	0	12	2	85	232	238	195	33	10	0	0	0	
3	0	4	0	0	6	1	0	159	255	213	0	0	8	0	2	0	5	108	234	255	204	0	0	0	9	17	0	
0	8	3	0	6	3	0	65	255	244	59	17	7	0	1	0	0	104	255	255	156	17	16	5	11	0	0	0	
0	1	0	0	14	0	5	139	239	242	0	0	8	3	10	1	122	243	255	160	2	0	0	0	8	0	0	2	
0	0	4	0	7	0	4	121	250	249	114	112	96	160	0	124	254	251	121	14	7	0	20	0	0	6	12	2	
3	0	11	0	0	4	0	50	227	252	246	252	250	151	141	246	254	104	22	0	0	7	0	7	1	0	0	0	
0	0	0	0	0	0	0	0	31	232	242	179	99	117	255	255	63	23	0	0	5	0	0	2	0	0	0	0	
0	0	0	0	0	0	0	0	0	0	16	0	138	255	215	57	16	0	0	0	4	0	0	2	0	0	0	0	
0	0	0	0	0	0	0	0	18	0	6	90	231	224	90	4	0	0	0	0	2	0	0	0	0	0	0	0	
0	0	0	0	0	0	0	0	0	0	30	221	254	98	11	1	1	4	3	0	0	0	1	1	0	0	0	0	
0	0	0	0	0	0	0	0	0	12	216	255	134	0	0	0	0	0	0	0	0	3	5	1	0	0	0	0	
0	0	0	0	0	0	0	0	0	105	255	170	37	0	11	0	0	0	0	0	2	5	1	0	0	0	0	0	
0	0	0	0	0	0	0	0	7	249	225	82	7	0	0	7	4	3	3	6	5	0	0	0	0	0	0	0	
0	0	0	0	0	0	0	0	7	255	206	0	3	0	7	0	0	0	0	1	0	0	0	7	0	0	0	0	
0	0	0	0	0	0	0	0	12	250	138	0	13	0	3	0	0	0	0	0	0	0	0	0	0	0	0	0	
0	0	0	0	0	0	0	0	0	197	156	9	0	4	16	0	0	0	0	0	0	0	0	0	0	0	0	0	
0	0	0	0	0	0	0	0	3	2	0	0	3	2	0	0	0	0	0	0	0	0	0	0	0	0	0	0	
0	0	0	0	0	0	0	0	11	0	0	7	6	11	0	3	0	0	0	0	0	0	0	0	0	0	0	0	
