0	7	0	0	0	0	4	5	0	1	0	0	7	0	0	3	0	6	2	0	0	1	0	3	0	0	0	0	
2	0	0	3	6	0	0	0	14	0	4	12	0	0	15	0	0	2	12	0	12	5	4	0	0	0	0	0	
6	0	0	8	3	0	0	0	0	0	1	6	0	0	1	0	2	0	0	5	2	0	0	6	0	0	0	0	
0	0	4	4	0	0	4	10	1	19	2	0	3	13	0	0	8	19	4	11	0	13	3	0	0	0	0	0	
0	0	6	0	0	6	0	0	8	0	0	16	0	0	0	14	0	0	0	8	5	4	0	1	0	0	0	0	
4	0	3	0	2	12	0	0	0	169	143	30	4	24	0	2	0	2	21	0	13	0	4	8	0	0	0	0	
2	0	6	0	6	4	0	60	204	238	255	214	27	0	0	3	8	158	182	27	0	5	19	0	0	0	0	0	
0	0	13	0	0	0	8	137	246	255	220	140	7	6	3	2	0	218	255	146	9	4	0	8	0	0	0	0	
0	16	0	18	10	0	147	242	251	240	60	0	2	3	0	3	0	221	254	230	67	2	0	13	0	0	0	0	
10	0	6	0	0	30	238	255	247	156	11	2	3	8	0	16	0	216	251	255	50	3	8	0	0	0	0	0	
0	0	11	6	0	113	255	247	249	0	0	0	7	0	30	0	10	217	249	255	116	2	1	0	0	0	0	0	
1	6	0	4	7	182	243	250	134	9	3	0	0	0	0	3	0	126	242	252	223	1	0	6	0	0	0	0	
3	0	0	0	53	223	251	225	41	4	0	5	0	8	7	4	8	55	250	251	230	0	3	10	0	0	0	0	
0	0	2	13	70	253	255	186	0	0	0	4	10	0	6	0	0	57	239	242	221	40	0	0	0	0	0	0	
13	7	0	1	96	254	254	220	168	147	158	175	10	0	18	0	16	113	225	250	255	125	8	0	0	0	0	0	
0	0	10	0	205	247	253	255	249	255	254	240	255	254	248	255	254	247	255	255	251	163	96	36	0	0	0	0	
0	9	0	3	92	220	255	246	252	252	252	252	252	252	252	252	244	255	245	245	255	249	232	81	0	0	0	0	
0	9	0	0	15	101	177	209	126	126	126	126	126	126	126	126	126	118	206	248	249	255	104	12	0	0	0	0	
0	1	3	0	0	0	19	36	0	0	0	0	0	0	0	0	9	1	151	255	236	181	5	0	0	0	0	0	
10	0	0	3	6	0	0	0	1	1	1	1	1	1	1	1	0	0	165	255	250	166	17	13	0	0	0	0	
0	0	0	1	0	0	5	15	0	0	0	0	0	0	0	0	3	5	153	246	254	252	36	0	0	0	0	0	
0	0	4	3	0	0	0	0	1	1	1	1	1	1	1	1	0	0	42	251	246	255	32	0	0	0	0	0	
7	2	0	0	0	7	10	7	0	0	0	0	0	0	0	0	1	8	0	255	252	237	36	11	0	0	0	0	
0	0	3	3	0	0	0	0	1	1	1	1	1	1	1	1	0	0	13	245	242	255	25	0	0	0	0	0	
0	0	0	0	0	0	0	0	0	0	0	0	0	0	0	0	7	0	20	254	244	178	7	1	0	0	0	0	
0	0	0	0	0	0	0	0	0	0	0	0	0	0	0	0	5	0	0	0	0	1	0	4	0	0	0	0	
0	0	0	0	0	0	0	0	0	0	0	0	0	0	0	0	0	7	21	0	4	0	10	0	0	0	0	0	
0	0	0	0	0	0	0	0	0	0	0	0	0	0	0	0	3	0	0	0	2	9	2	2	0	0	0	0	
