0	0	0	0	0	0	0	0	2	0	0	6	5	4	0	0	4	0	0	0	0	4	3	0	0	0	0	0	
0	0	0	0	0	0	0	0	3	14	3	4	0	0	5	16	5	0	13	22	1	0	0	7	0	0	0	0	
0	0	0	0	0	0	0	0	0	9	0	3	2	8	1	0	10	0	0	0	0	10	6	0	0	0	0	0	
0	0	0	0	0	0	0	0	0	15	0	7	0	1	0	4	0	20	25	7	0	0	5	0	0	0	0	0	
0	0	0	0	0	0	0	0	0	0	0	4	0	13	0	12	0	10	0	0	7	0	1	11	0	0	0	0	
0	0	0	0	0	0	0	0	13	0	6	4	0	1	0	0	0	0	37	181	187	56	6	0	0	0	0	0	
0	0	0	0	0	0	0	0	0	0	1	0	0	0	37	0	5	6	160	255	165	20	0	0	0	0	0	0	
0	0	0	0	0	0	0	0	2	0	5	106	224	227	230	26	0	0	196	228	54	0	7	5	0	0	0	0	
0	17	0	3	6	0	0	10	0	14	159	252	255	249	246	173	10	0	192	247	76	0	8	0	0	0	0	0	
7	0	0	7	0	4	19	0	79	209	255	244	181	59	124	129	12	51	239	255	84	0	10	0	0	0	0	0	
6	0	0	0	17	0	0	22	195	255	202	130	0	5	0	15	0	108	251	255	67	7	1	0	0	0	0	0	
1	0	14	0	0	76	171	182	255	241	83	13	0	0	16	0	69	226	247	212	0	8	0	16	0	0	0	0	
0	0	1	10	8	170	255	255	255	241	43	0	17	5	0	4	72	255	255	187	0	14	0	0	0	0	0	0	
0	15	0	0	56	239	249	237	226	255	202	67	0	10	0	8	88	245	253	102	0	0	0	13	0	0	0	0	
0	8	15	0	4	228	255	160	75	212	240	231	0	1	6	1	151	252	255	61	21	0	0	0	0	0	0	0	
0	0	3	0	3	47	11	6	0	24	211	253	188	66	0	0	214	252	202	0	0	8	0	3	0	0	0	0	
0	0	0	0	0	0	0	0	0	11	113	255	255	171	113	155	248	255	125	6	7	0	2	5	0	0	0	0	
0	0	0	0	0	0	0	0	1	0	3	101	255	255	237	255	244	249	88	0	0	0	0	0	0	0	0	0	
0	0	0	0	0	0	0	0	10	13	0	12	168	245	244	255	255	250	70	0	0	13	5	3	0	0	0	0	
0	0	0	0	0	0	0	0	0	0	7	0	10	51	70	114	255	230	39	7	0	3	0	9	0	0	0	0	
0	0	0	0	0	0	0	0	8	2	0	13	0	1	0	96	250	199	0	6	0	0	0	4	0	0	0	0	
0	0	0	0	0	0	0	0	0	8	0	5	3	2	0	192	255	187	0	4	11	7	0	0	0	0	0	0	
0	0	0	0	0	0	0	0	0	12	0	2	0	0	2	220	250	195	0	0	0	0	2	0	0	0	0	0	
0	0	0	0	0	0	0	0	7	0	2	0	0	4	7	145	254	224	35	11	0	0	14	0	0	0	0	0	
0	0	0	0	0	0	0	0	0	0	5	5	0	0	12	31	241	245	73	0	17	0	1	0	0	0	0	0	
0	0	0	0	0	0	0	0	0	0	1	2	0	0	1	10	0	25	0	0	10	0	10	0	0	0	0	0	
0	0	0	0	0	0	0	0	2	0	0	1	2	0	0	0	0	2	4	10	0	0	11	0	0	0	0	0	
0	0	0	0	0	0	0	0	1	0	0	1	5	4	0	0	5	0	0	3	0	0	7	1	0	0	0	0	
