0	0	0	0	0	0	0	0	3	1	0	0	4	2	0	4	0	0	0	0	0	0	0	0	0	0	0	0	
0	0	0	0	0	0	0	0	1	0	11	16	0	0	13	0	0	0	0	0	0	0	0	0	0	0	0	0	
0	0	0	0	0	0	0	0	5	12	0	0	3	0	0	9	0	0	0	0	0	0	0	0	0	0	0	0	
0	0	0	0	0	0	0	0	0	0	1	14	12	4	2	1	0	0	0	0	0	0	0	0	0	0	0	0	
0	0	0	0	0	0	0	0	0	21	5	0	0	6	0	0	0	0	0	0	0	0	0	0	0	0	0	0	
0	0	0	0	0	0	0	0	14	0	6	6	13	157	197	34	0	0	0	0	0	0	0	0	0	0	0	0	
0	0	0	0	0	0	0	0	0	0	2	10	101	243	197	0	0	0	0	0	0	0	0	0	0	0	0	0	
0	0	0	0	0	0	0	0	0	15	0	1	130	255	208	64	0	0	0	0	0	0	0	0	0	0	0	0	
0	2	3	1	0	1	2	3	3	0	7	98	255	206	222	198	26	0	12	0	1	8	2	0	0	0	0	0	
0	1	1	1	0	1	1	1	0	0	0	186	252	124	144	255	101	1	8	0	1	0	0	0	0	0	0	0	
0	0	0	0	2	1	0	0	13	0	105	255	224	41	85	248	182	0	2	0	6	0	0	2	0	0	0	0	
2	0	0	0	2	1	0	0	0	30	222	241	118	10	48	241	226	1	0	3	9	0	5	0	0	0	0	0	
2	0	0	1	2	0	0	3	5	158	255	177	27	0	0	198	250	27	5	3	2	1	9	0	0	0	0	0	
2	0	0	1	1	0	2	11	113	241	255	202	116	58	33	117	255	75	10	0	0	0	8	0	0	0	0	0	
2	0	0	2	0	0	5	20	239	255	255	239	253	233	248	203	255	110	3	0	0	0	4	0	0	0	0	0	
1	0	0	3	0	0	6	25	197	193	117	85	134	236	254	252	243	120	0	3	1	3	0	0	0	0	0	0	
0	0	0	0	0	0	0	0	8	0	5	0	0	29	75	190	251	121	0	0	5	2	0	0	0	0	0	0	
0	0	0	0	0	0	0	0	0	0	4	4	0	2	14	139	252	150	1	0	1	0	0	5	0	0	0	0	
0	0	0	0	0	0	0	0	0	6	0	2	7	0	0	130	255	190	3	0	0	0	0	7	0	0	0	0	
0	0	0	0	0	0	0	0	7	5	0	2	2	0	7	113	255	223	7	0	0	8	0	0	0	0	0	0	
0	0	0	0	0	0	0	0	0	0	0	11	0	0	2	38	245	248	37	0	0	7	0	0	0	0	0	0	
0	0	0	0	0	0	0	0	0	0	0	12	0	2	3	0	227	255	82	10	0	0	0	10	0	0	0	0	
0	0	0	0	0	0	0	0	0	8	0	3	0	6	5	3	221	255	107	6	0	4	0	8	0	0	0	0	
0	0	0	0	0	0	0	0	0	13	0	0	1	1	0	0	227	248	108	0	0	15	0	0	0	0	0	0	
0	0	0	0	0	0	0	0	0	0	0	0	0	0	0	0	149	234	86	0	3	0	22	0	0	0	0	0	
0	0	0	0	0	0	0	0	0	0	0	0	0	0	0	0	0	36	0	0	3	0	7	0	0	0	0	0	
0	0	0	0	0	0	0	0	0	0	0	0	0	0	0	0	0	0	0	10	2	0	0	0	0	0	0	0	
0	0	0	0	0	0	0	0	0	0	0	0	0	0	0	0	20	0	13	5	0	4	1	1	0	0	0	0	
