0	0	0	0	0	0	0	0	3	3	0	0	0	8	9	0	0	0	0	0	0	0	0	0	0	0	0	0	
0	0	0	0	0	0	0	0	0	2	5	0	10	0	0	5	0	0	0	0	0	0	0	0	0	0	0	0	
0	0	0	0	0	0	0	0	6	0	5	9	0	0	4	0	0	0	0	0	0	0	0	0	0	0	0	0	
0	0	0	0	0	0	0	0	2	0	0	9	0	7	12	0	0	0	0	0	0	0	0	0	0	0	0	0	
0	0	0	0	0	0	0	0	4	6	0	0	19	0	0	1	0	0	0	0	0	0	0	0	0	0	0	0	
0	0	0	0	0	0	0	0	0	29	246	255	139	0	25	0	0	0	0	0	0	0	0	0	0	0	0	0	
0	0	0	0	0	0	0	0	15	122	255	238	180	10	0	4	0	0	0	0	0	0	0	0	0	0	0	0	
0	0	0	0	0	0	0	0	0	111	255	248	80	0	9	0	0	0	0	0	0	0	0	0	0	0	0	0	
3	0	3	9	0	16	2	0	2	155	246	242	58	7	0	11	0	11	0	1	2	0	9	0	0	0	0	0	
0	12	0	0	14	7	0	16	44	250	255	168	0	0	11	0	0	2	3	60	175	19	0	24	0	0	0	0	
3	0	5	11	4	0	0	0	199	247	243	50	18	12	2	0	0	19	0	163	236	82	14	0	0	0	0	0	
0	13	1	6	0	0	1	84	253	255	234	0	0	0	0	19	16	0	0	80	255	211	6	0	0	0	0	0	
18	0	0	0	7	14	116	239	253	244	57	0	0	11	3	0	0	2	40	175	250	255	7	7	0	0	0	0	
0	13	0	30	18	224	255	242	255	251	151	168	167	155	148	168	112	64	255	247	255	250	12	4	0	0	0	0	
7	0	0	7	226	250	253	255	250	244	255	232	253	255	255	255	242	255	255	235	254	255	19	0	0	0	0	0	
0	7	3	6	180	251	253	255	250	182	168	174	189	167	177	172	222	249	248	255	248	246	30	0	0	0	0	0	
0	4	0	0	52	134	169	155	39	14	0	0	5	2	0	0	28	120	138	184	254	254	15	4	0	0	0	0	
2	5	0	0	3	20	15	0	17	3	0	0	2	0	0	3	0	0	15	73	255	242	20	0	0	0	0	0	
0	0	0	1	0	0	0	0	0	0	0	3	1	0	0	6	3	18	0	34	205	255	25	0	0	0	0	0	
5	0	0	3	0	0	4	19	0	0	2	5	2	0	0	4	0	0	7	83	255	246	8	0	0	0	0	0	
0	1	3	3	0	0	0	0	5	2	1	2	1	0	0	1	0	9	0	148	255	255	9	16	0	0	0	0	
0	0	1	0	2	7	5	0	3	0	0	0	0	1	1	0	2	0	16	95	241	176	16	0	0	0	0	0	
7	2	0	0	0	0	0	1	0	0	0	0	0	1	0	0	0	0	3	187	255	150	0	11	0	0	0	0	
1	0	0	6	6	0	0	0	0	2	4	3	0	0	0	0	2	0	2	190	244	150	11	0	0	0	0	0	
0	0	0	0	0	0	0	0	0	0	0	0	0	0	0	0	0	3	0	184	241	56	0	0	0	0	0	0	
0	0	0	0	0	0	0	0	0	0	0	0	0	0	0	0	0	24	0	0	21	1	4	0	0	0	0	0	
0	0	0	0	0	0	0	0	0	0	0	0	0	0	0	0	2	0	0	0	0	0	0	12	0	0	0	0	
0	0	0	0	0	0	0	0	0	0	0	0	0	0	0	0	3	0	11	7	5	14	0	1	0	0	0	0	
