0	0	0	0	0	0	0	0	0	0	6	0	2	14	0	0	1	0	14	0	9	0	8	3	0	0	0	0	
0	0	0	0	0	0	0	0	0	2	7	0	0	0	0	1	4	1	0	0	0	0	3	0	0	0	0	0	
0	0	0	0	0	0	0	0	4	4	0	2	3	0	6	5	3	0	0	14	0	3	0	0	0	0	0	0	
0	0	0	0	0	0	0	0	0	0	0	3	6	0	3	0	0	0	14	0	0	12	0	6	0	0	0	0	
0	0	0	0	0	0	0	0	0	3	3	6	1	0	0	3	2	162	255	239	49	0	0	4	0	0	0	0	
0	0	0	0	0	0	0	0	6	0	0	0	0	12	1	3	0	216	239	255	27	0	7	0	0	0	0	0	
0	0	0	0	0	0	0	0	0	0	28	0	0	14	0	6	92	254	255	245	22	0	12	0	0	0	0	0	
0	0	0	0	0	0	0	0	3	46	127	67	5	9	0	46	231	254	255	149	5	0	5	0	0	0	0	0	
1	0	3	0	4	0	8	0	24	213	255	252	63	0	11	73	249	252	255	82	0	0	10	0	0	0	0	0	
3	0	3	0	0	2	6	0	116	248	239	250	78	4	3	81	249	254	185	13	6	0	0	2	0	0	0	0	
6	0	3	2	0	7	0	19	226	255	255	170	0	0	0	212	255	255	166	3	0	4	12	5	0	0	0	0	
1	0	3	9	0	2	2	112	250	237	255	88	0	12	36	243	254	245	126	1	1	0	3	0	0	0	0	0	
0	0	2	9	3	0	23	218	255	255	220	14	6	6	146	254	255	234	61	0	69	37	0	5	0	0	0	0	
0	5	4	0	0	0	62	254	246	253	206	6	42	61	208	255	244	255	191	181	255	221	100	0	0	0	0	0	
5	2	7	0	0	37	149	251	255	250	255	184	237	255	255	242	247	255	251	238	248	246	148	0	0	0	0	0	
0	0	9	0	10	106	247	255	243	255	235	255	255	248	255	254	254	255	245	254	255	215	90	4	0	0	0	0	
8	0	6	0	8	132	250	255	255	249	255	248	246	255	250	249	255	233	190	183	50	36	0	0	0	0	0	0	
1	0	9	0	0	59	148	172	239	187	191	169	185	255	255	255	250	93	1	0	0	11	6	0	0	0	0	0	
0	0	3	6	0	0	7	5	37	0	7	5	56	241	245	255	216	34	2	3	3	0	0	0	0	0	0	0	
7	0	0	0	1	0	0	0	0	8	1	0	65	255	245	249	176	0	0	0	12	3	0	2	0	0	0	0	
0	9	8	0	0	0	2	16	0	5	2	5	148	255	255	255	175	14	0	0	0	3	0	0	0	0	0	0	
0	6	9	1	2	0	0	0	13	0	2	0	201	240	255	247	55	0	0	6	0	0	0	12	0	0	0	0	
9	1	0	0	0	11	14	10	14	0	3	0	162	255	255	255	54	5	2	0	2	5	0	0	0	0	0	0	
0	0	6	9	0	0	0	2	0	0	7	1	64	255	241	220	23	0	0	0	9	0	4	3	0	0	0	0	
0	0	0	0	0	0	0	0	0	0	0	0	0	0	0	0	0	0	0	0	0	0	0	0	0	0	0	0	
0	0	0	0	0	0	0	0	0	0	0	0	0	0	0	0	0	0	0	0	0	0	0	0	0	0	0	0	
0	0	0	0	0	0	0	0	0	0	0	0	0	0	0	0	0	0	0	0	0	0	0	0	0	0	0	0	
0	0	0	0	0	0	0	0	0	0	0	0	0	0	0	0	0	0	0	0	0	0	0	0	0	0	0	0	
