0	0	0	0	0	0	0	0	0	10	5	0	1	2	2	0	0	0	0	0	0	0	0	0	0	0	0	0	
0	0	0	0	0	0	0	0	1	0	0	0	0	0	0	1	0	0	0	0	0	0	0	0	0	0	0	0	
0	0	0	0	0	0	0	0	0	0	11	5	1	13	8	0	0	0	0	0	0	0	0	0	0	0	0	0	
0	0	0	0	0	0	0	0	15	0	0	6	0	0	0	8	0	0	0	0	0	0	0	0	0	0	0	0	
0	0	0	0	0	0	0	0	0	7	5	5	1	3	8	0	0	0	0	0	0	0	0	0	0	0	0	0	
0	0	0	0	0	0	0	0	0	17	0	0	10	0	12	0	0	0	0	0	0	0	0	0	0	0	0	0	
0	0	0	0	0	0	0	0	6	0	0	181	222	38	0	8	0	0	0	0	0	0	0	0	0	0	0	0	
0	0	0	0	0	0	0	0	0	6	0	202	255	66	0	0	0	0	0	0	0	0	0	0	0	0	0	0	
0	0	0	0	0	0	0	0	1	0	32	244	240	58	0	0	7	0	0	149	131	10	0	3	0	0	0	0	
0	0	0	0	0	0	0	0	0	30	220	255	200	30	0	3	2	6	113	235	191	0	0	6	0	0	0	0	
0	0	0	0	0	0	0	0	9	115	250	255	116	3	7	0	0	92	214	244	114	6	0	0	0	0	0	0	
0	0	0	0	0	0	0	0	0	220	255	231	39	0	0	4	31	197	255	150	2	7	6	0	0	0	0	0	
0	0	0	0	0	0	0	0	3	221	226	61	0	15	0	0	155	255	248	63	0	0	4	3	0	0	0	0	
0	0	0	0	0	0	0	0	0	218	255	125	100	95	129	186	252	255	167	21	0	4	0	3	0	0	0	0	
0	0	0	0	0	0	0	0	0	118	225	255	255	240	237	255	255	194	54	1	0	13	0	0	0	0	0	0	
0	0	0	0	0	0	0	0	2	0	212	249	243	255	232	255	240	88	0	0	18	0	5	0	0	0	0	0	
0	0	0	0	0	0	0	0	0	4	10	38	138	159	241	255	209	15	0	0	1	5	0	10	0	0	0	0	
0	0	0	0	0	0	0	0	7	0	7	5	0	46	245	242	120	0	1	0	3	5	0	1	0	0	0	0	
0	0	0	0	0	0	0	0	2	0	6	8	2	169	255	232	28	0	4	2	1	1	3	0	0	0	0	0	
0	0	0	0	0	0	0	0	0	29	0	1	6	173	250	117	0	0	3	1	0	0	6	0	0	0	0	0	
0	0	0	0	0	0	0	0	5	0	11	0	67	250	245	78	0	8	0	4	1	0	3	2	0	0	0	0	
0	0	0	0	0	0	0	0	6	1	0	9	206	255	196	0	3	3	0	10	3	0	0	0	0	0	0	0	
0	0	0	0	0	0	0	0	0	0	0	57	243	243	80	16	1	0	0	12	0	5	0	0	0	0	0	0	
0	0	0	0	0	0	0	0	0	8	0	176	242	219	30	0	0	0	3	11	0	6	0	3	0	0	0	0	
0	0	0	0	0	0	0	0	3	0	5	197	255	82	0	9	0	0	0	0	0	0	0	0	0	0	0	0	
0	0	0	0	0	0	0	0	1	0	1	117	159	47	0	1	0	0	0	0	0	0	0	0	0	0	0	0	
0	0	0	0	0	0	0	0	4	2	0	1	14	0	0	5	0	0	0	0	0	0	0	0	0	0	0	0	
0	0	0	0	0	0	0	0	0	0	6	0	0	2	2	0	0	0	0	0	0	0	0	0	0	0	0	0	
