0	0	0	0	0	0	0	0	7	0	0	0	1	0	0	0	4	10	0	0	4	4	0	2	1	0	1	0	
0	0	0	0	0	0	0	0	0	0	0	5	6	3	3	4	0	0	5	5	0	0	0	1	4	6	10	0	
0	0	0	0	0	0	0	0	0	1	5	2	0	0	0	0	10	0	0	7	0	5	9	0	0	0	4	5	
0	0	0	0	0	0	0	0	1	5	3	0	0	0	0	0	0	1	7	4	0	0	0	7	2	0	0	8	
0	0	0	0	0	0	0	0	1	1	0	0	0	3	4	1	0	6	0	0	14	3	0	3	2	13	0	0	
0	0	0	0	0	0	0	0	0	0	0	2	0	0	0	0	0	0	0	0	9	3	0	14	0	1	6	0	
0	0	0	0	0	0	0	0	2	0	0	4	0	0	0	16	11	0	7	4	0	7	84	130	75	0	1	2	
0	0	0	0	0	0	0	0	2	0	0	5	0	0	23	63	115	14	0	8	25	129	245	255	220	14	0	7	
0	0	0	0	5	8	4	0	10	0	0	0	0	16	68	242	255	51	1	44	239	253	248	241	44	16	0	0	
6	4	0	0	0	0	0	0	0	9	2	6	20	1	205	243	252	45	83	255	225	253	202	58	14	2	0	2	
0	0	1	3	4	4	3	3	6	0	0	5	0	180	244	255	167	79	255	237	255	181	12	1	0	0	0	7	
2	0	0	0	0	0	0	0	0	0	21	5	163	251	255	209	114	228	255	250	171	0	10	0	1	0	2	4	
6	0	0	0	0	0	1	6	0	0	26	183	237	255	224	81	207	255	244	185	13	0	17	0	6	2	0	0	
0	0	1	7	2	0	0	0	20	142	247	255	255	240	179	218	252	255	158	0	1	0	0	5	0	0	0	0	
0	0	3	1	0	0	21	53	161	245	255	228	255	255	251	250	249	247	141	10	0	6	0	3	0	0	0	0	
3	0	0	0	11	66	163	244	248	255	253	255	252	254	255	253	253	253	255	150	6	0	4	0	4	4	2	0	
0	5	0	4	0	255	250	255	249	186	123	51	255	245	242	255	230	232	252	223	68	0	0	3	0	0	0	0	
4	7	0	0	19	241	224	186	60	5	6	124	230	255	247	61	7	59	164	222	113	16	0	8	0	0	0	0	
8	0	0	0	0	51	23	0	12	0	64	255	255	238	90	0	9	0	0	2	0	0	0	3	0	0	0	0	
0	0	6	17	2	2	0	3	7	20	252	251	243	138	0	0	0	7	0	0	1	16	7	0	0	0	0	0	
1	14	0	0	0	9	0	0	28	253	238	249	213	15	8	12	0	0	0	3	7	0	0	8	0	0	0	0	
0	2	0	2	0	6	0	30	195	255	254	199	30	0	0	0	13	4	0	0	11	3	0	0	0	0	0	0	
5	0	5	20	8	0	2	124	255	251	240	27	0	3	8	0	0	0	10	0	0	0	13	2	0	0	0	0	
1	0	7	0	0	10	89	252	250	235	80	0	8	5	0	10	8	0	4	5	11	0	0	0	0	0	0	0	
1	2	0	4	9	0	49	204	244	133	24	0	3	6	0	0	0	0	0	0	0	0	0	0	0	0	0	0	
0	8	0	0	13	0	0	37	51	11	0	0	2	0	0	2	0	0	0	0	0	0	0	0	0	0	0	0	
0	1	0	0	4	9	0	0	0	0	1	8	6	0	0	0	0	0	0	0	0	0	0	0	0	0	0	0	
2	5	9	3	0	0	4	11	2	4	3	0	0	1	3	3	0	0	0	0	0	0	0	0	0	0	0	0	
