0	0	0	0	0	0	0	0	1	0	8	15	0	0	8	0	3	1	2	4	0	0	0	6	0	0	0	0	
0	0	0	0	0	0	0	0	0	17	6	0	2	10	0	1	0	0	0	0	0	4	1	0	0	0	0	0	
0	0	0	0	0	0	0	0	12	0	0	6	0	0	2	2	0	1	6	4	0	0	2	4	0	0	0	0	
0	0	0	0	0	0	0	0	5	0	9	11	0	0	18	0	2	0	0	6	2	0	0	5	0	0	0	0	
0	0	0	0	0	0	0	0	0	4	0	4	11	0	0	6	11	0	0	0	5	4	1	1	0	0	0	0	
0	0	0	0	0	0	0	0	3	0	0	0	2	13	12	0	0	6	8	0	0	0	5	2	0	0	0	0	
0	0	0	0	0	0	0	0	0	10	18	0	15	141	169	62	7	0	0	5	5	0	0	0	0	0	0	0	
0	0	0	0	0	0	0	0	5	0	0	26	141	247	255	248	90	15	0	39	76	46	8	1	0	0	0	0	
0	14	0	0	4	0	1	0	0	0	20	173	255	255	246	255	223	0	42	247	253	234	12	1	0	0	0	0	
5	0	0	5	0	0	8	6	11	16	182	255	245	253	255	208	139	42	241	255	244	255	92	3	0	0	0	0	
10	0	0	10	0	0	2	0	8	150	255	243	255	213	82	0	55	203	251	252	250	244	151	11	0	0	0	0	
1	0	1	3	0	10	0	3	181	254	255	251	207	36	7	107	242	249	255	249	251	255	77	0	0	0	0	0	
0	5	3	0	2	6	0	103	255	240	255	221	22	45	220	243	243	255	246	248	214	56	0	0	0	0	0	0	
0	4	1	1	0	0	6	219	249	255	251	209	186	237	243	255	255	232	254	254	86	1	8	0	0	0	0	0	
4	0	2	3	0	0	8	224	255	241	255	255	255	255	240	240	250	255	255	163	0	0	0	14	0	0	0	0	
1	0	7	1	0	15	0	151	250	255	255	250	255	235	255	255	253	255	237	55	4	3	6	0	0	0	0	0	
0	1	2	0	0	1	9	16	222	255	255	243	229	155	171	255	250	252	127	9	0	0	0	12	0	0	0	0	
0	1	2	0	0	0	4	9	2	21	107	104	12	13	215	247	255	245	25	5	0	27	0	0	0	0	0	0	
0	1	2	0	0	0	0	1	0	0	23	13	0	94	255	251	241	83	7	14	0	0	0	3	0	0	0	0	
0	0	1	0	0	0	0	0	4	0	0	0	16	215	236	255	249	0	8	0	7	0	8	2	0	0	0	0	
0	0	1	1	0	0	0	0	6	0	4	8	75	255	255	255	109	17	0	0	17	6	3	0	0	0	0	0	
0	0	0	1	1	1	1	1	9	0	0	9	154	250	255	233	69	2	0	11	0	1	0	8	0	0	0	0	
0	0	0	0	0	1	1	0	0	9	11	3	203	239	255	255	242	34	10	0	0	3	0	6	0	0	0	0	
1	0	0	0	0	0	0	0	4	0	4	0	197	255	241	252	243	100	0	0	5	0	8	0	0	0	0	0	
0	0	0	0	0	0	0	0	0	9	2	4	93	232	255	240	249	65	1	3	0	3	0	4	0	0	0	0	
0	0	0	0	0	0	0	0	0	4	0	0	24	140	238	255	129	16	0	0	0	6	0	0	0	0	0	0	
0	0	0	0	0	0	0	0	0	0	9	6	0	0	3	0	19	0	0	0	0	10	0	1	0	0	0	0	
0	0	0	0	0	0	0	0	13	0	0	3	3	2	1	0	0	0	11	0	0	5	0	3	0	0	0	0	
