1	3	0	13	0	3	0	5	0	0	0	0	0	0	0	0	0	15	0	17	0	3	9	0	0	0	0	0	
0	0	7	0	0	16	0	8	0	0	0	0	0	0	0	0	0	0	1	0	0	3	0	0	0	0	0	0	
0	4	0	10	1	1	0	2	0	0	0	0	0	0	0	0	6	3	6	0	0	0	0	15	0	0	0	0	
3	7	0	0	0	0	3	0	0	0	0	0	0	0	0	0	0	8	0	7	13	3	1	0	0	0	0	0	
5	1	5	0	0	9	3	0	0	0	0	0	0	0	0	0	5	3	8	0	0	7	0	0	0	0	0	0	
0	7	0	104	113	0	15	0	0	0	0	0	0	0	0	0	11	38	130	33	0	0	0	18	0	0	0	0	
0	10	23	235	236	0	10	0	0	0	0	0	0	0	0	0	0	127	249	186	20	1	0	1	0	0	0	0	
4	0	122	255	251	68	0	10	0	0	0	0	0	0	0	0	4	225	249	255	6	0	21	0	0	0	0	0	
8	0	11	183	250	180	9	0	7	0	0	4	0	0	6	0	0	144	255	255	86	0	0	11	0	0	0	0	
0	22	0	132	255	255	111	6	0	0	0	2	13	0	0	0	0	121	237	255	203	1	0	0	0	0	0	0	
3	1	5	17	255	240	222	81	8	4	11	9	0	0	0	0	0	102	235	255	231	6	9	5	0	0	0	0	
1	0	1	0	156	255	255	209	0	10	0	0	4	3	0	22	0	137	255	251	144	0	0	2	0	0	0	0	
0	16	0	7	20	223	255	241	92	6	0	8	2	6	0	0	13	204	255	250	132	1	0	0	0	0	0	0	
3	7	0	0	0	74	240	255	253	73	13	15	0	0	0	6	127	255	255	250	220	7	5	3	0	0	0	0	
0	0	0	19	0	10	157	248	255	198	69	0	9	4	4	152	248	233	255	255	255	0	0	0	0	0	0	0	
0	0	2	5	0	0	13	89	255	255	204	61	0	27	107	247	228	79	237	255	241	12	6	1	0	0	0	0	
0	0	0	0	0	0	0	0	53	198	255	237	207	206	255	255	130	3	125	255	255	8	0	0	0	0	0	0	
0	0	0	0	0	0	0	0	1	24	163	253	250	251	255	77	10	0	176	239	245	2	2	3	0	0	0	0	
0	0	0	0	0	0	0	0	1	0	14	135	104	165	132	7	7	13	218	255	255	3	11	0	0	0	0	0	
0	0	0	0	0	0	0	0	2	11	0	0	11	1	7	3	0	2	137	244	255	0	0	0	0	0	0	0	
0	0	0	0	0	0	0	0	0	0	7	0	11	0	0	0	0	2	109	254	255	60	0	16	0	0	0	0	
0	0	0	0	0	0	0	0	7	0	0	6	1	6	2	10	2	0	120	246	244	142	0	0	0	0	0	0	
0	0	0	0	0	0	0	0	0	0	8	0	19	0	0	0	1	0	115	251	255	131	14	0	0	0	0	0	
0	0	0	0	0	0	0	0	0	7	0	9	0	15	0	2	2	0	100	255	250	11	0	0	0	0	0	0	
0	0	0	0	0	0	0	0	0	0	0	0	0	0	0	0	1	0	72	178	67	6	0	8	0	0	0	0	
0	0	0	0	0	0	0	0	0	0	0	0	0	0	0	0	13	0	0	24	0	0	0	0	0	0	0	0	
0	0	0	0	0	0	0	0	0	0	0	0	0	0	0	0	0	8	0	0	2	12	0	0	0	0	0	0	
0	0	0	0	0	0	0	0	0	0	0	0	0	0	0	0	0	10	12	0	7	0	0	14	0	0	0	0	
