0	0	0	0	0	0	0	0	8	0	0	0	0	0	14	3	0	6	3	0	1	7	4	0	0	0	0	0	
0	0	0	0	0	0	0	0	0	4	14	17	5	0	0	0	0	0	5	11	0	0	0	0	0	0	0	0	
0	0	0	0	0	0	0	0	3	0	0	0	0	0	0	5	9	1	0	13	0	6	4	7	0	0	0	0	
0	0	0	0	0	0	0	0	0	2	8	0	0	19	3	0	2	2	0	0	0	2	0	1	0	0	0	0	
0	0	0	0	0	0	0	0	6	0	0	4	7	0	0	10	0	11	11	0	10	0	0	1	0	0	0	0	
0	0	0	0	0	0	0	0	0	16	1	0	1	2	6	0	1	0	0	0	5	3	4	8	0	0	0	0	
0	0	0	0	0	0	0	0	0	59	143	255	241	61	0	0	0	0	21	81	0	0	2	0	0	0	0	0	
0	0	0	0	0	0	0	0	29	207	249	211	102	0	6	3	0	13	126	237	37	0	0	0	0	0	0	0	
0	0	13	0	0	3	4	4	121	255	231	31	1	4	0	3	0	14	202	244	24	0	12	0	0	0	0	0	
2	0	1	0	2	6	0	0	189	255	149	6	0	6	0	1	0	33	252	255	26	4	3	0	0	0	0	0	
4	0	0	0	9	3	0	21	249	216	12	0	3	0	0	0	6	34	246	163	10	0	3	9	0	0	0	0	
0	1	3	0	6	0	7	77	245	216	0	14	2	0	1	12	0	64	237	232	75	69	20	0	0	0	0	0	
0	2	6	0	3	0	12	88	255	245	0	5	0	10	15	0	34	169	255	233	255	167	47	20	0	0	0	0	
3	0	1	0	3	0	1	43	234	215	0	2	3	0	0	0	166	248	255	207	30	2	0	0	0	0	0	0	
4	0	1	0	0	7	0	3	221	237	78	36	18	18	94	214	255	255	232	74	0	0	24	0	0	0	0	0	
0	0	8	0	0	9	4	0	111	255	250	239	255	253	234	255	216	255	238	36	10	8	0	3	0	0	0	0	
0	0	0	0	0	0	0	0	25	133	247	255	251	241	165	78	121	244	189	6	0	1	2	0	0	0	0	0	
0	0	0	0	0	0	0	0	0	8	32	24	16	23	12	3	121	255	144	4	0	1	1	0	0	0	0	0	
0	0	0	0	0	0	0	0	12	0	0	3	4	0	0	0	101	250	67	1	0	4	0	0	0	0	0	0	
0	0	0	0	0	0	0	0	0	0	5	1	5	7	0	5	149	223	18	0	0	0	0	1	0	0	0	0	
0	0	0	0	0	0	0	0	2	7	10	0	0	0	5	39	244	204	10	0	0	0	0	4	0	0	0	0	
0	0	0	0	0	0	0	0	0	0	7	7	7	0	7	70	254	162	1	0	2	1	0	2	0	0	0	0	
0	0	0	0	0	0	0	0	4	0	0	0	8	0	8	84	228	156	0	0	7	7	0	1	0	0	0	0	
0	0	0	0	0	0	0	0	5	2	0	0	7	0	0	54	254	210	6	0	0	0	0	6	0	0	0	0	
0	0	0	0	0	0	0	0	1	0	0	0	0	2	6	9	228	255	195	162	22	16	0	10	0	0	0	0	
0	0	0	0	0	0	0	0	1	0	0	0	0	1	5	7	133	239	224	112	0	3	3	0	0	0	0	0	
0	0	0	0	0	0	0	0	0	0	0	0	0	1	2	3	0	0	7	0	0	0	6	12	0	0	0	0	
0	0	0	0	0	0	0	0	0	0	1	1	1	0	0	0	11	0	0	0	9	0	0	0	0	0	0	0	
