0	0	0	0	0	0	0	0	6	0	0	11	0	7	4	0	2	0	10	2	0	5	5	0	0	0	0	0	
0	0	0	0	0	0	0	0	0	11	6	0	0	0	0	4	0	15	0	10	5	0	19	0	0	0	0	0	
0	0	0	0	0	0	0	0	0	4	4	4	15	9	0	0	0	0	1	0	0	4	0	5	0	0	0	0	
0	0	0	0	0	0	0	0	9	0	0	12	0	1	0	4	0	10	0	4	7	2	2	0	0	0	0	0	
0	0	0	0	0	0	0	0	3	2	0	6	0	0	0	2	10	0	3	6	0	18	0	3	0	0	0	0	
0	0	0	0	0	0	0	0	0	7	2	0	16	7	0	0	5	0	31	241	163	0	0	5	0	0	0	0	
0	0	0	0	0	0	0	0	9	0	6	27	0	0	6	1	0	17	158	215	51	11	7	0	0	0	0	0	
0	0	0	0	0	0	0	0	7	0	88	223	10	2	5	0	0	33	238	213	0	2	0	5	0	0	0	0	
0	0	0	0	0	0	0	0	0	39	242	61	0	12	0	3	7	151	255	107	5	0	0	12	0	0	0	0	
0	0	0	0	0	0	0	0	12	204	222	40	0	9	0	0	21	235	241	14	3	24	0	0	0	0	0	0	
0	0	0	0	0	0	0	0	34	238	94	0	0	0	8	0	58	255	224	12	0	0	0	0	0	0	0	0	
0	0	0	0	0	0	0	0	30	251	129	14	0	3	6	0	138	245	119	3	2	0	7	0	0	0	0	0	
0	0	0	0	0	0	0	0	0	212	197	0	0	14	0	24	238	255	40	0	7	5	0	4	0	0	0	0	
0	0	0	0	0	0	0	0	0	172	255	36	0	7	0	20	255	181	0	2	0	0	0	5	0	0	0	0	
0	0	0	0	0	0	0	0	8	24	199	226	158	65	94	202	242	112	3	6	0	6	10	0	0	0	0	0	
0	0	0	0	0	0	0	0	0	6	44	153	238	252	249	251	255	238	155	18	0	0	0	2	0	0	0	0	
0	0	0	0	0	0	0	0	1	0	14	0	2	63	218	255	183	158	118	15	4	0	13	0	0	0	0	0	
0	0	0	0	0	0	0	0	0	0	0	18	0	0	253	252	15	11	15	0	0	0	12	1	0	0	0	0	
0	0	0	0	0	0	0	0	9	0	0	3	1	69	252	193	0	0	0	0	4	0	0	4	0	0	0	0	
0	0	0	0	0	0	0	0	8	0	9	0	2	213	255	74	15	8	0	10	0	0	0	7	0	0	0	0	
0	0	0	0	0	0	0	0	0	6	7	5	49	255	238	0	0	0	0	7	0	8	0	0	0	0	0	0	
0	0	0	0	0	0	0	0	0	6	1	0	166	255	101	0	0	12	3	7	0	10	0	0	0	0	0	0	
0	0	0	0	0	0	0	0	4	2	0	0	248	238	0	14	2	6	0	0	0	4	3	4	0	0	0	0	
0	0	0	0	0	0	0	0	0	7	0	86	241	189	12	0	0	0	0	5	4	0	0	0	0	0	0	0	
0	0	0	0	0	0	0	0	2	0	5	147	245	38	9	0	0	0	0	0	0	0	0	0	0	0	0	0	
0	0	0	0	0	0	0	0	1	12	0	0	33	0	2	8	0	0	0	0	0	0	0	0	0	0	0	0	
0	0	0	0	0	0	0	0	0	11	3	0	0	5	0	5	0	0	0	0	0	0	0	0	0	0	0	0	
0	0	0	0	0	0	0	0	6	0	1	21	1	19	0	4	0	0	0	0	0	0	0	0	0	0	0	0	
