11	0	0	4	0	0	12	0	0	0	0	1	2	6	3	0	4	2	6	0	0	0	6	0	0	0	0	0	
0	0	6	9	5	0	0	2	4	6	11	2	0	0	5	6	0	4	0	9	7	5	0	20	0	0	0	0	
0	4	5	0	0	13	0	15	0	0	2	3	0	2	4	0	8	0	4	0	0	0	1	0	0	0	0	0	
0	3	3	0	2	4	0	0	14	4	2	1	0	1	4	0	0	0	16	12	0	0	18	1	0	0	0	0	
4	0	0	20	4	0	10	6	0	0	0	9	0	0	0	5	0	12	0	1	9	2	0	2	0	0	0	0	
7	1	0	0	0	0	12	0	65	17	0	3	6	0	0	1	16	0	14	0	0	66	254	195	0	0	0	0	
0	0	16	0	0	4	0	14	252	121	9	0	0	0	2	6	0	11	0	1	214	234	255	110	0	0	0	0	
9	0	15	0	5	0	14	242	255	122	11	0	7	1	0	1	0	0	0	191	255	246	198	2	0	0	0	0	
5	0	1	1	4	0	0	255	255	50	19	0	7	1	0	0	3	0	64	255	255	180	17	0	0	0	0	0	
0	9	0	3	0	0	158	236	255	10	0	0	0	3	0	18	0	87	244	245	250	62	0	3	0	0	0	0	
0	0	14	0	1	2	238	255	245	0	0	8	1	13	12	0	0	197	245	253	150	1	1	10	0	0	0	0	
0	0	15	0	12	6	246	255	201	6	6	0	7	0	0	0	66	255	255	255	62	0	0	0	0	0	0	0	
4	1	0	0	0	4	245	242	255	0	6	12	0	17	0	10	255	244	254	53	10	4	15	0	0	0	0	0	
0	2	2	5	0	1	127	255	255	193	0	0	10	0	5	119	250	245	211	0	0	0	0	1	0	0	0	0	
0	0	12	0	4	3	0	247	255	255	181	63	13	16	43	255	255	248	61	11	0	13	0	0	0	0	0	0	
0	7	0	3	0	8	0	132	253	255	252	255	240	124	191	254	248	136	0	10	4	0	2	3	0	0	0	0	
0	0	0	0	0	0	0	0	70	184	255	248	248	255	250	254	244	255	243	149	53	9	1	0	0	0	0	0	
0	0	0	0	0	0	0	0	0	0	0	136	144	246	253	255	255	231	145	49	0	0	3	1	0	0	0	0	
0	0	0	0	0	0	0	0	0	20	19	0	0	249	255	253	1	2	0	0	0	6	2	0	0	0	0	0	
0	0	0	0	0	0	0	0	2	0	0	0	200	255	255	130	0	1	6	4	0	0	1	12	0	0	0	0	
0	0	0	0	0	0	0	0	0	4	8	9	255	246	249	65	0	0	0	7	8	0	0	0	0	0	0	0	
0	0	0	0	0	0	0	0	18	0	3	69	235	250	145	0	11	0	0	0	0	0	0	8	0	0	0	0	
0	0	0	0	0	0	0	0	0	15	0	137	252	255	129	14	0	0	5	9	4	0	0	2	0	0	0	0	
0	0	0	0	0	0	0	0	1	0	9	122	255	249	6	0	4	1	0	0	0	2	0	0	0	0	0	0	
0	0	0	0	0	0	0	0	0	32	0	63	255	187	0	0	0	0	0	0	0	0	0	0	0	0	0	0	
0	0	0	0	0	0	0	0	2	0	0	11	12	1	2	14	0	0	0	0	0	0	0	0	0	0	0	0	
0	0	0	0	0	0	0	0	2	0	2	1	0	0	3	0	0	0	0	0	0	0	0	0	0	0	0	0	
0	0	0	0	0	0	0	0	0	15	5	0	11	10	0	5	0	0	0	0	0	0	0	0	0	0	0	0	
