0	0	0	0	0	0	0	0	12	0	3	14	0	0	3	1	0	2	1	9	0	7	0	0	0	0	0	0	
0	0	0	0	0	0	0	0	1	0	0	0	0	7	4	0	6	0	0	3	0	4	0	4	0	0	0	0	
0	0	0	0	0	0	0	0	0	10	7	0	0	1	6	8	0	4	4	6	0	18	13	0	0	0	0	0	
0	0	0	0	0	0	0	0	0	10	6	5	8	0	0	0	7	0	0	6	0	0	0	8	0	0	0	0	
0	0	0	0	0	0	0	0	13	6	0	0	0	0	8	7	0	14	6	4	7	0	5	0	0	0	0	0	
0	0	0	0	0	0	0	0	0	0	5	16	0	0	21	0	0	17	0	0	11	0	2	5	0	0	0	0	
0	0	0	0	0	0	0	0	0	2	2	0	0	113	224	150	4	0	4	139	218	63	0	8	0	0	0	0	
0	0	0	0	0	0	0	0	1	1	0	0	9	153	213	25	0	8	18	148	255	120	10	0	0	0	0	0	
2	4	2	0	0	3	4	0	3	0	0	13	153	252	114	0	14	0	36	241	240	54	14	0	0	0	0	0	
1	3	2	0	0	2	2	0	0	11	22	127	235	250	127	7	0	3	189	255	194	15	0	0	0	0	0	0	
0	2	2	0	0	0	0	0	0	0	98	253	254	221	7	0	10	14	234	246	172	7	3	21	0	0	0	0	
0	1	2	0	0	0	0	0	7	97	246	252	171	19	3	21	18	194	255	232	17	9	0	0	0	0	0	0	
0	0	1	1	0	0	0	2	40	190	255	202	49	10	0	0	26	232	255	126	0	0	30	0	0	0	0	0	
0	0	1	2	0	0	2	9	187	242	255	130	8	1	0	32	176	249	219	63	5	0	0	0	0	0	0	0	
1	0	0	2	0	0	5	15	240	255	218	255	222	221	216	228	244	255	255	23	6	0	11	0	0	0	0	0	
2	0	0	2	0	0	7	19	216	245	255	248	255	248	238	255	252	255	204	90	5	10	0	0	0	0	0	0	
0	0	0	0	0	0	0	0	35	152	160	147	165	113	176	250	250	221	10	0	12	0	0	0	0	0	0	0	
0	0	0	0	0	0	0	0	6	0	0	0	0	2	126	255	241	78	0	0	0	4	0	4	0	0	0	0	
0	0	0	0	0	0	0	0	0	0	17	5	8	61	240	255	193	0	12	5	1	0	0	1	0	0	0	0	
0	0	0	0	0	0	0	0	7	0	0	2	0	220	245	199	45	0	0	0	10	0	5	4	0	0	0	0	
0	0	0	0	0	0	0	0	0	13	0	0	30	172	255	192	0	8	0	0	4	0	7	0	0	0	0	0	
0	0	0	0	0	0	0	0	7	0	0	0	128	255	226	125	10	8	11	10	0	10	0	0	0	0	0	0	
0	0	0	0	0	0	0	0	0	4	5	14	221	241	228	48	2	0	0	2	0	7	4	0	0	0	0	0	
0	0	0	0	0	0	0	0	2	0	0	69	248	249	165	0	0	15	0	4	9	0	5	1	0	0	0	0	
0	0	0	0	0	0	0	0	0	20	28	242	255	243	40	2	0	0	0	0	0	0	0	0	0	0	0	0	
0	0	0	0	0	0	0	0	6	0	33	162	235	116	9	0	0	0	0	0	0	0	0	0	0	0	0	0	
0	0	0	0	0	0	0	0	0	5	0	0	10	11	5	0	0	0	0	0	0	0	0	0	0	0	0	0	
0	0	0	0	0	0	0	0	0	18	0	9	0	14	0	3	0	0	0	0	0	0	0	0	0	0	0	0	
