0	0	0	0	0	0	0	0	7	0	0	3	0	0	9	0	7	0	7	4	3	0	0	2	0	0	0	0	
0	0	0	0	0	0	0	0	4	0	0	4	1	0	0	0	0	0	2	0	0	5	14	3	0	0	0	0	
0	0	0	0	0	0	0	0	0	4	3	0	0	2	3	5	0	7	2	0	0	0	0	0	0	0	0	0	
0	0	0	0	0	0	0	0	0	10	3	0	3	10	0	0	0	0	0	1	9	0	4	13	0	0	0	0	
0	0	0	0	0	0	0	0	2	5	0	0	9	0	0	11	0	0	18	0	4	0	0	0	0	0	0	0	
0	0	0	0	0	0	0	0	4	0	0	4	0	0	43	139	255	247	208	22	0	1	8	11	0	0	0	0	
0	0	0	0	0	0	0	0	0	0	3	0	0	49	160	253	244	244	255	24	8	11	0	0	0	0	0	0	
0	0	0	0	0	0	0	0	0	1	0	0	54	173	255	255	255	243	255	10	1	2	0	9	0	0	0	0	
8	0	0	11	2	0	7	3	8	0	12	76	236	255	250	239	213	255	255	22	0	0	0	8	0	0	0	0	
0	19	0	0	0	0	0	0	4	4	1	255	242	247	255	68	169	237	242	21	3	1	0	1	0	0	0	0	
0	6	0	6	5	0	10	11	0	7	214	247	248	197	69	0	160	253	255	31	9	5	7	0	0	0	0	0	
7	0	1	11	0	0	0	0	14	209	241	255	189	14	0	2	165	255	243	12	0	0	7	0	0	0	0	0	
13	0	8	0	0	11	0	34	183	248	255	237	46	1	0	27	217	255	188	8	5	0	10	8	0	0	0	0	
0	0	8	0	9	0	20	184	255	255	232	83	0	17	5	15	255	244	116	2	13	0	0	0	1	1	0	0	
0	0	0	7	0	0	98	251	230	255	74	0	2	0	5	75	253	229	72	0	0	6	2	13	1	1	1	0	
4	1	0	7	0	91	255	251	255	129	0	4	14	0	0	201	242	255	114	21	30	100	126	137	1	1	1	0	
5	0	8	0	0	140	255	253	246	214	156	163	211	156	162	255	247	255	255	247	244	255	234	166	0	0	0	0	
0	0	4	4	18	124	231	245	255	248	255	241	255	250	245	253	245	255	236	255	225	147	62	3	0	0	0	0	
6	2	9	0	0	57	183	255	249	238	255	212	203	209	226	247	255	218	69	44	15	3	0	0	0	0	0	0	
5	0	1	7	0	0	0	16	23	22	22	4	29	17	117	246	244	136	9	0	0	14	13	6	0	0	0	0	
4	0	0	0	6	5	3	6	5	11	0	0	10	0	140	255	255	55	0	0	0	0	0	1	0	0	0	0	
0	1	14	10	0	0	0	4	0	0	0	6	3	8	222	255	180	0	13	6	3	5	1	0	0	0	0	0	
10	0	0	0	0	6	4	0	0	0	3	0	0	13	227	249	115	0	0	0	0	16	11	0	0	0	0	0	
3	0	3	9	0	0	6	0	2	0	5	0	7	0	175	255	192	40	0	5	0	0	0	7	0	0	0	0	
0	0	0	0	0	0	0	0	0	8	0	1	7	0	21	140	238	80	0	3	0	0	9	0	0	0	0	0	
0	0	0	0	0	0	0	0	0	10	0	0	14	8	0	19	18	0	0	9	0	0	9	0	0	0	0	0	
0	0	0	0	0	0	0	0	0	10	2	0	1	8	0	0	0	0	9	0	0	0	11	2	0	0	0	0	
0	0	0	0	0	0	0	0	0	0	5	4	0	0	2	11	7	3	0	3	7	1	0	1	0	0	0	0	
