0	0	0	0	0	0	0	0	7	1	6	0	3	0	0	2	0	1	0	0	10	0	3	0	0	0	0	0	
0	0	0	0	0	0	0	0	0	0	0	3	8	20	6	0	0	3	0	9	5	0	0	6	0	0	0	0	
0	0	0	0	0	0	0	0	18	0	11	0	0	0	15	0	1	0	0	2	0	0	1	3	0	0	0	0	
0	0	0	0	0	0	0	0	0	5	0	0	34	7	0	9	0	2	2	0	17	23	0	0	0	0	0	0	
0	0	0	0	0	0	0	0	0	5	1	8	0	1	0	0	5	0	0	7	0	1	0	12	0	0	0	0	
0	0	0	0	0	0	0	0	10	0	10	0	16	13	23	0	0	8	162	246	3	7	11	0	0	0	0	0	
0	0	0	0	0	0	0	0	0	13	0	49	232	148	7	0	4	74	252	249	0	0	16	0	0	0	0	0	
0	0	0	0	0	0	0	0	2	4	13	235	247	173	0	3	13	175	218	45	3	6	0	15	0	0	0	0	
0	0	0	0	0	0	0	0	9	0	125	255	218	58	0	0	136	255	162	16	0	0	5	0	0	0	0	0	
0	0	0	0	0	0	0	0	0	59	250	241	82	0	5	11	214	235	103	0	7	0	13	0	0	0	0	0	
0	0	0	0	0	0	0	0	0	119	255	235	69	13	0	105	250	193	4	0	0	0	0	13	0	0	0	0	
0	0	0	0	0	0	0	0	0	123	240	255	69	0	1	243	255	176	0	7	3	7	0	1	0	0	0	0	
0	0	0	0	0	0	0	0	16	120	240	255	66	0	80	255	233	105	11	0	9	0	21	0	0	0	0	0	
0	0	0	0	0	0	0	0	0	104	255	244	107	0	118	254	255	80	0	0	39	0	0	7	0	0	0	0	
0	0	0	0	0	0	0	0	14	73	239	255	246	164	203	255	255	134	222	242	66	10	21	0	0	0	0	0	
0	0	0	0	0	0	0	0	0	0	183	255	239	250	255	254	244	255	221	17	0	2	0	14	0	0	0	0	
0	0	0	0	0	0	0	0	0	1	0	180	232	249	246	253	181	80	3	0	2	0	0	0	0	0	0	0	
0	0	0	0	0	0	0	0	5	3	0	10	39	129	255	240	46	0	0	0	1	0	2	8	0	0	0	0	
0	0	0	0	0	0	0	0	0	0	18	0	0	96	254	220	0	0	0	11	4	0	1	2	0	0	0	0	
0	0	0	0	0	0	0	0	7	0	0	23	0	145	250	229	1	0	2	3	0	0	5	0	0	0	0	0	
0	0	0	0	0	0	0	0	0	10	0	0	0	204	255	233	2	0	0	0	0	0	4	0	0	0	0	0	
0	0	0	0	0	0	0	0	0	11	2	0	29	221	255	229	14	0	0	6	3	0	0	0	0	0	0	0	
0	0	0	0	0	0	0	0	4	0	0	0	21	199	248	247	97	32	0	0	0	0	2	4	0	0	0	0	
0	0	0	0	0	0	0	0	6	0	1	0	0	209	255	252	255	136	25	0	2	1	0	0	0	0	0	0	
0	0	0	0	0	0	0	0	8	0	3	0	0	114	232	192	54	26	2	0	2	0	0	0	0	0	0	0	
0	0	0	0	0	0	0	0	0	0	0	8	0	2	28	0	9	0	0	0	3	0	0	2	0	0	0	0	
0	0	0	0	0	0	0	0	9	12	0	1	9	0	0	4	0	0	0	5	4	0	0	2	0	0	0	0	
0	0	0	0	0	0	0	0	0	6	0	0	4	3	0	3	2	1	2	4	0	0	0	4	0	0	0	0	
