0	0	0	0	0	0	0	0	0	13	0	0	7	0	0	0	2	0	9	2	0	13	0	0	0	0	0	0	
0	0	0	0	0	0	0	0	0	12	0	2	0	9	0	0	5	0	0	0	19	0	15	10	0	0	0	0	
0	0	0	0	0	0	0	0	6	0	8	0	6	0	4	3	0	0	0	6	1	0	0	0	0	0	0	0	
0	0	0	0	0	0	0	0	7	0	8	0	8	0	0	6	0	15	0	0	6	0	25	6	0	0	0	0	
0	0	0	0	0	0	0	0	0	6	0	12	0	12	0	2	3	0	0	7	0	29	0	0	0	0	0	0	
0	0	0	0	0	0	0	0	0	3	0	0	22	0	10	0	0	0	1	21	0	0	9	0	0	0	0	0	
0	0	0	0	0	0	0	0	6	0	2	22	132	9	17	0	0	23	0	0	23	0	216	118	0	0	0	0	
0	0	0	0	0	0	0	0	2	3	2	177	250	87	0	2	0	0	5	5	0	197	239	184	0	0	0	0	
0	17	0	0	5	0	6	0	0	2	5	208	251	117	0	0	5	0	0	15	104	252	255	123	0	0	0	0	
2	0	0	12	1	0	1	0	12	0	89	255	213	47	0	0	0	0	4	58	247	229	108	2	0	0	0	0	
9	0	0	9	0	4	12	2	0	66	227	247	114	3	0	11	9	1	55	236	245	126	0	8	0	0	0	0	
6	0	7	0	0	10	0	0	55	185	250	152	0	1	1	0	0	25	181	255	137	31	13	0	0	0	0	0	
0	0	10	0	4	0	0	50	213	255	255	173	25	16	42	4	0	132	255	230	64	0	5	0	0	0	0	0	
0	1	0	2	11	0	51	205	252	247	255	247	251	203	219	204	143	245	250	169	11	0	0	17	0	0	0	0	
0	2	0	0	4	7	119	255	234	178	162	167	255	255	249	254	255	255	194	11	0	6	26	0	0	0	0	0	
0	9	0	3	0	8	114	201	93	0	10	3	0	81	166	250	246	255	142	3	0	2	0	9	0	0	0	0	
0	0	0	0	0	0	0	0	0	0	7	0	0	1	34	224	250	211	28	10	0	0	7	0	0	0	0	0	
0	0	0	0	0	0	0	0	0	24	0	11	0	0	57	255	249	63	0	0	0	0	0	0	0	0	0	0	
0	0	0	0	0	0	0	0	7	0	3	0	0	8	205	242	218	0	8	4	0	7	2	6	0	0	0	0	
0	0	0	0	0	0	0	0	0	15	0	14	1	128	255	253	100	0	7	0	11	0	0	0	0	0	0	0	
0	0	0	0	0	0	0	0	0	0	2	0	3	172	255	173	0	4	0	0	2	0	0	0	0	0	0	0	
0	0	0	0	0	0	0	0	8	0	2	2	38	255	241	55	1	0	3	6	0	16	1	4	0	0	0	0	
0	0	0	0	0	0	0	0	0	3	1	4	187	255	143	0	9	0	1	3	0	8	0	0	0	0	0	0	
0	0	0	0	0	0	0	0	8	3	0	188	242	248	54	0	0	12	0	0	6	0	0	2	0	0	0	0	
0	0	0	0	0	0	0	0	0	0	103	246	246	105	1	0	0	0	0	0	0	0	0	0	0	0	0	0	
0	0	0	0	0	0	0	0	17	0	73	216	215	71	0	13	0	0	0	0	0	0	0	0	0	0	0	0	
0	0	0	0	0	0	0	0	0	2	2	0	0	0	0	0	0	0	0	0	0	0	0	0	0	0	0	0	
0	0	0	0	0	0	0	0	0	4	8	0	0	10	8	0	0	0	0	0	0	0	0	0	0	0	0	0	
