0	0	0	0	0	0	0	0	4	0	0	0	3	4	0	0	1	0	3	0	9	0	0	4	0	0	0	0	
0	0	0	0	0	0	0	0	0	0	1	6	0	0	5	25	2	0	4	0	0	1	8	0	1	0	0	0	
0	0	0	0	0	0	0	0	0	7	5	0	0	6	0	0	5	0	0	3	0	0	1	5	1	1	0	0	
0	0	0	0	0	0	0	0	4	0	0	2	0	0	4	21	4	8	0	2	0	0	0	0	2	1	0	0	
0	0	0	0	0	0	0	0	0	0	0	1	7	9	0	0	0	13	10	0	5	16	3	0	2	1	0	0	
0	0	0	0	0	0	0	0	1	0	1	2	0	0	0	8	17	0	0	0	10	0	0	7	3	2	1	0	
0	0	0	0	0	0	0	0	17	0	0	16	0	0	93	236	121	0	0	5	8	0	60	66	3	2	1	0	
0	0	0	0	0	0	0	0	0	12	5	0	1	100	207	255	137	0	7	0	10	84	235	198	3	2	1	0	
0	0	0	0	0	1	2	2	0	10	0	0	41	236	255	193	12	0	0	8	186	245	255	66	0	0	0	0	
2	2	0	0	0	0	0	0	13	0	7	14	234	249	234	71	3	10	0	145	241	255	70	9	0	0	0	0	
1	0	0	0	2	2	2	1	0	0	8	207	255	255	102	0	1	0	108	255	250	100	0	0	0	0	0	0	
2	0	0	1	2	0	0	0	5	33	216	248	250	73	26	0	0	111	243	231	187	0	7	5	0	0	0	0	
6	1	0	0	0	0	0	0	4	160	254	239	168	50	39	119	128	237	255	239	77	5	3	0	0	0	0	0	
1	0	0	3	0	0	4	17	122	255	244	255	250	250	252	255	255	250	246	180	0	0	7	0	0	0	0	0	
0	0	1	6	2	0	15	36	235	254	255	243	255	251	255	249	239	255	192	13	0	0	7	3	0	0	0	0	
0	0	2	3	0	0	4	27	221	237	250	209	128	114	37	242	255	200	30	10	0	4	0	0	0	0	0	0	
0	0	0	0	0	0	0	0	20	50	30	13	0	0	102	255	249	189	0	4	0	0	10	0	0	0	0	0	
0	0	0	0	0	0	0	0	0	12	0	0	2	6	176	238	236	62	0	6	0	4	1	0	0	0	0	0	
0	0	0	0	0	0	0	0	10	0	12	27	71	233	247	251	159	0	1	0	0	4	0	0	0	0	0	0	
0	0	0	0	0	0	0	0	0	5	1	0	242	254	255	248	44	0	0	0	14	0	0	3	0	0	0	0	
0	0	0	0	0	0	0	0	0	5	0	26	211	252	251	159	0	20	0	0	14	0	0	8	0	0	0	0	
0	0	0	0	0	0	0	0	7	0	0	148	242	255	232	15	0	0	0	6	0	7	0	3	0	0	0	0	
0	0	0	0	0	0	0	0	4	0	46	241	255	219	0	0	8	0	0	8	0	7	0	0	0	0	0	0	
0	0	0	0	0	0	0	0	0	55	231	255	204	5	14	0	0	15	0	0	5	0	7	0	0	0	0	0	
0	0	0	0	0	0	0	0	24	212	252	251	73	0	0	2	0	0	0	0	0	0	0	0	0	0	0	0	
0	0	0	0	0	0	0	0	2	211	242	157	0	0	19	0	0	0	0	0	0	0	0	0	0	0	0	0	
0	0	0	0	0	0	0	0	0	8	0	3	0	9	6	0	0	0	0	0	0	0	0	0	0	0	0	0	
0	0	0	0	0	0	0	0	8	1	3	3	0	0	0	11	0	0	0	0	0	0	0	0	0	0	0	0	
