0	0	0	0	0	0	0	0	0	0	0	0	0	0	0	0	1	2	0	14	0	8	4	4	0	0	0	0	
0	0	0	0	0	0	0	0	0	0	0	0	0	0	0	0	2	0	0	0	35	1	0	0	0	0	0	0	
0	0	0	0	0	0	0	0	0	0	0	0	0	0	0	0	8	2	0	13	0	0	12	0	0	0	0	0	
0	0	0	0	0	0	0	0	0	0	0	0	0	0	0	0	0	0	16	4	2	0	0	0	0	0	0	0	
0	0	0	0	0	0	0	0	0	0	0	0	0	0	0	0	2	0	0	0	0	24	0	9	0	0	0	0	
0	0	0	0	0	0	0	0	0	0	0	0	0	0	0	0	39	255	51	0	19	0	2	0	0	0	0	0	
0	0	0	0	0	0	0	0	0	0	0	0	0	0	0	0	9	232	215	0	3	7	3	0	0	0	0	0	
0	0	0	0	0	0	0	0	0	0	0	0	0	0	0	0	44	245	236	19	0	0	6	0	0	0	0	0	
0	0	0	0	0	0	0	0	93	231	14	7	0	0	0	13	34	255	254	57	0	0	11	0	0	0	0	0	
0	0	0	0	0	0	0	0	31	255	196	28	0	2	7	0	36	248	255	98	9	1	0	3	0	0	0	0	
0	0	0	0	0	0	0	0	122	220	246	54	0	1	17	0	43	239	254	107	3	2	0	3	0	0	0	0	
0	0	0	0	0	0	0	0	136	255	255	35	0	17	0	12	86	243	253	73	0	3	0	0	0	0	0	0	
0	0	0	0	0	0	0	0	128	253	255	58	0	6	0	9	171	255	255	51	0	3	8	1	0	0	0	0	
0	0	0	0	0	0	0	0	137	255	204	1	12	0	26	154	243	255	255	56	4	0	0	2	0	0	0	0	
0	0	0	0	0	0	0	0	131	253	226	0	8	68	186	255	255	251	251	62	0	3	0	0	0	0	0	0	
0	0	0	0	0	0	0	0	131	255	225	44	127	244	255	250	250	253	251	60	0	17	0	2	0	0	0	0	
0	0	0	0	0	0	0	0	66	227	255	255	255	248	224	139	219	245	253	23	1	0	5	0	0	0	0	0	
0	0	0	0	0	0	0	0	9	152	252	235	240	231	110	0	215	247	230	5	0	1	9	0	0	0	0	0	
0	0	0	0	0	0	0	0	0	3	92	180	174	68	0	16	237	255	196	0	1	1	1	0	0	0	0	0	
0	0	0	0	0	0	0	0	0	11	0	2	0	0	16	80	255	255	151	1	8	0	0	6	0	0	0	0	
0	0	0	0	0	0	0	0	0	0	0	11	9	0	4	100	254	255	109	0	2	0	0	8	0	0	0	0	
0	0	0	0	0	0	0	0	16	0	11	0	0	11	1	196	255	255	79	0	0	5	9	0	0	0	0	0	
0	0	0	0	0	0	0	0	1	0	5	2	0	0	0	252	255	228	30	2	0	1	7	0	0	0	0	0	
0	0	0	0	0	0	0	0	0	18	0	0	8	0	1	225	249	175	0	5	9	0	0	6	0	0	0	0	
0	0	0	0	0	0	0	0	4	0	0	5	1	0	21	56	214	69	0	6	0	0	8	0	0	0	0	0	
0	0	0	0	0	0	0	0	4	0	0	5	0	0	0	10	14	0	0	13	0	0	8	0	0	0	0	0	
0	0	0	0	0	0	0	0	0	0	0	2	4	0	0	0	0	0	6	0	0	0	8	0	0	0	0	0	
0	0	0	0	0	0	0	0	0	0	0	0	1	6	5	0	8	0	0	0	7	4	0	0	0	0	0	0	
