0	0	0	0	0	0	0	0	10	0	0	11	0	2	3	0	1	0	0	1	0	0	26	0	0	0	0	0	
0	0	0	0	0	0	0	0	0	15	0	0	0	0	3	0	0	0	6	0	8	0	6	0	0	0	0	0	
0	0	0	0	0	0	0	0	0	2	0	0	9	7	0	0	4	1	0	0	8	1	0	6	0	0	0	0	
0	0	0	0	0	0	0	0	5	0	14	1	0	12	0	0	5	1	0	0	9	1	0	0	0	0	0	0	
0	0	0	0	0	0	0	0	12	2	0	0	2	0	0	18	0	3	0	15	3	0	1	0	0	0	0	0	
0	0	0	0	0	0	0	0	0	10	10	182	229	50	0	0	0	6	0	0	0	3	0	4	0	0	0	0	
0	0	0	0	0	0	0	0	0	8	66	234	208	25	0	3	5	3	0	0	49	93	0	12	0	0	0	0	
0	0	0	0	0	0	0	0	0	41	219	242	62	0	15	0	0	0	8	10	149	208	0	0	0	0	0	0	
2	0	8	0	4	1	7	0	41	219	255	117	5	0	3	5	0	16	1	3	212	206	0	4	0	0	0	0	
1	5	1	0	3	2	0	55	216	255	142	29	0	9	0	0	14	0	0	36	255	211	5	0	0	0	0	0	
0	8	0	0	8	2	1	168	243	191	19	0	0	0	0	19	0	0	12	97	255	142	0	17	0	0	0	0	
0	0	0	6	8	0	84	255	255	152	5	2	8	0	0	1	3	0	0	127	250	127	0	0	0	0	0	0	
6	0	7	6	0	19	198	255	151	31	0	0	0	6	10	0	9	0	0	174	255	131	6	0	0	0	0	0	
4	0	8	0	0	52	255	249	126	0	13	10	10	0	0	0	0	0	49	241	251	82	0	12	0	0	0	0	
0	1	1	0	3	39	223	247	211	47	0	0	3	0	0	5	6	0	101	255	242	51	0	0	0	0	0	0	
0	5	0	3	1	0	123	245	255	188	92	25	4	0	2	4	0	6	153	250	221	28	7	4	0	0	0	0	
3	0	0	4	0	0	20	55	237	246	255	240	142	71	11	8	0	27	193	240	255	36	0	7	0	0	0	0	
4	0	0	5	1	0	0	10	0	47	141	236	255	255	232	209	221	160	255	255	182	1	8	0	0	0	0	0	
1	0	0	4	5	0	0	0	14	3	0	27	41	92	120	112	125	189	253	225	34	0	5	0	0	0	0	0	
0	0	0	0	2	7	6	1	0	0	0	7	0	13	17	0	17	228	255	161	0	17	0	5	0	0	0	0	
0	3	1	0	0	0	0	0	0	8	0	9	0	0	0	0	148	255	236	55	12	0	0	6	0	0	0	0	
0	0	3	1	0	0	0	0	0	3	0	0	0	4	0	41	237	248	157	0	0	0	3	0	0	0	0	0	
0	0	1	5	4	2	2	4	0	0	1	0	2	6	0	108	248	255	135	7	0	23	6	0	0	0	0	0	
10	1	0	0	0	0	0	1	0	1	12	0	0	5	7	179	253	255	130	0	5	0	0	9	0	0	0	0	
0	0	0	0	0	0	0	0	0	11	0	0	4	0	84	243	255	146	31	0	0	2	1	1	0	0	0	0	
0	0	0	0	0	0	0	0	0	7	0	0	8	0	0	19	17	3	0	5	7	0	0	2	0	0	0	0	
0	0	0	0	0	0	0	0	0	8	0	0	0	8	0	0	0	0	0	2	1	0	0	2	0	0	0	0	
0	0	0	0	0	0	0	0	0	0	2	9	5	0	2	6	11	6	0	0	4	8	1	0	0	0	0	0	
