0	0	0	0	0	0	0	0	7	0	0	6	8	0	9	0	0	12	0	0	0	9	3	5	0	0	0	0	
0	0	0	0	0	0	0	0	0	1	8	0	1	7	7	0	8	0	0	12	19	0	0	0	0	0	0	0	
0	0	0	0	0	0	0	0	0	6	14	0	0	0	0	15	38	239	240	49	0	2	10	9	0	0	0	0	
0	0	0	0	0	0	0	0	0	0	6	2	11	11	9	124	233	252	255	216	35	4	0	0	0	0	0	0	
0	0	0	0	0	0	0	0	15	0	1	0	0	0	20	162	251	250	251	170	0	0	6	0	0	0	0	0	
0	0	0	0	0	0	0	0	0	0	3	3	6	10	141	252	255	203	121	0	0	6	0	5	0	0	0	0	
0	0	0	0	0	0	0	0	0	6	0	0	0	0	196	248	253	45	7	0	11	0	9	0	0	0	0	0	
0	0	0	0	0	0	0	0	1	4	0	4	4	0	226	245	246	43	0	0	0	0	2	0	0	0	0	0	
0	0	0	0	0	0	0	0	0	0	12	0	0	14	189	254	252	39	0	0	0	0	25	0	0	0	0	0	
0	0	0	0	0	0	0	0	5	0	0	5	0	0	94	254	251	18	10	2	16	4	0	10	0	0	0	0	
0	0	0	0	0	0	0	0	0	5	4	0	0	6	31	247	251	65	0	0	7	2	0	2	0	0	0	0	
0	0	0	0	0	0	0	0	0	12	6	0	0	14	21	222	249	225	38	8	9	0	28	0	0	0	0	0	
0	0	0	0	0	0	0	0	4	0	0	4	13	0	10	149	255	252	213	1	0	19	0	8	0	0	0	0	
0	0	0	0	0	0	0	0	0	0	1	0	7	0	5	43	212	255	241	4	0	0	5	0	0	0	0	0	
0	0	0	0	0	0	0	0	0	12	13	0	0	2	5	0	124	240	243	76	3	0	11	3	0	0	0	0	
0	0	0	0	0	0	0	0	3	0	0	0	5	9	0	8	0	235	248	184	0	4	1	0	0	0	0	0	
0	10	7	0	0	7	31	51	2	0	0	1	2	0	0	2	3	226	243	255	1	3	11	0	0	0	0	0	
5	0	0	0	12	47	202	236	41	18	0	0	3	9	12	14	92	250	255	240	26	1	0	10	0	0	0	0	
0	0	5	0	16	56	255	246	177	133	121	143	136	120	173	255	253	255	221	35	2	2	2	2	0	0	0	0	
0	7	9	0	0	31	250	255	241	253	255	255	253	255	251	242	245	254	235	6	2	0	8	0	0	0	0	0	
4	0	0	12	0	0	141	246	255	253	247	251	253	251	253	255	255	164	58	0	0	15	4	0	0	0	0	0	
3	0	0	15	4	0	11	88	96	187	252	252	254	255	233	169	102	30	0	11	0	0	0	0	0	0	0	0	
8	8	0	0	0	12	0	3	12	3	0	0	0	8	1	0	0	0	6	1	3	0	11	9	0	0	0	0	
0	0	5	11	0	0	5	1	0	0	7	4	0	0	3	6	3	3	5	0	0	14	0	0	0	0	0	0	
0	0	0	0	0	0	0	0	0	0	0	0	0	0	0	0	0	0	0	0	0	0	0	0	0	0	0	0	
0	0	0	0	0	0	0	0	0	0	0	0	0	0	0	0	0	0	0	0	0	0	0	0	0	0	0	0	
0	0	0	0	0	0	0	0	0	0	0	0	0	0	0	0	0	0	0	0	0	0	0	0	0	0	0	0	
0	0	0	0	0	0	0	0	0	0	0	0	0	0	0	0	0	0	0	0	0	0	0	0	0	0	0	0	
