0	0	0	0	0	0	0	0	0	2	3	0	11	0	5	0	8	1	0	10	0	0	6	0	0	0	0	0	
0	0	0	0	0	0	0	0	4	0	1	2	8	0	10	0	0	0	0	9	0	8	5	2	0	0	0	0	
0	0	0	0	0	0	0	0	6	0	8	1	0	0	13	2	15	9	8	0	7	20	0	1	0	0	0	0	
0	0	0	0	0	0	0	0	2	1	7	0	0	4	0	0	0	0	0	8	9	0	19	0	0	0	0	0	
0	0	0	0	0	0	0	0	0	0	0	0	17	7	0	28	88	173	255	247	27	5	0	11	0	0	0	0	
0	0	0	0	0	0	0	0	0	0	3	0	0	0	30	157	255	234	223	56	20	2	0	1	0	0	0	0	
0	0	0	0	0	0	0	0	0	0	13	0	0	68	149	255	240	226	0	0	0	7	3	0	0	0	0	0	
0	0	0	0	0	0	0	0	1	0	5	0	23	191	255	255	176	18	0	6	0	3	0	0	0	0	0	0	
0	0	0	0	0	0	0	0	5	0	9	14	155	252	255	216	17	0	0	6	4	0	0	0	0	0	0	0	
0	0	0	0	0	0	0	0	5	0	85	210	255	252	245	102	0	0	2	0	0	5	11	9	0	0	0	0	
0	0	0	0	0	0	0	0	5	36	236	168	105	127	61	0	0	9	7	0	0	0	0	0	0	0	0	0	
0	0	0	0	0	0	0	0	0	103	250	119	3	0	7	0	1	2	0	0	8	3	0	4	0	0	0	0	
0	0	0	0	0	0	0	0	0	50	229	238	116	0	0	10	4	5	0	0	0	0	1	6	0	0	0	0	
0	0	0	0	0	0	0	0	0	0	22	156	243	140	95	6	0	0	8	2	0	0	3	0	0	0	0	0	
0	0	0	0	0	0	0	0	13	0	18	34	190	255	246	239	53	0	0	7	1	7	16	0	0	0	0	0	
0	0	0	0	0	0	0	0	0	0	2	0	18	69	224	246	214	56	0	6	0	0	1	2	0	0	0	0	
0	0	0	0	0	0	0	0	6	3	0	0	12	0	0	79	207	221	2	1	0	0	7	0	0	0	0	0	
0	0	0	0	0	0	0	0	0	9	9	0	8	0	1	8	73	246	144	4	10	0	0	0	0	0	0	0	
0	0	0	0	0	0	0	0	0	0	0	12	12	0	0	0	26	217	217	0	0	0	6	5	0	0	0	0	
0	0	0	0	0	0	0	0	9	0	41	0	0	0	2	10	1	190	221	24	1	1	4	0	0	0	0	0	
0	0	0	0	0	0	0	0	0	0	120	0	9	4	11	0	57	243	182	17	0	10	0	5	0	0	0	0	
0	0	0	0	0	0	0	0	0	43	223	217	121	52	23	116	237	235	71	0	0	6	5	7	0	0	0	0	
0	0	0	0	0	0	0	0	2	0	78	223	244	255	207	255	240	103	0	12	1	3	9	0	0	0	0	0	
0	0	0	0	0	0	0	0	5	1	5	0	129	231	255	193	67	2	0	1	12	0	2	6	0	0	0	0	
0	0	0	0	0	0	0	0	0	0	0	0	0	0	0	0	0	0	0	0	0	0	0	0	0	0	0	0	
0	0	0	0	0	0	0	0	0	0	0	0	0	0	0	0	0	0	0	0	0	0	0	0	0	0	0	0	
0	0	0	0	0	0	0	0	0	0	0	0	0	0	0	0	0	0	0	0	0	0	0	0	0	0	0	0	
0	0	0	0	0	0	0	0	0	0	0	0	0	0	0	0	0	0	0	0	0	0	0	0	0	0	0	0	
