0	0	0	0	0	0	0	0	0	0	0	0	0	0	0	0	0	0	0	0	0	0	0	0	0	0	0	0	
0	0	0	0	0	0	0	0	0	0	0	0	0	0	0	0	0	0	0	0	0	0	0	0	0	0	0	0	
0	0	0	0	0	0	0	0	0	0	0	0	0	0	0	0	0	0	0	0	0	0	0	0	0	0	0	0	
0	0	0	0	0	0	0	0	0	0	0	0	0	0	0	0	0	0	0	0	0	0	0	0	0	0	0	0	
0	0	0	0	0	0	0	0	0	0	0	0	0	0	0	0	0	0	0	0	0	0	0	0	0	0	0	0	
0	0	0	0	0	0	0	0	0	0	0	0	0	0	0	0	0	0	0	0	0	0	0	0	0	0	0	0	
0	0	0	0	0	0	0	0	0	0	0	0	0	0	0	0	0	0	0	0	0	0	0	0	0	0	0	0	
0	0	0	0	0	0	0	0	0	0	0	0	0	0	0	0	0	0	0	0	0	0	0	0	0	0	0	0	
0	0	0	0	0	0	0	0	0	0	0	2	2	0	6	0	3	0	4	0	2	0	9	0	45	4	0	0	
0	0	0	0	0	0	0	0	3	4	8	0	8	3	9	36	71	90	115	89	82	108	187	229	236	137	8	0	
0	0	0	0	0	0	0	0	0	6	0	5	34	215	247	255	242	245	255	247	255	255	255	236	255	166	0	8	
0	0	0	0	0	0	0	0	9	0	0	21	188	255	255	234	255	255	255	249	252	246	237	198	197	127	4	5	
0	0	0	0	0	0	0	0	0	110	24	13	240	212	110	97	74	68	62	19	1	0	7	0	0	0	0	0	
0	0	0	0	0	0	0	0	66	255	78	0	58	91	0	0	9	0	8	0	4	3	9	0	10	7	13	0	
0	0	0	0	0	0	0	0	151	255	144	0	11	0	1	6	0	0	10	1	0	0	6	5	0	0	0	3	
0	0	0	0	0	0	0	0	159	255	170	4	0	6	0	0	12	0	1	0	8	0	6	0	0	19	0	18	
0	0	5	0	7	0	2	4	72	249	255	53	0	14	0	1	0	0	0	0	0	0	0	0	0	0	0	0	
2	4	0	5	3	0	0	5	0	155	242	201	3	0	19	0	0	0	0	0	0	0	0	0	0	0	0	0	
0	11	0	0	0	9	27	0	10	4	229	242	67	0	0	2	0	0	0	0	0	0	0	0	0	0	0	0	
0	0	26	0	15	0	86	197	42	0	80	253	184	5	0	12	0	0	0	0	0	0	0	0	0	0	0	0	
7	0	0	16	0	0	255	243	249	158	99	219	229	0	0	0	0	0	0	0	0	0	0	0	0	0	0	0	
0	0	7	0	4	5	75	240	255	232	255	255	255	20	14	0	0	0	0	0	0	0	0	0	0	0	0	0	
0	7	5	0	0	21	0	50	147	215	176	206	119	0	20	0	0	0	0	0	0	0	0	0	0	0	0	0	
2	0	0	10	5	0	20	0	0	1	0	0	14	0	0	0	0	0	0	0	0	0	0	0	0	0	0	0	
0	0	0	0	0	0	0	0	0	0	0	0	0	0	0	0	0	0	0	0	0	0	0	0	0	0	0	0	
0	0	0	0	0	0	0	0	0	0	0	0	0	0	0	0	0	0	0	0	0	0	0	0	0	0	0	0	
0	0	0	0	0	0	0	0	0	0	0	0	0	0	0	0	0	0	0	0	0	0	0	0	0	0	0	0	
0	0	0	0	0	0	0	0	0	0	0	0	0	0	0	0	0	0	0	0	0	0	0	0	0	0	0	0	
