0	0	0	0	0	0	0	0	7	0	0	3	0	0	2	1	4	0	2	5	0	0	19	0	0	0	0	0	
0	0	0	0	0	0	0	0	0	0	3	3	0	0	1	0	11	1	5	13	7	0	0	0	0	0	0	0	
0	0	0	0	0	0	0	0	0	3	5	0	0	3	5	0	0	4	0	0	6	11	2	12	0	0	0	0	
0	0	0	0	0	0	0	0	0	5	1	0	0	7	3	0	7	8	0	0	0	7	0	0	0	0	0	0	
0	0	0	0	0	0	0	0	0	5	0	0	3	0	0	0	2	0	0	27	0	0	2	9	0	0	0	0	
0	0	0	0	0	0	0	0	0	3	0	0	4	0	0	34	248	255	255	199	46	6	0	0	0	0	0	0	
0	0	0	0	0	0	0	0	0	2	0	4	2	0	47	152	254	255	203	131	14	6	0	6	0	0	0	0	
0	0	0	0	0	0	0	0	0	3	0	4	0	1	107	255	255	141	0	2	1	7	0	11	0	0	0	0	
0	0	0	0	0	0	0	0	0	0	0	9	0	89	233	252	216	44	0	1	1	1	0	4	0	0	0	0	
0	0	0	0	0	0	0	0	0	10	6	0	33	215	255	255	53	0	5	9	0	0	0	0	0	0	0	0	
0	0	0	0	0	0	0	0	0	0	1	6	126	255	228	123	0	0	7	0	0	10	7	0	0	0	0	0	
0	0	0	0	0	0	0	0	12	0	3	70	225	247	186	1	11	4	0	0	3	10	4	4	0	0	0	0	
0	0	0	0	0	0	0	0	0	5	0	76	252	251	142	0	0	4	0	2	5	0	0	6	0	0	0	0	
0	0	0	0	0	0	0	0	0	10	0	74	255	253	48	0	0	9	3	0	2	0	1	0	0	0	0	0	
0	0	0	0	0	0	0	0	2	9	3	66	252	251	72	0	6	13	0	0	2	4	13	0	0	0	0	0	
0	0	0	0	0	0	0	0	5	0	0	0	199	248	211	15	0	0	0	9	4	0	7	0	0	0	0	0	
0	0	0	0	0	0	0	0	0	4	0	2	78	253	255	196	19	0	5	3	0	3	7	0	0	0	0	0	
0	0	0	0	0	0	0	0	0	16	1	0	6	80	206	255	125	18	0	2	3	0	0	3	0	0	0	0	
0	0	0	0	0	0	0	0	4	0	0	5	4	0	95	245	248	77	0	1	6	0	0	9	0	0	0	0	
0	0	0	0	0	0	0	0	5	0	0	12	4	6	0	150	255	102	8	1	2	0	0	2	0	0	0	0	
0	0	0	0	0	0	0	0	0	10	11	0	0	0	0	135	240	91	7	0	2	6	0	0	0	0	0	0	
0	0	0	0	0	0	0	0	0	6	6	29	102	13	92	220	255	103	5	0	0	0	0	5	0	0	0	0	
0	0	0	0	0	0	0	0	3	0	0	75	232	133	204	255	225	80	2	0	0	0	0	6	0	0	0	0	
0	0	0	0	0	0	0	0	2	4	2	46	235	251	255	247	86	3	0	4	6	7	0	0	0	0	0	0	
0	0	0	0	0	0	0	0	0	0	0	23	133	249	255	195	0	0	0	0	0	0	0	0	0	0	0	0	
0	0	0	0	0	0	0	0	9	5	0	0	0	6	4	0	0	0	0	0	0	0	0	0	0	0	0	0	
0	0	0	0	0	0	0	0	0	0	0	5	1	0	0	14	0	0	0	0	0	0	0	0	0	0	0	0	
0	0	0	0	0	0	0	0	6	6	2	0	0	1	0	0	0	0	0	0	0	0	0	0	0	0	0	0	
