0	0	0	0	0	0	0	0	0	0	3	0	0	0	3	2	0	16	0	3	8	2	0	4	0	0	0	0	
0	0	0	0	0	0	0	0	10	7	0	9	11	4	0	0	16	0	17	0	1	2	0	4	0	0	0	0	
0	0	0	0	0	0	0	0	0	0	0	0	7	0	4	0	0	2	1	17	0	6	11	0	0	0	0	0	
0	0	0	0	0	0	0	0	7	0	0	57	211	247	255	239	255	149	0	0	0	3	8	0	0	0	0	0	
0	0	0	0	0	0	0	0	0	0	19	149	255	255	255	252	249	255	229	35	18	0	2	10	0	0	0	0	
0	0	0	0	0	0	0	0	14	7	0	220	255	202	88	95	143	252	220	16	0	0	2	0	0	0	0	0	
0	0	0	0	0	0	0	0	0	4	1	241	242	123	0	16	23	77	4	11	0	0	0	16	0	0	0	0	
0	0	0	0	0	0	0	0	3	0	0	206	255	125	5	0	0	3	4	0	0	17	0	1	0	0	0	0	
0	0	0	0	0	0	0	0	0	0	3	141	253	105	1	10	0	19	0	7	7	0	0	2	0	0	0	0	
0	0	0	0	0	0	0	0	3	12	0	142	255	133	0	0	0	0	13	0	0	9	8	0	0	0	0	0	
0	0	0	0	0	0	0	0	0	15	0	95	255	219	150	189	205	147	133	36	0	2	8	0	0	0	0	0	
0	0	0	0	0	0	0	0	0	13	17	57	249	253	254	246	255	246	248	227	91	0	0	7	0	0	0	0	
0	0	0	0	0	0	0	0	13	0	0	11	176	208	199	118	30	50	84	240	191	0	1	9	0	0	0	0	
0	0	0	0	0	0	0	0	0	0	6	3	0	0	5	0	14	0	0	163	242	11	0	0	0	0	0	0	
0	0	0	0	0	0	0	0	6	0	0	10	6	14	0	0	0	2	3	107	249	76	0	13	0	0	0	0	
0	0	0	0	0	0	0	0	0	5	11	0	2	2	3	5	2	11	0	56	255	196	4	0	0	0	0	0	
0	0	0	0	0	0	0	0	0	2	2	0	2	8	0	0	0	2	4	110	250	174	0	4	0	0	0	0	
0	0	0	0	0	0	0	0	159	180	103	22	0	0	5	0	0	0	15	189	255	150	0	17	0	0	0	0	
0	0	0	0	0	0	0	0	252	243	255	175	36	13	7	0	0	0	72	255	238	125	24	0	0	0	0	0	
0	0	0	0	0	0	0	0	165	255	252	247	208	67	0	12	26	99	235	254	195	0	0	21	0	0	0	0	
0	0	0	0	0	0	0	0	135	251	226	108	189	255	182	127	185	243	255	208	21	17	0	0	0	0	0	0	
0	0	0	0	0	0	0	0	18	204	255	255	255	245	242	255	255	255	198	19	0	0	0	4	0	0	0	0	
0	0	0	0	0	0	0	0	0	29	180	255	232	252	255	251	213	82	10	0	16	0	1	0	0	0	0	0	
0	0	0	0	0	0	0	0	0	4	0	0	10	3	0	0	0	8	0	0	1	0	13	0	0	0	0	0	
0	0	0	0	0	0	0	0	0	0	0	0	0	0	0	0	0	0	0	0	0	0	0	0	0	0	0	0	
0	0	0	0	0	0	0	0	0	0	0	0	0	0	0	0	0	0	0	0	0	0	0	0	0	0	0	0	
0	0	0	0	0	0	0	0	0	0	0	0	0	0	0	0	0	0	0	0	0	0	0	0	0	0	0	0	
0	0	0	0	0	0	0	0	0	0	0	0	0	0	0	0	0	0	0	0	0	0	0	0	0	0	0	0	
