0	0	0	0	0	0	0	0	0	0	0	0	0	0	0	0	0	2	1	0	0	3	2	0	0	2	2	0	
0	0	0	0	0	0	0	0	0	0	0	0	0	0	0	0	0	0	0	0	1	3	1	0	0	0	0	0	
0	0	0	0	0	0	0	0	0	0	0	0	0	0	0	0	6	2	0	0	0	0	0	3	0	1	1	0	
0	0	0	0	0	0	0	0	0	0	0	0	0	0	0	0	5	2	3	6	3	0	0	5	2	4	5	2	
0	0	0	0	0	0	0	0	0	0	0	0	0	0	0	0	0	0	0	4	3	0	0	0	0	0	2	4	
0	0	0	0	0	0	0	0	0	0	0	0	0	0	0	0	12	9	2	0	0	1	3	2	0	0	0	0	
0	0	0	0	0	0	0	0	0	0	0	0	0	0	0	0	0	0	0	0	0	12	7	0	11	1	0	0	
0	0	0	0	0	0	0	0	0	0	0	0	0	0	0	0	9	44	80	104	124	130	102	63	29	12	0	0	
1	0	0	0	0	9	0	0	8	2	0	4	0	2	106	191	225	241	255	255	255	249	250	255	255	203	169	7	
3	0	0	5	0	4	3	9	0	3	0	6	114	225	255	210	170	117	48	5	0	5	9	7	22	14	53	0	
5	2	1	1	0	0	0	0	2	0	17	104	251	204	82	22	2	0	0	0	10	12	1	0	0	0	9	0	
0	0	0	1	5	2	16	0	6	0	88	120	115	22	0	0	0	3	6	2	0	0	0	9	12	0	10	2	
0	5	0	0	1	0	0	0	6	167	255	90	10	0	1	12	0	0	1	4	5	4	2	0	0	0	1	0	
0	10	0	0	0	0	0	44	187	244	247	56	0	5	0	0	11	4	0	0	0	0	1	2	4	8	3	0	
0	0	0	12	2	13	15	188	231	34	69	69	0	9	17	0	0	0	6	8	4	0	0	0	0	0	1	3	
4	0	0	14	0	0	5	255	141	0	6	11	0	7	0	12	4	2	0	0	1	2	1	0	7	0	0	0	
0	0	3	0	5	0	16	152	238	100	116	95	92	80	27	4	0	3	0	0	0	0	0	0	0	0	0	0	
1	4	0	0	13	11	0	25	132	217	218	234	217	200	255	187	58	0	2	9	0	0	1	2	0	0	0	0	
1	7	5	0	1	11	0	0	0	32	17	5	8	0	38	219	153	0	2	12	0	0	11	0	0	0	0	0	
1	0	2	3	0	0	3	15	2	0	0	5	2	12	0	84	202	0	0	0	0	2	10	0	0	0	0	0	
6	0	0	9	6	0	2	1	0	70	7	5	0	0	39	207	148	1	5	0	5	6	0	0	0	0	0	0	
3	2	0	1	0	0	6	0	0	91	0	0	0	47	193	251	45	0	12	0	8	4	0	7	0	0	0	0	
0	13	1	0	0	0	11	7	4	226	39	17	147	239	252	58	0	0	9	0	4	2	0	6	0	0	0	0	
0	8	0	6	11	0	0	0	0	157	226	228	247	175	11	7	1	2	0	0	0	5	0	0	0	0	0	0	
0	0	0	0	0	0	0	0	0	53	108	104	49	0	0	2	0	0	0	0	0	0	0	0	0	0	0	0	
0	0	0	0	0	0	0	0	0	4	8	7	2	0	0	0	0	0	0	0	0	0	0	0	0	0	0	0	
0	0	0	0	0	0	0	0	3	0	0	0	0	3	7	8	0	0	0	0	0	0	0	0	0	0	0	0	
0	0	0	0	0	0	0	0	0	2	11	11	3	0	0	0	0	0	0	0	0	0	0	0	0	0	0	0	
