0	0	0	0	0	0	0	0	7	0	3	0	8	7	0	0	4	0	0	4	4	0	0	0	0	0	0	0	
0	0	0	0	0	0	0	0	0	0	10	0	0	0	0	9	0	8	8	0	0	10	8	0	0	0	0	0	
0	0	0	0	0	0	0	0	3	0	10	5	0	3	0	0	0	0	0	0	0	0	0	0	0	0	0	0	
0	0	0	0	0	0	0	0	6	3	0	0	0	19	0	0	0	2	7	2	0	0	0	0	0	0	0	0	
0	0	0	0	0	0	0	0	0	28	0	10	55	249	253	255	255	241	147	26	0	16	23	0	0	0	0	0	
0	0	0	0	0	0	0	0	32	0	1	37	246	253	253	237	231	255	229	111	5	0	0	0	0	0	0	0	
0	0	0	0	0	0	0	0	0	12	1	131	242	255	64	0	8	0	0	0	1	2	4	9	0	0	0	0	
0	0	0	0	0	0	0	0	13	1	0	169	255	180	0	15	0	0	1	0	0	0	0	0	0	0	0	0	
0	0	0	0	0	0	0	0	13	0	31	252	255	55	0	0	5	6	0	0	0	5	0	2	0	0	0	0	
0	0	0	0	0	0	0	0	0	2	140	250	197	14	1	0	0	0	20	0	8	0	5	0	0	0	0	0	
0	0	0	0	0	0	0	0	0	57	239	247	135	0	0	2	15	0	0	11	7	4	0	0	0	0	0	0	
0	0	0	0	0	0	0	0	0	43	247	252	52	0	10	16	50	152	191	152	16	1	0	13	0	0	0	0	
0	0	0	0	0	0	0	0	2	110	253	231	121	104	141	203	255	242	255	252	163	31	0	0	0	0	0	0	
0	0	0	0	0	0	0	0	0	122	255	246	255	245	243	252	230	198	193	255	242	141	26	7	0	0	0	0	
0	0	0	0	0	0	0	0	11	23	213	255	246	234	204	89	41	5	16	225	255	157	0	0	0	0	0	0	
0	0	0	0	0	0	0	0	9	0	45	56	50	50	0	3	3	0	17	162	235	144	10	6	0	0	0	0	
0	0	0	0	0	0	0	0	12	79	165	59	0	8	0	0	4	9	55	255	250	138	7	0	0	0	0	0	
0	0	0	0	0	0	0	0	134	247	244	39	22	0	0	10	0	9	96	239	239	170	0	0	0	0	0	0	
0	0	0	0	0	0	0	0	144	252	210	6	0	0	10	0	17	19	195	255	255	32	11	1	0	0	0	0	
0	0	0	0	0	0	0	0	159	255	238	81	0	3	0	1	26	212	255	255	119	14	0	4	0	0	0	0	
0	0	0	0	0	0	0	0	24	183	255	155	34	0	0	117	239	241	244	109	3	0	5	4	0	0	0	0	
0	0	0	0	0	0	0	0	0	71	235	246	241	217	206	255	251	255	181	22	0	0	0	0	0	0	0	0	
0	0	0	0	0	0	0	0	0	12	163	240	255	255	245	240	255	129	0	0	9	0	19	1	0	0	0	0	
0	0	0	0	0	0	0	0	4	1	0	99	210	246	166	135	27	7	9	0	11	3	0	2	0	0	0	0	
0	0	0	0	0	0	0	0	0	0	0	0	0	0	0	0	0	0	0	0	0	0	0	0	0	0	0	0	
0	0	0	0	0	0	0	0	0	0	0	0	0	0	0	0	0	0	0	0	0	0	0	0	0	0	0	0	
0	0	0	0	0	0	0	0	0	0	0	0	0	0	0	0	0	0	0	0	0	0	0	0	0	0	0	0	
0	0	0	0	0	0	0	0	0	0	0	0	0	0	0	0	0	0	0	0	0	0	0	0	0	0	0	0	
