0	0	0	0	0	0	0	0	11	0	0	8	0	0	0	0	4	0	6	7	0	0	9	4	0	0	0	0	
0	0	0	0	0	0	0	0	0	0	2	0	0	0	19	0	0	0	0	0	18	9	0	0	0	0	0	0	
0	0	0	0	0	0	0	0	0	13	11	0	4	18	0	3	11	1	16	6	0	0	9	0	0	0	0	0	
0	0	0	0	0	0	0	0	0	0	0	6	0	3	0	11	0	0	0	2	0	6	0	8	0	0	0	0	
0	0	0	0	0	0	0	0	9	0	3	11	13	56	189	134	109	119	198	246	55	8	3	0	0	0	0	0	
0	0	0	0	0	0	0	0	0	14	0	0	0	239	249	255	251	255	255	250	62	1	0	12	0	0	0	0	
0	0	0	0	0	0	0	0	9	46	164	9	51	255	247	250	252	249	255	237	64	3	0	0	0	0	0	0	
0	0	0	0	0	0	0	0	0	114	255	191	0	151	204	132	108	93	62	23	1	0	0	3	0	0	0	0	
0	0	0	0	0	0	0	0	12	217	255	193	11	11	21	3	11	0	0	4	0	3	2	0	0	0	0	0	
0	0	0	0	0	0	0	0	30	251	214	111	0	7	10	2	0	8	9	0	0	8	4	1	0	0	0	0	
0	0	0	0	0	0	0	0	6	207	168	54	9	0	0	0	0	8	0	0	3	0	0	7	0	0	0	0	
0	0	0	0	0	0	0	0	3	187	233	171	0	8	5	4	0	5	3	12	8	0	0	0	0	0	0	0	
0	0	0	0	0	0	0	0	0	165	255	202	195	174	81	56	4	0	0	1	0	0	18	0	0	0	0	0	
0	0	0	0	0	0	0	0	0	39	227	254	255	245	255	255	216	110	6	7	11	0	6	0	0	0	0	0	
0	0	0	0	0	0	0	0	0	0	85	243	232	255	246	244	255	170	16	0	4	0	2	8	0	0	0	0	
0	0	0	0	0	0	0	0	10	0	0	1	88	94	181	148	213	255	142	11	0	0	3	0	0	0	0	0	
7	0	0	3	2	3	2	0	0	11	5	0	9	4	0	6	13	211	192	0	4	0	0	7	0	0	0	0	
0	4	3	0	0	0	4	10	18	0	0	4	0	0	19	0	1	189	255	30	0	19	10	0	0	0	0	0	
0	7	0	0	7	5	0	0	0	0	3	12	4	0	12	0	37	246	219	12	13	0	0	0	0	0	0	0	
0	6	0	0	15	3	0	11	16	0	0	0	0	0	0	28	211	255	240	31	3	0	1	0	0	0	0	0	
0	7	1	0	1	0	14	85	129	0	0	10	0	44	143	248	249	243	197	10	0	1	15	0	0	0	0	0	
0	1	0	4	2	0	15	77	253	163	155	162	195	249	244	249	255	239	109	0	18	0	0	0	0	0	0	0	
3	0	0	5	8	0	0	11	155	247	255	254	255	255	254	253	147	23	14	0	0	12	2	15	0	0	0	0	
0	0	4	1	0	0	2	0	7	102	170	248	249	198	170	88	4	5	0	4	5	2	0	0	0	0	0	0	
0	0	0	0	0	0	0	0	0	0	0	0	0	0	0	0	0	0	0	0	0	0	0	0	0	0	0	0	
0	0	0	0	0	0	0	0	0	0	0	0	0	0	0	0	0	0	0	0	0	0	0	0	0	0	0	0	
0	0	0	0	0	0	0	0	0	0	0	0	0	0	0	0	0	0	0	0	0	0	0	0	0	0	0	0	
0	0	0	0	0	0	0	0	0	0	0	0	0	0	0	0	0	0	0	0	0	0	0	0	0	0	0	0	
