0	0	0	0	0	0	0	0	4	0	6	3	0	9	3	0	9	0	5	2	0	12	8	0	0	0	0	0	
0	0	0	0	0	0	0	0	2	1	2	0	0	0	0	2	0	3	1	1	8	0	0	22	0	0	0	0	
0	0	0	0	0	0	0	0	0	10	0	0	4	2	3	12	0	2	0	1	0	14	0	0	0	0	0	0	
0	0	0	0	0	0	0	0	0	7	3	5	5	0	0	0	6	7	2	8	0	20	9	0	0	0	0	0	
0	0	0	0	0	0	0	0	4	0	0	9	0	0	14	11	0	3	0	2	7	0	0	23	0	0	0	0	
0	0	0	0	0	0	0	0	13	0	5	13	2	0	0	0	7	12	6	6	7	5	5	0	0	0	0	0	
0	0	0	0	0	0	0	0	0	63	119	51	13	13	0	14	69	112	203	237	250	253	209	24	0	0	0	0	
0	0	0	0	0	0	0	0	0	186	255	67	0	50	110	243	252	255	246	180	177	153	124	0	0	0	0	0	
0	0	14	0	0	10	4	0	38	245	216	98	206	252	255	213	143	49	0	2	3	0	7	0	0	0	0	0	
11	0	3	3	2	0	0	8	131	255	247	252	247	126	56	3	0	13	14	16	0	0	2	0	0	0	0	0	
0	0	0	0	6	15	0	0	150	249	233	150	33	4	0	12	0	0	0	0	0	2	0	7	0	0	0	0	
6	17	11	0	0	0	0	24	255	242	100	115	142	190	229	193	207	141	72	4	14	0	0	2	0	0	0	0	
0	0	0	6	6	0	23	135	245	255	255	255	255	229	198	238	246	255	218	83	0	5	1	0	0	0	0	0	
14	0	2	6	3	0	0	59	129	138	55	20	39	0	12	0	72	202	255	192	0	16	0	7	0	0	0	0	
0	0	0	0	0	13	0	0	4	0	0	0	16	0	0	20	0	103	255	255	45	9	0	7	0	0	0	0	
3	0	8	0	0	2	2	6	0	1	0	2	0	0	5	0	4	51	246	255	72	0	1	6	0	0	0	0	
4	0	0	0	9	4	0	2	12	0	3	19	0	0	17	0	5	112	255	239	64	0	13	0	0	0	0	0	
0	0	3	4	2	0	0	3	0	14	0	0	0	5	2	6	0	116	255	169	4	0	7	0	0	0	0	0	
2	0	2	0	0	1	8	3	0	0	5	14	9	0	0	6	28	193	251	99	0	1	9	0	0	0	0	0	
5	0	0	0	0	3	1	0	10	0	0	0	1	10	7	14	141	255	159	20	1	0	1	0	0	0	0	0	
0	0	2	9	3	0	5	15	0	6	6	0	6	0	9	131	252	228	49	0	13	0	2	0	0	0	0	0	
0	1	2	3	0	0	58	149	15	0	10	2	0	32	129	255	188	67	5	0	2	9	1	4	0	0	0	0	
5	6	0	0	0	0	95	254	105	0	0	0	54	208	253	191	36	0	0	6	0	0	0	0	0	0	0	0	
0	2	0	5	10	0	80	254	179	24	30	146	245	253	117	0	0	9	1	0	5	5	0	1	0	0	0	0	
0	4	8	0	1	0	5	212	255	246	255	255	178	52	0	0	0	0	0	0	0	0	0	0	0	0	0	0	
6	0	0	0	0	5	0	103	251	249	174	48	0	0	14	0	0	0	0	0	0	0	0	0	0	0	0	0	
7	0	0	4	0	6	0	8	0	3	7	7	3	0	0	0	0	0	0	0	0	0	0	0	0	0	0	0	
0	1	2	4	0	0	6	0	3	0	0	0	2	3	4	5	0	0	0	0	0	0	0	0	0	0	0	0	
