0	0	0	0	0	0	0	0	0	1	2	6	0	0	4	0	0	2	4	6	0	0	6	2	0	0	0	0	
0	0	0	0	0	0	0	0	9	0	0	10	1	0	0	19	5	5	0	0	0	22	4	0	0	0	0	0	
0	0	0	0	0	0	0	0	0	0	0	0	0	21	0	0	0	0	13	1	0	5	0	0	0	0	0	0	
0	0	0	0	0	0	0	0	0	7	1	18	2	1	0	17	25	0	23	0	0	0	7	4	0	0	0	0	
0	0	0	0	0	0	0	0	0	16	0	0	0	1	5	0	0	13	136	110	5	0	9	0	0	0	0	0	
0	0	0	0	0	0	0	0	0	0	0	2	0	0	12	0	8	146	255	221	8	0	0	0	0	0	0	0	
0	0	0	0	0	0	0	0	10	0	112	161	125	57	83	166	176	252	242	130	0	4	9	3	0	0	0	0	
0	0	0	0	0	0	0	0	0	15	225	243	250	255	247	254	253	255	172	24	10	0	2	1	0	0	0	0	
0	0	0	0	0	0	0	0	0	0	133	254	252	223	183	181	178	91	1	0	15	3	0	6	0	0	0	0	
0	0	0	0	0	0	0	0	3	5	125	246	222	17	12	0	6	8	3	0	3	0	0	2	0	0	0	0	
0	0	0	0	0	0	0	0	0	0	175	255	220	0	0	5	0	0	0	1	0	0	2	0	0	0	0	0	
0	0	0	0	0	0	0	0	19	5	225	243	151	25	0	4	19	5	6	4	0	0	9	0	0	0	0	0	
0	0	0	0	0	0	0	0	0	7	234	255	165	87	74	0	0	0	11	6	0	0	10	0	0	0	0	0	
0	0	0	0	0	0	0	0	4	0	233	255	248	253	255	242	96	28	0	0	6	0	0	0	0	0	0	0	
0	0	0	0	0	0	0	0	4	0	181	238	249	255	238	255	255	151	40	4	10	1	0	1	0	0	0	0	
0	0	0	0	0	0	0	0	0	10	0	76	55	60	82	141	255	255	166	34	0	0	6	1	0	0	0	0	
0	0	0	0	0	0	0	0	0	7	0	0	18	0	0	13	57	232	255	167	22	5	0	12	0	0	0	0	
0	0	0	0	0	0	0	0	5	0	13	0	0	15	2	0	14	43	220	255	159	0	13	0	0	0	0	0	
0	0	0	0	0	0	0	0	0	0	0	6	0	0	0	13	0	9	184	248	250	17	10	2	0	0	0	0	
0	0	0	0	0	0	0	0	13	120	11	0	10	0	0	3	10	89	236	255	170	0	2	0	0	0	0	0	
0	0	0	0	0	0	0	0	19	255	180	64	24	0	0	0	25	168	255	254	114	6	0	26	0	0	0	0	
0	0	0	0	0	0	0	0	0	173	255	247	178	116	111	130	228	255	253	160	25	0	0	0	0	0	0	0	
0	0	0	0	0	0	0	0	0	3	111	239	255	244	255	250	255	215	121	4	0	15	0	9	0	0	0	0	
0	0	0	0	0	0	0	0	0	0	0	50	101	153	235	154	135	1	3	9	0	7	0	0	0	0	0	0	
0	0	0	0	0	0	0	0	0	0	0	0	0	0	0	0	0	0	0	0	0	0	0	0	0	0	0	0	
0	0	0	0	0	0	0	0	0	0	0	0	0	0	0	0	0	0	0	0	0	0	0	0	0	0	0	0	
0	0	0	0	0	0	0	0	0	0	0	0	0	0	0	0	0	0	0	0	0	0	0	0	0	0	0	0	
0	0	0	0	0	0	0	0	0	0	0	0	0	0	0	0	0	0	0	0	0	0	0	0	0	0	0	0	
