0	0	0	0	0	0	0	0	0	0	0	0	0	0	0	0	0	0	0	0	0	0	0	0	0	0	0	0	
0	0	0	0	0	0	0	0	0	0	0	0	0	0	0	0	0	0	0	0	0	0	0	0	0	0	0	0	
0	0	0	0	0	0	0	0	0	0	0	0	0	0	0	0	0	0	0	0	0	0	0	0	0	0	0	0	
0	0	0	0	0	0	0	0	0	0	0	0	0	0	0	0	0	0	0	0	0	0	0	0	0	0	0	0	
0	0	0	0	0	0	0	0	0	0	0	0	0	0	0	0	0	0	0	0	0	0	0	0	0	0	0	0	
0	0	0	0	0	0	0	0	0	0	0	0	0	0	0	0	0	0	0	0	0	0	0	0	0	0	0	0	
0	0	0	0	0	0	0	0	0	0	0	0	0	0	0	0	0	0	0	0	0	0	0	0	0	0	0	0	
0	0	0	0	0	0	0	0	0	0	0	0	0	0	0	0	0	0	0	0	0	0	0	0	0	0	0	0	
0	0	0	0	0	0	0	0	0	1	12	0	2	0	31	109	18	1	0	0	2	0	0	7	3	6	0	2	
0	0	0	0	0	0	0	0	17	0	0	1	0	10	172	250	254	228	162	82	37	28	15	0	1	0	0	0	
0	0	0	0	0	0	0	0	2	5	0	16	150	32	76	205	197	231	250	248	254	255	229	180	43	4	9	0	
0	0	0	0	0	0	0	0	3	0	39	227	255	189	17	0	0	30	95	170	230	255	252	239	215	30	0	4	
0	0	0	0	0	0	0	0	0	69	21	45	115	86	3	3	13	0	0	10	25	25	27	37	19	0	17	0	
0	0	0	0	0	0	0	0	27	165	43	30	20	3	0	2	0	0	0	0	0	3	0	0	31	0	0	0	
0	0	0	0	0	0	0	0	0	166	254	250	219	68	8	0	0	3	5	2	2	5	0	0	0	0	7	3	
0	0	0	0	0	0	0	0	0	39	59	58	156	176	21	11	3	0	0	0	0	0	1	7	9	8	0	0	
2	0	5	2	3	69	85	0	7	9	0	0	15	65	157	0	0	0	0	0	0	0	0	0	0	0	0	0	
4	17	0	1	7	229	212	5	0	0	10	11	0	10	102	32	0	0	0	0	0	0	0	0	0	0	0	0	
0	8	0	0	0	225	255	184	82	48	54	17	0	16	66	0	0	0	0	0	0	0	0	0	0	0	0	0	
2	4	0	1	1	47	133	232	248	255	252	201	202	236	205	37	0	0	0	0	0	0	0	0	0	0	0	0	
8	0	1	0	15	0	1	61	26	146	227	249	254	245	187	4	0	0	0	0	0	0	0	0	0	0	0	0	
0	0	0	7	0	4	5	0	0	4	0	46	103	118	106	0	0	0	0	0	0	0	0	0	0	0	0	0	
8	0	4	10	0	1	14	2	4	0	0	9	0	0	0	0	0	0	0	0	0	0	0	0	0	0	0	0	
0	3	0	0	9	2	0	0	0	0	1	0	0	13	0	3	0	0	0	0	0	0	0	0	0	0	0	0	
0	0	0	0	0	0	0	0	0	0	0	0	0	0	0	0	0	0	0	0	0	0	0	0	0	0	0	0	
0	0	0	0	0	0	0	0	0	0	0	0	0	0	0	0	0	0	0	0	0	0	0	0	0	0	0	0	
0	0	0	0	0	0	0	0	0	0	0	0	0	0	0	0	0	0	0	0	0	0	0	0	0	0	0	0	
0	0	0	0	0	0	0	0	0	0	0	0	0	0	0	0	0	0	0	0	0	0	0	0	0	0	0	0	
