0	0	0	0	0	0	0	0	3	0	0	0	0	1	0	0	3	11	0	0	4	2	12	0	0	0	0	0	
0	0	0	0	0	0	0	0	1	0	0	0	1	2	1	0	0	3	0	4	2	0	4	0	0	0	0	0	
0	0	0	0	0	0	0	0	0	0	0	0	2	3	2	0	0	5	0	4	0	0	0	1	0	0	0	0	
0	0	0	0	0	0	0	0	0	0	0	0	1	1	0	0	4	0	0	2	6	0	0	0	0	0	0	0	
0	0	0	0	0	0	0	0	0	0	0	0	0	0	0	0	0	0	0	4	6	4	0	0	0	0	0	0	
0	0	0	0	0	0	0	0	0	0	0	0	0	0	0	0	8	6	11	0	0	0	0	10	0	0	0	0	
0	0	0	0	0	0	0	0	0	1	1	0	0	0	4	8	0	0	3	0	0	16	1	0	0	0	0	0	
0	0	0	0	0	0	0	0	0	0	1	0	0	2	9	15	62	74	114	136	173	193	137	91	0	0	0	0	
0	0	0	0	0	0	0	0	3	0	0	10	0	96	128	247	255	254	214	98	75	97	179	156	0	0	0	0	
0	0	0	0	0	0	0	0	0	0	4	37	200	248	205	244	121	57	6	0	14	0	8	29	0	0	0	0	
0	0	0	0	0	0	0	0	0	29	0	161	247	94	35	2	0	3	0	0	1	10	0	2	0	0	0	0	
0	0	0	0	0	0	0	0	1	2	62	254	176	3	0	9	9	5	1	0	0	13	0	0	0	0	0	0	
0	0	0	0	0	0	0	0	0	0	79	240	219	123	75	0	2	0	3	2	0	3	11	0	0	0	0	0	
0	0	0	0	0	0	0	0	2	14	27	181	242	253	212	129	29	7	0	2	0	0	7	0	0	0	0	0	
0	0	0	0	0	0	0	0	0	0	0	11	14	101	97	213	224	136	0	1	22	0	0	18	0	0	0	0	
0	0	0	0	0	0	0	0	0	10	8	0	14	0	8	37	220	237	46	0	0	9	0	0	0	0	0	0	
6	0	5	6	0	0	12	0	0	5	0	1	4	0	5	0	105	255	82	5	10	0	0	11	0	0	0	0	
0	1	0	0	12	30	28	18	30	21	0	0	0	0	1	0	124	245	77	0	0	4	5	0	0	0	0	0	
3	15	0	1	125	221	245	255	247	229	213	207	139	66	105	182	255	232	55	1	5	6	0	0	0	0	0	0	
0	9	0	17	110	144	104	82	140	155	162	192	228	251	255	241	220	115	0	2	10	0	0	13	0	0	0	0	
1	4	0	0	2	0	0	0	0	7	2	0	17	62	107	107	43	7	0	0	0	0	0	7	0	0	0	0	
0	0	5	10	0	0	3	10	9	0	0	15	14	0	0	5	0	0	11	9	0	5	0	0	0	0	0	0	
2	0	0	0	0	3	5	1	0	10	0	0	0	0	10	0	2	0	0	0	5	3	1	4	0	0	0	0	
0	10	6	0	1	5	0	0	0	1	0	5	5	0	3	2	0	12	5	0	3	0	0	1	0	0	0	0	
0	0	0	0	0	0	0	0	0	0	0	0	0	0	0	0	0	0	0	0	0	0	0	0	0	0	0	0	
0	0	0	0	0	0	0	0	0	0	0	0	0	0	0	0	0	0	0	0	0	0	0	0	0	0	0	0	
0	0	0	0	0	0	0	0	0	0	0	0	0	0	0	0	0	0	0	0	0	0	0	0	0	0	0	0	
0	0	0	0	0	0	0	0	0	0	0	0	0	0	0	0	0	0	0	0	0	0	0	0	0	0	0	0	
