0	0	0	0	0	0	0	0	0	0	5	0	0	0	2	0	0	0	2	5	0	0	3	0	1	0	0	0	
0	0	0	0	0	0	0	0	7	4	0	0	1	4	5	4	13	1	0	0	9	1	0	13	0	10	9	15	
0	0	0	0	0	0	0	0	0	0	0	0	0	0	0	3	0	11	0	0	7	0	0	11	0	0	0	0	
0	0	0	0	0	0	0	0	0	5	9	8	2	0	0	0	0	4	2	0	0	14	6	0	5	6	0	0	
0	0	0	0	0	0	0	0	0	0	1	0	2	10	8	0	20	0	5	16	0	0	5	7	0	0	12	6	
0	0	0	0	0	0	0	0	9	3	0	0	0	5	1	0	0	0	2	1	42	169	220	146	84	0	0	0	
0	0	0	0	0	0	0	0	0	0	0	12	7	0	1	21	18	58	173	255	255	234	249	255	239	23	6	0	
0	0	0	0	0	0	0	0	0	23	85	141	146	136	178	244	251	252	252	251	252	255	255	247	255	0	0	2	
1	2	5	0	4	1	0	7	0	30	241	240	255	255	252	255	255	245	255	255	245	249	255	242	160	22	0	4	
7	0	1	0	0	0	0	0	0	0	178	255	247	249	255	250	254	252	224	157	113	121	85	0	20	0	6	9	
5	0	0	2	0	6	0	11	43	156	253	255	242	255	246	210	122	51	8	1	0	0	3	7	0	0	14	1	
0	0	1	6	6	1	0	80	226	255	254	248	247	197	68	6	13	0	4	17	8	0	0	0	8	0	0	0	
0	14	0	0	5	0	0	174	233	239	255	216	130	44	0	0	0	0	2	0	0	1	14	4	0	0	0	8	
0	14	0	0	3	0	17	244	255	255	199	34	0	0	0	0	13	0	0	12	14	0	0	3	0	12	2	2	
0	1	0	2	0	4	21	220	255	231	104	0	17	0	2	2	0	1	0	0	2	6	0	0	0	5	0	0	
6	0	1	13	0	0	0	141	250	255	220	199	159	68	59	2	0	6	3	0	0	2	1	4	1	3	0	11	
1	0	0	10	0	0	25	84	224	255	246	246	255	255	235	172	18	5	0	0	4	1	0	8	0	0	0	0	
6	0	0	3	0	0	0	14	37	172	228	255	255	250	255	243	208	103	0	13	1	0	4	0	0	0	0	0	
0	2	1	0	4	8	0	0	0	0	35	26	29	149	241	255	250	178	0	0	0	7	0	1	0	0	0	0	
0	1	5	0	0	8	9	2	5	15	0	0	15	148	255	240	250	174	21	0	8	3	0	8	0	0	0	0	
0	1	2	0	0	0	0	5	0	41	15	0	95	243	240	254	254	63	4	7	3	0	4	3	0	0	0	0	
8	0	0	3	6	0	0	0	147	212	125	172	245	255	255	254	150	0	0	0	4	0	4	0	0	0	0	0	
3	0	0	3	7	5	1	1	150	246	239	255	252	254	250	255	50	15	19	0	10	6	0	0	0	0	0	0	
0	2	5	0	0	0	0	4	16	255	255	251	252	250	175	43	15	0	0	3	0	0	10	2	0	0	0	0	
0	0	0	0	0	0	0	0	19	194	255	255	255	138	0	0	0	0	0	0	0	0	0	0	0	0	0	0	
0	0	0	0	0	0	0	0	0	9	2	0	0	6	3	1	0	0	0	0	0	0	0	0	0	0	0	0	
0	0	0	0	0	0	0	0	5	0	0	7	0	5	13	0	0	0	0	0	0	0	0	0	0	0	0	0	
0	0	0	0	0	0	0	0	0	8	4	0	3	0	0	8	0	0	0	0	0	0	0	0	0	0	0	0	
