0	0	0	0	0	0	0	0	5	8	0	2	0	0	15	0	0	0	2	0	5	0	2	13	0	0	0	0	
0	0	0	0	0	0	0	0	0	0	2	16	0	0	10	4	11	0	0	0	4	9	1	0	0	0	0	0	
0	0	0	0	0	0	0	0	0	11	0	0	8	9	0	2	0	0	7	3	0	0	10	9	0	0	0	0	
0	0	0	0	0	0	0	0	16	0	7	4	0	4	0	6	0	5	6	0	13	2	1	0	0	0	0	0	
0	0	0	0	0	0	0	0	0	5	6	0	10	6	30	150	255	249	154	0	4	0	0	7	0	0	0	0	
0	0	0	0	0	0	0	0	1	0	2	0	0	97	205	255	244	255	201	10	8	0	5	3	0	0	0	0	
0	0	0	0	0	0	0	0	0	18	0	0	100	221	255	212	143	148	78	0	0	10	3	0	0	0	0	0	
0	0	0	0	0	0	0	0	4	0	1	106	214	255	197	55	6	0	0	11	0	4	0	6	0	0	0	0	
0	0	0	0	0	0	0	0	3	10	130	252	243	204	14	0	0	0	5	3	0	0	1	0	0	0	0	0	
0	0	0	0	0	0	0	0	0	100	254	255	192	13	0	4	3	0	5	0	21	0	0	6	0	0	0	0	
0	0	0	0	0	0	0	0	25	253	245	181	18	0	9	0	7	0	10	0	0	0	10	0	0	0	0	0	
0	0	0	0	0	0	0	0	73	241	237	225	183	182	195	176	185	184	68	2	0	15	0	3	0	0	0	0	
0	0	0	0	0	0	0	0	6	144	253	235	255	246	248	255	251	255	249	193	50	0	0	3	0	0	0	0	
0	0	0	0	0	0	0	0	0	0	34	128	189	252	196	255	244	245	255	250	190	8	0	4	0	0	0	0	
0	0	0	0	0	0	0	0	0	13	17	0	0	16	0	0	12	2	151	255	212	0	6	3	0	0	0	0	
0	0	0	0	0	0	0	0	1	4	0	12	3	0	0	9	0	0	124	254	203	0	0	2	0	0	0	0	
9	1	0	0	0	0	4	0	1	7	0	0	7	3	0	6	5	0	211	239	185	1	0	10	0	0	0	0	
0	4	7	3	0	0	8	3	2	0	0	8	2	0	10	0	0	54	246	252	74	11	0	0	0	0	0	0	
7	0	0	5	14	5	0	0	1	1	0	4	4	0	6	0	44	199	242	202	0	0	13	0	0	0	0	0	
3	0	2	0	0	0	1	20	0	4	0	0	0	0	6	50	216	255	243	46	17	0	1	0	0	0	0	0	
0	9	16	0	0	11	0	0	4	0	21	0	0	63	151	255	249	253	44	2	0	3	0	3	0	0	0	0	
4	0	0	0	7	9	14	82	78	0	14	71	131	234	255	242	255	142	40	0	11	7	0	0	0	0	0	0	
8	0	5	2	0	0	57	222	247	219	225	249	246	246	255	242	71	23	0	1	0	0	15	1	0	0	0	0	
1	0	10	0	4	8	0	64	142	247	243	255	244	103	25	12	0	8	4	0	0	5	0	6	0	0	0	0	
0	0	0	0	0	0	0	0	0	0	0	0	0	0	0	0	0	0	0	0	0	0	0	0	0	0	0	0	
0	0	0	0	0	0	0	0	0	0	0	0	0	0	0	0	0	0	0	0	0	0	0	0	0	0	0	0	
0	0	0	0	0	0	0	0	0	0	0	0	0	0	0	0	0	0	0	0	0	0	0	0	0	0	0	0	
0	0	0	0	0	0	0	0	0	0	0	0	0	0	0	0	0	0	0	0	0	0	0	0	0	0	0	0	
