0	0	0	0	0	0	0	0	0	6	2	2	0	9	0	4	0	0	12	0	0	8	0	0	0	0	0	0	
0	0	0	0	0	0	0	0	6	4	0	0	0	2	0	0	8	15	0	0	12	0	3	0	0	0	0	0	
0	0	0	0	0	0	0	0	0	0	5	5	0	0	2	13	0	6	0	5	0	0	5	0	0	0	0	0	
0	0	0	0	0	0	0	0	11	2	0	0	2	2	9	0	0	0	5	1	13	17	0	9	0	0	0	0	
0	0	0	0	0	0	0	0	0	0	0	6	0	0	11	0	28	32	59	121	232	231	79	0	0	0	0	0	
0	0	0	0	0	0	0	0	7	7	0	23	17	67	148	182	191	237	255	255	245	255	199	11	0	0	0	0	
0	0	0	0	0	0	0	0	4	0	9	165	212	253	255	249	251	255	255	255	233	248	187	0	0	0	0	0	
0	0	0	0	0	0	0	0	0	6	51	245	255	255	247	253	247	249	240	233	238	130	0	9	0	0	0	0	
0	0	0	0	0	0	0	0	0	0	34	236	255	206	206	127	94	89	45	35	2	0	0	0	0	0	0	0	
0	0	0	0	0	0	0	0	15	2	0	239	194	9	6	6	0	0	8	0	11	0	0	17	0	0	0	0	
0	0	0	0	0	0	0	0	0	0	85	240	108	17	8	0	6	0	6	15	0	6	1	0	0	0	0	0	
0	0	0	0	0	0	0	0	0	17	175	236	83	1	0	7	0	0	0	7	0	0	18	3	0	0	0	0	
0	0	0	0	0	0	0	0	5	0	183	255	80	0	80	38	5	22	3	0	35	0	0	8	0	0	0	0	
0	0	0	0	0	0	0	0	0	7	204	255	227	213	255	228	122	0	8	0	0	26	0	0	0	0	0	0	
0	0	0	0	0	0	0	0	14	0	201	254	250	251	252	250	250	255	25	0	13	0	2	7	0	0	0	0	
0	0	0	0	0	0	0	0	0	102	237	255	243	181	190	223	251	250	207	32	0	13	0	0	0	0	0	0	
0	4	0	0	2	0	3	6	25	232	255	250	116	0	18	18	72	227	255	80	0	0	0	9	0	0	0	0	
7	0	0	6	0	0	2	0	11	205	255	177	12	12	0	0	0	112	229	104	9	0	9	0	0	0	0	0	
5	0	0	5	0	3	4	0	0	77	157	67	0	8	0	15	0	92	255	88	0	4	0	3	0	0	0	0	
0	3	4	0	1	4	6	36	11	0	9	0	10	0	0	1	24	208	255	77	8	0	10	0	0	0	0	0	
0	9	3	0	3	0	28	165	212	136	30	17	0	20	47	68	190	255	220	37	0	23	0	8	0	0	0	0	
0	0	1	0	10	0	66	255	255	244	248	255	255	255	226	239	255	226	61	12	0	0	3	7	0	0	0	0	
2	0	5	4	6	3	56	211	253	246	255	241	255	255	245	255	131	35	0	0	4	11	0	5	0	0	0	0	
9	0	13	0	0	3	3	39	40	147	180	245	248	255	142	71	9	0	12	0	6	4	0	5	0	0	0	0	
0	0	0	0	0	0	0	0	0	0	0	0	0	0	0	0	0	0	0	0	0	0	0	0	0	0	0	0	
0	0	0	0	0	0	0	0	0	0	0	0	0	0	0	0	0	0	0	0	0	0	0	0	0	0	0	0	
0	0	0	0	0	0	0	0	0	0	0	0	0	0	0	0	0	0	0	0	0	0	0	0	0	0	0	0	
0	0	0	0	0	0	0	0	0	0	0	0	0	0	0	0	0	0	0	0	0	0	0	0	0	0	0	0	
