0	0	0	0	0	0	0	0	0	6	6	0	0	0	3	1	10	0	0	4	0	0	4	0	0	0	0	7	
0	0	0	0	0	0	0	0	3	0	0	0	1	0	0	3	0	15	3	0	9	4	0	3	13	10	0	0	
0	0	0	0	0	0	0	0	0	0	4	9	9	3	0	0	0	15	3	0	4	5	0	7	0	0	0	7	
0	0	0	0	0	0	0	0	0	2	0	0	0	9	11	2	5	0	0	2	0	0	4	0	16	7	0	0	
0	0	0	0	0	0	0	0	0	1	2	0	0	0	0	0	0	6	11	1	0	0	0	3	0	0	11	0	
0	0	0	0	0	0	0	0	0	1	8	7	0	0	54	120	143	135	242	255	133	130	147	28	39	0	2	9	
0	0	0	0	0	0	0	0	3	0	0	0	28	105	202	255	243	255	255	232	216	230	254	255	172	21	0	0	
0	0	0	0	0	0	0	0	1	0	0	34	144	252	255	212	205	107	66	49	2	15	71	81	66	0	8	8	
0	0	0	0	0	0	0	0	7	0	20	203	249	255	191	45	1	4	0	0	5	2	0	0	0	0	0	0	
0	0	0	0	0	0	0	0	0	6	144	255	255	226	84	2	0	0	0	6	0	3	2	3	0	0	0	0	
0	0	0	0	0	0	0	0	0	8	95	234	254	246	12	5	4	3	0	13	0	3	1	4	0	0	0	0	
0	0	0	0	0	0	0	0	13	0	204	255	255	14	0	5	0	5	0	1	4	4	0	0	0	0	0	0	
0	0	0	0	0	0	0	0	0	152	248	252	159	53	21	30	22	32	15	0	6	0	0	9	0	0	0	0	
0	0	0	0	0	0	0	0	1	132	249	255	157	164	216	254	255	255	200	98	18	0	0	0	0	0	0	0	
0	0	0	0	0	0	0	0	19	191	255	253	250	255	253	255	225	255	255	189	2	0	10	5	0	0	0	0	
0	0	0	0	0	0	0	0	86	255	243	255	211	179	97	57	36	131	245	255	2	2	18	0	0	0	0	0	
0	3	4	2	2	0	0	5	50	211	231	102	20	0	0	8	0	61	229	239	58	4	0	2	0	0	0	0	
13	0	0	0	4	6	5	6	8	30	17	0	4	11	0	0	0	65	240	255	39	0	0	7	0	0	0	0	
0	0	1	10	1	0	0	0	0	0	0	8	0	0	0	7	9	95	253	219	2	0	26	3	0	0	0	0	
0	0	3	2	0	0	10	8	1	4	6	1	0	3	3	0	42	228	255	70	8	0	0	0	0	0	0	0	
2	0	0	0	0	6	1	0	0	4	0	0	13	2	0	0	150	255	249	38	3	6	17	0	0	0	0	0	
0	4	2	0	2	4	19	47	0	0	0	5	2	0	40	153	231	219	95	0	0	1	0	7	0	0	0	0	
0	8	0	0	0	2	77	197	34	5	0	0	9	49	151	254	255	136	23	12	0	2	6	0	0	0	0	0	
0	3	0	6	12	0	33	169	224	217	228	222	210	243	255	226	138	47	0	0	12	0	2	2	0	0	0	0	
0	0	0	0	0	0	0	0	46	166	254	255	249	232	134	8	0	0	0	0	0	0	0	0	0	0	0	0	
0	0	0	0	0	0	0	0	0	0	0	0	0	0	0	0	0	0	0	0	0	0	0	0	0	0	0	0	
0	0	0	0	0	0	0	0	0	0	0	5	6	0	0	4	0	0	0	0	0	0	0	0	0	0	0	0	
0	0	0	0	0	0	0	0	2	11	7	0	0	5	8	0	0	0	0	0	0	0	0	0	0	0	0	0	
