0	0	0	0	0	0	0	0	2	1	0	2	10	2	0	0	2	0	0	2	0	0	0	13	0	0	0	7	
0	0	0	0	0	0	0	0	0	5	5	0	0	0	7	9	0	5	7	4	3	6	0	0	14	3	0	0	
0	0	0	0	0	0	0	0	1	0	0	0	0	0	3	0	0	3	6	0	0	0	8	3	0	0	5	4	
0	0	0	0	0	0	0	0	6	0	0	11	3	0	0	0	10	0	0	0	10	0	0	0	9	4	2	2	
0	0	0	0	0	0	0	0	0	0	4	5	0	0	0	11	0	0	4	0	6	0	8	13	0	10	0	0	
0	0	0	0	0	0	0	0	0	9	1	0	1	5	0	0	2	0	9	8	66	77	67	17	0	14	0	8	
0	0	0	0	0	0	0	0	0	8	0	0	15	5	0	19	51	129	232	241	255	242	255	251	251	195	24	0	
0	0	0	0	0	0	0	0	0	6	0	1	7	0	17	139	248	243	255	228	224	162	142	111	38	71	0	9	
0	0	0	0	0	0	0	0	0	9	0	0	39	156	205	242	178	91	57	0	3	0	8	0	0	0	0	0	
0	0	0	0	0	0	0	0	6	0	17	84	253	244	255	31	10	0	9	0	3	0	12	0	0	0	0	0	
0	0	0	0	0	0	0	0	7	4	40	243	240	150	0	0	0	0	6	3	4	0	2	0	0	0	0	0	
0	0	0	0	0	0	0	0	0	82	231	249	169	3	1	13	14	10	0	2	0	0	0	9	0	0	0	0	
0	0	0	0	0	0	0	0	9	65	249	250	242	97	0	0	0	0	0	4	1	0	2	4	0	0	0	0	
0	0	0	0	0	0	0	0	1	27	131	206	248	240	255	139	21	0	16	7	0	4	3	0	0	0	0	0	
0	0	0	0	0	0	0	0	0	2	1	0	39	125	196	255	108	0	5	0	0	1	1	0	0	0	0	0	
0	0	0	0	0	0	0	0	1	5	0	0	6	0	23	225	226	13	0	0	15	0	0	3	0	0	0	0	
0	10	1	0	15	0	0	0	1	0	5	0	14	1	34	255	231	4	0	0	7	2	1	3	0	0	0	0	
0	1	0	0	0	2	0	9	4	0	1	13	0	11	183	253	164	6	8	0	4	0	3	0	0	0	0	0	
0	0	0	8	0	6	0	0	9	0	0	0	11	138	255	225	59	0	8	0	0	0	8	0	0	0	0	0	
1	3	0	16	0	0	12	0	3	0	3	0	119	252	241	105	0	0	2	0	2	0	8	0	0	0	0	0	
0	6	0	6	0	0	98	121	86	100	144	214	255	246	176	0	0	5	2	2	11	0	0	0	0	0	0	0	
0	8	0	0	0	3	174	255	237	255	255	241	201	94	11	17	4	4	0	0	10	0	0	1	0	0	0	0	
4	1	0	3	0	10	126	250	255	238	255	230	67	13	0	0	0	0	0	0	1	2	0	5	0	0	0	0	
10	0	0	10	0	0	13	128	172	235	81	42	2	0	9	0	3	0	7	0	0	6	0	2	0	0	0	0	
0	0	0	0	0	0	0	0	0	0	0	0	0	0	0	0	0	0	0	0	0	0	0	0	0	0	0	0	
0	0	0	0	0	0	0	0	0	0	0	0	0	0	0	0	0	0	0	0	0	0	0	0	0	0	0	0	
0	0	0	0	0	0	0	0	0	0	0	0	0	0	0	0	0	0	0	0	0	0	0	0	0	0	0	0	
0	0	0	0	0	0	0	0	0	0	0	0	0	0	0	0	0	0	0	0	0	0	0	0	0	0	0	0	
