0	0	0	0	0	0	0	0	0	0	1	16	0	0	0	5	0	0	5	6	0	3	0	5	0	0	0	0	
0	0	0	0	0	0	0	0	0	13	2	0	0	17	4	0	11	0	0	0	0	10	8	13	0	0	0	0	
0	0	0	0	0	0	0	0	9	2	0	4	19	0	0	23	0	6	18	0	10	0	0	0	0	0	0	0	
0	0	0	0	0	0	0	0	0	0	4	0	0	0	0	1	0	15	0	2	0	19	3	9	0	0	0	0	
0	0	0	0	0	0	0	0	10	0	0	10	0	2	10	1	0	12	7	0	9	0	0	0	0	0	0	0	
0	0	0	0	0	0	0	0	0	45	147	253	255	255	246	254	255	235	214	127	119	41	0	0	0	0	0	0	
0	0	0	0	0	0	0	0	10	177	250	255	225	255	253	255	253	255	241	255	236	205	18	0	0	0	0	0	
0	0	0	0	0	0	0	0	32	224	255	232	168	158	76	92	159	156	212	157	152	71	0	10	0	0	0	0	
7	0	0	7	2	4	0	34	220	225	248	75	0	0	11	0	2	6	17	0	3	0	4	0	0	0	0	0	
0	1	0	7	0	0	7	80	239	255	162	0	11	0	0	0	0	0	3	0	9	6	3	0	0	0	0	0	
0	6	0	3	0	0	10	106	252	255	61	1	0	0	0	8	5	8	0	0	0	0	2	9	0	0	0	0	
0	7	0	0	6	0	0	96	250	245	85	14	0	4	0	0	0	0	0	7	0	6	0	1	0	0	0	0	
0	8	0	0	5	0	0	90	254	255	196	0	11	6	3	1	14	11	0	10	2	13	0	0	0	0	0	0	
0	8	0	1	0	0	5	90	248	222	213	17	4	0	0	4	0	0	0	2	0	0	0	12	0	0	0	0	
0	5	1	4	0	1	0	56	242	255	246	159	52	17	0	0	7	3	7	3	3	0	0	3	0	0	0	0	
4	0	0	3	0	7	0	6	35	231	255	248	254	243	255	253	243	153	62	0	7	2	6	0	0	0	0	0	
0	0	0	0	0	0	0	0	5	37	169	252	251	229	255	243	255	249	240	207	17	0	5	1	0	0	0	0	
0	0	0	0	0	0	0	0	0	3	15	27	26	60	139	170	150	255	249	250	131	3	0	0	0	0	0	0	
0	0	0	0	0	0	0	0	0	4	0	0	12	0	0	0	4	87	240	243	211	14	7	0	0	0	0	0	
0	0	0	0	0	0	0	0	0	12	22	0	10	0	6	4	0	0	133	255	233	59	0	13	0	0	0	0	
0	0	0	0	0	0	0	0	8	3	0	11	0	0	4	0	9	159	250	250	159	0	14	0	0	0	0	0	
0	0	0	0	0	0	0	0	0	4	57	205	71	5	0	95	171	255	250	251	68	4	0	0	0	0	0	0	
0	0	0	0	0	0	0	0	11	0	41	253	199	154	158	255	252	249	238	129	15	1	15	3	0	0	0	0	
0	0	0	0	0	0	0	0	3	0	40	183	247	255	250	250	251	242	90	0	10	0	3	0	0	0	0	0	
0	0	0	0	0	0	0	0	0	6	0	1	88	203	236	200	100	37	0	0	7	0	0	5	0	0	0	0	
0	0	0	0	0	0	0	0	1	7	6	0	0	0	0	0	13	0	0	4	7	0	0	0	0	0	0	0	
0	0	0	0	0	0	0	0	0	0	0	10	8	0	2	15	0	0	4	0	0	0	2	1	0	0	0	0	
0	0	0	0	0	0	0	0	12	6	0	0	0	2	0	0	7	10	4	0	0	3	5	0	0	0	0	0	
