0	0	0	0	0	0	0	0	0	0	0	0	0	0	0	0	0	0	0	0	0	0	0	0	0	0	0	0	
0	0	0	0	0	0	0	0	0	0	0	0	0	0	0	0	0	0	0	0	0	0	0	0	0	0	0	0	
0	0	0	0	0	0	0	0	0	0	0	0	0	0	0	0	0	0	0	0	0	0	0	0	0	0	0	0	
0	0	0	0	0	0	0	0	0	0	0	0	0	0	0	0	0	0	0	0	0	0	0	0	0	0	0	0	
0	0	0	0	0	0	0	0	0	0	0	0	0	0	0	0	0	0	0	0	0	0	0	0	0	0	0	0	
0	0	0	0	0	0	0	0	0	0	0	0	0	0	0	0	0	0	0	0	0	0	0	0	0	0	0	0	
0	0	0	0	0	0	0	0	0	0	0	0	0	0	0	0	0	0	0	0	0	0	0	0	0	0	0	0	
0	0	0	0	0	0	0	0	0	0	0	0	0	0	0	0	0	0	0	0	0	0	0	0	0	0	0	0	
0	16	2	0	4	5	0	0	0	0	17	0	0	7	0	0	0	2	3	0	0	0	0	0	1	0	11	0	
3	1	0	0	0	0	1	3	6	32	0	0	24	69	133	185	191	177	177	192	197	186	185	195	181	89	0	0	
10	0	0	6	0	0	6	0	0	0	4	25	104	255	255	255	246	255	255	250	251	255	255	243	255	170	13	17	
3	0	4	0	1	6	0	0	6	55	172	187	255	221	180	63	98	163	186	129	70	66	81	83	67	47	0	0	
0	7	5	0	4	0	0	61	129	252	252	246	180	93	0	18	0	0	0	0	4	9	4	0	0	11	23	0	
0	1	0	0	10	0	9	147	255	249	246	93	89	53	6	9	0	4	9	3	0	0	0	0	0	0	9	0	
0	0	3	0	9	1	10	118	254	240	255	243	255	244	237	75	3	4	0	0	0	12	10	0	8	1	0	3	
4	0	12	0	0	8	0	5	1	0	141	205	228	249	255	230	26	0	0	11	8	0	0	10	0	17	0	11	
0	0	8	2	4	0	3	0	0	0	3	0	18	142	255	235	30	10	0	0	3	0	0	0	0	0	0	0	
3	0	0	0	3	9	108	89	21	0	18	0	12	81	239	249	23	7	0	0	3	0	0	1	0	0	0	0	
1	0	5	2	4	0	147	144	0	0	8	7	6	196	255	89	12	2	0	1	2	0	0	3	0	0	0	0	
11	0	0	5	0	0	154	233	128	28	0	0	120	255	242	0	2	0	0	2	1	0	0	4	0	0	0	0	
1	0	0	4	0	8	82	191	251	198	93	86	245	236	120	5	0	0	0	2	1	0	0	3	0	0	0	0	
0	4	8	0	0	10	0	37	137	255	250	247	255	173	24	0	0	0	0	1	0	0	0	1	0	0	0	0	
1	8	0	0	0	7	0	4	25	110	195	181	170	35	6	1	0	0	0	0	0	1	0	0	0	0	0	0	
0	0	1	5	4	0	11	0	0	14	0	0	12	0	0	11	2	1	0	0	0	2	0	0	0	0	0	0	
0	0	0	0	0	0	0	0	0	0	0	0	0	0	0	0	0	0	0	0	0	0	0	0	0	0	0	0	
0	0	0	0	0	0	0	0	0	0	0	0	0	0	0	0	0	0	0	0	0	0	0	0	0	0	0	0	
0	0	0	0	0	0	0	0	0	0	0	0	0	0	0	0	0	0	0	0	0	0	0	0	0	0	0	0	
0	0	0	0	0	0	0	0	0	0	0	0	0	0	0	0	0	0	0	0	0	0	0	0	0	0	0	0	
