0	0	0	0	0	0	0	0	0	0	0	0	0	0	0	0	0	2	9	4	0	0	0	0	1	5	5	0	
0	0	0	0	0	0	0	0	0	0	0	0	0	0	0	0	9	7	1	0	0	1	0	0	0	0	0	2	
0	0	0	0	0	0	0	0	0	0	0	0	0	0	0	0	0	0	0	0	6	10	7	1	13	4	0	0	
0	0	0	0	0	0	0	0	0	0	0	0	0	0	0	0	0	0	0	0	0	0	0	0	0	0	0	1	
0	0	0	0	0	0	0	0	0	0	0	0	0	0	0	0	3	1	0	0	0	0	5	10	4	5	0	0	
0	0	0	0	0	0	0	0	0	0	0	0	0	0	0	0	2	0	0	4	9	3	0	0	0	0	2	0	
0	0	0	0	0	0	0	0	0	0	0	0	0	0	0	0	3	0	0	0	0	0	0	10	12	0	0	2	
0	0	0	0	0	0	0	0	0	0	0	0	0	0	0	0	0	1	1	0	1	39	112	174	219	112	12	0	
0	0	0	0	0	0	0	0	0	0	5	0	0	4	0	11	0	3	0	52	179	254	255	253	255	148	25	0	
0	0	0	0	0	0	0	0	19	0	0	8	0	0	3	0	0	92	187	236	254	251	228	207	98	43	0	0	
0	0	0	0	0	0	0	0	0	2	13	4	0	118	213	118	200	255	251	237	254	195	72	2	0	0	0	1	
0	0	0	0	0	0	0	0	0	0	1	10	122	237	249	255	255	254	216	122	17	0	0	0	7	2	0	0	
0	0	0	0	0	0	0	0	5	9	0	123	240	255	250	76	156	111	16	0	6	13	0	1	3	2	0	0	
0	0	0	0	0	0	0	0	0	13	174	246	255	233	64	12	8	0	6	21	0	0	5	0	0	0	3	2	
0	0	0	0	0	0	0	0	17	115	255	252	234	255	127	0	4	0	0	0	1	1	0	8	2	2	2	1	
0	0	0	0	0	0	0	0	0	216	254	254	255	253	243	175	13	5	7	3	0	1	8	0	1	0	0	0	
0	14	0	0	5	0	0	2	1	50	94	53	54	67	134	238	145	1	12	0	2	2	6	1	0	0	0	0	
4	0	4	7	1	0	0	11	0	0	0	12	16	0	28	229	234	28	10	0	0	0	5	0	0	0	0	0	
0	10	0	1	0	0	17	0	0	13	0	12	0	0	56	242	255	36	0	5	0	0	6	0	0	0	0	0	
0	8	9	0	5	8	66	255	149	91	8	0	20	162	229	247	185	11	0	1	4	0	5	0	0	0	0	0	
0	0	0	21	0	20	180	245	255	240	227	230	241	255	235	145	54	0	0	0	4	5	0	3	0	0	0	0	
12	0	0	1	0	2	83	255	247	255	255	249	255	167	75	0	0	0	10	0	0	4	0	4	0	0	0	0	
0	15	0	0	2	0	5	32	66	128	147	112	99	11	0	0	0	0	8	0	0	3	0	0	0	0	0	0	
0	0	0	7	6	2	0	9	7	0	0	1	13	0	8	0	15	0	0	9	0	3	5	0	0	0	0	0	
0	0	0	0	0	0	0	0	0	0	0	0	0	0	0	0	0	0	0	0	0	0	0	0	0	0	0	0	
0	0	0	0	0	0	0	0	0	0	0	0	0	0	0	0	0	0	0	0	0	0	0	0	0	0	0	0	
0	0	0	0	0	0	0	0	0	0	0	0	0	0	0	0	0	0	0	0	0	0	0	0	0	0	0	0	
0	0	0	0	0	0	0	0	0	0	0	0	0	0	0	0	0	0	0	0	0	0	0	0	0	0	0	0	
