0	0	0	0	0	0	0	0	0	1	2	0	0	8	5	0	0	0	8	0	10	0	0	3	0	1	0	0	
0	0	0	0	0	0	0	0	1	4	4	0	0	0	0	0	0	3	0	0	0	0	0	4	15	9	0	0	
0	0	0	0	0	0	0	0	3	0	0	5	9	6	3	4	0	6	0	9	1	10	0	2	0	0	0	1	
0	0	0	0	0	0	0	0	3	1	0	0	0	0	0	0	0	11	0	0	0	0	0	6	5	12	11	0	
0	0	0	0	0	0	0	0	0	4	8	0	0	0	6	7	0	4	0	0	12	0	4	0	4	0	0	3	
0	0	0	0	0	0	0	0	0	0	3	3	6	7	0	0	0	9	9	30	94	119	191	209	255	113	8	0	
0	0	0	0	0	0	0	0	14	0	0	0	0	0	9	32	106	150	169	220	255	249	255	252	255	101	0	2	
0	0	0	0	0	0	0	0	2	0	0	4	0	11	112	225	247	255	241	255	255	246	250	241	89	21	0	6	
0	0	0	0	0	0	0	0	1	9	133	30	25	114	240	255	255	245	251	255	231	185	114	38	0	0	0	0	
0	0	0	0	0	0	0	0	4	143	244	199	216	250	255	241	217	218	155	80	45	10	0	0	0	0	0	0	
0	0	0	0	0	0	0	0	0	204	255	255	244	255	223	144	43	6	0	0	3	2	2	3	0	0	0	0	
0	0	0	0	0	0	0	0	4	202	234	231	75	101	79	0	0	0	5	16	0	0	3	0	0	0	0	0	
0	0	0	0	0	0	0	0	0	193	255	241	6	19	12	0	0	19	1	0	4	18	4	0	0	0	0	0	
0	0	0	0	0	0	0	0	0	197	255	239	85	81	37	60	4	0	0	6	6	0	0	6	0	0	0	0	
0	0	0	0	0	0	0	0	23	210	246	255	243	255	225	250	158	44	0	5	5	4	8	0	0	0	0	0	
0	0	0	0	0	0	0	0	84	247	255	250	255	255	249	249	255	202	88	1	0	0	0	0	0	0	0	0	
5	0	7	0	5	16	0	8	70	255	255	247	241	233	228	243	255	240	118	0	2	0	0	1	0	0	0	0	
4	0	0	3	0	0	0	6	81	250	244	166	47	0	0	138	239	255	103	1	0	5	3	0	0	0	0	0	
0	0	0	11	0	0	12	0	39	124	130	2	8	7	0	68	251	254	57	1	0	8	0	0	0	0	0	0	
0	1	0	0	1	6	2	0	0	0	0	0	0	9	45	211	255	192	7	0	0	3	0	0	0	0	0	0	
1	3	5	0	2	0	0	53	69	0	2	4	8	0	123	255	223	88	0	6	0	6	0	3	0	0	0	0	
1	0	4	0	9	0	17	185	231	170	69	63	63	190	255	233	88	2	0	7	0	8	0	0	0	0	0	0	
0	0	0	5	7	0	78	255	248	255	249	247	252	255	215	107	0	0	0	2	0	3	0	0	0	0	0	0	
3	5	0	2	0	1	110	238	251	255	239	255	252	234	86	0	0	19	0	1	3	0	0	7	0	0	0	0	
0	0	5	5	0	0	12	31	117	186	142	242	117	11	0	5	0	0	0	0	0	0	0	0	0	0	0	0	
0	0	1	2	0	0	1	10	1	18	0	16	0	0	1	1	0	0	0	0	0	0	0	0	0	0	0	0	
2	0	0	1	2	0	0	0	0	0	2	0	1	18	7	0	0	0	0	0	0	0	0	0	0	0	0	0	
1	0	0	1	5	4	0	0	6	0	15	0	0	0	0	3	0	0	0	0	0	0	0	0	0	0	0	0	
