0	0	0	0	0	0	0	0	0	0	0	0	0	0	0	0	0	0	0	0	0	0	0	0	0	0	0	0	
0	0	0	0	0	0	0	0	0	0	0	0	0	0	0	0	0	0	0	0	0	0	0	0	0	0	0	0	
0	0	0	0	0	0	0	0	0	0	0	0	0	0	0	0	0	0	0	0	0	0	0	0	0	0	0	0	
0	0	0	0	0	0	0	0	0	0	0	0	0	0	0	0	0	0	0	0	0	0	0	0	0	0	0	0	
0	0	0	0	0	0	0	0	0	0	0	0	0	0	0	0	0	0	0	0	0	0	0	0	0	0	0	0	
0	0	0	0	0	0	0	0	0	0	0	0	0	0	0	0	0	0	0	0	0	0	0	0	0	0	0	0	
0	0	0	0	0	0	0	0	0	0	0	0	0	0	0	0	0	0	0	0	0	0	0	0	0	0	0	0	
0	0	0	0	0	0	0	0	0	0	0	0	0	0	0	0	0	0	0	0	0	0	0	0	0	0	0	0	
0	2	16	0	7	0	0	0	7	0	9	1	0	2	6	5	14	42	177	91	0	7	1	0	3	0	1	0	
0	0	1	4	8	5	4	0	0	0	0	16	0	8	0	0	93	255	250	239	155	60	77	101	42	0	17	9	
11	0	0	3	0	0	8	0	0	37	0	0	4	0	9	107	255	250	169	212	243	255	255	245	220	20	0	1	
0	4	4	11	4	0	4	0	0	0	2	3	0	74	208	255	170	14	4	2	36	85	73	21	12	0	10	13	
0	5	0	0	11	0	0	9	5	2	0	0	56	248	246	91	16	0	9	0	10	0	3	4	4	17	0	0	
13	3	0	0	0	11	0	0	0	7	3	175	245	244	81	0	0	14	0	0	0	4	0	8	0	7	0	3	
0	0	3	13	10	131	67	6	0	0	15	199	248	255	210	5	7	0	2	9	0	15	0	0	0	18	5	0	
2	8	1	0	0	255	232	121	6	0	0	64	82	78	232	106	0	0	3	3	2	0	15	0	9	0	0	1	
0	4	0	0	4	110	215	248	224	127	34	0	0	17	92	174	0	0	0	2	4	0	0	3	0	0	0	0	
0	0	0	18	10	0	35	174	251	250	235	201	170	168	195	224	19	5	0	2	4	0	0	0	0	0	0	0	
5	0	1	0	0	0	1	9	69	153	237	255	255	254	248	238	29	12	0	0	3	0	0	0	0	0	0	0	
7	0	3	8	0	5	13	0	0	6	29	45	55	70	96	117	17	5	0	0	0	0	0	1	0	0	0	0	
0	7	0	0	10	0	0	15	6	0	0	4	8	0	0	0	1	0	0	0	0	0	1	5	0	0	0	0	
0	9	2	0	0	12	4	0	1	0	0	0	2	7	6	1	0	0	4	4	0	0	1	4	0	0	0	0	
6	0	6	21	0	0	9	4	2	7	5	0	0	0	0	0	0	1	3	2	0	0	0	0	0	0	0	0	
0	5	0	0	6	6	0	2	0	0	0	4	5	0	0	5	0	0	0	0	0	2	1	0	0	0	0	0	
0	0	0	0	0	0	0	0	0	0	0	0	0	0	0	0	0	0	0	0	0	0	0	0	0	0	0	0	
0	0	0	0	0	0	0	0	0	0	0	0	0	0	0	0	0	0	0	0	0	0	0	0	0	0	0	0	
0	0	0	0	0	0	0	0	0	0	0	0	0	0	0	0	0	0	0	0	0	0	0	0	0	0	0	0	
0	0	0	0	0	0	0	0	0	0	0	0	0	0	0	0	0	0	0	0	0	0	0	0	0	0	0	0	
