0	0	0	0	0	0	0	0	0	0	2	3	3	3	0	0	1	5	4	0	0	3	2	0	0	0	0	0	
0	0	0	0	0	0	0	0	2	1	0	0	0	0	0	0	2	0	0	0	0	2	2	2	0	0	0	0	
0	0	0	0	0	0	0	0	0	0	0	2	5	5	3	2	4	1	4	10	4	0	0	4	0	0	0	0	
0	0	0	0	0	0	0	0	7	0	0	0	0	0	0	0	0	0	0	3	0	0	0	6	0	0	0	0	
0	0	0	0	0	0	0	0	3	0	0	0	3	5	6	9	6	3	0	0	0	6	4	0	0	0	0	0	
0	0	0	0	0	0	0	0	0	0	0	6	3	0	0	0	0	0	3	4	3	0	0	0	0	0	0	0	
0	0	0	0	0	0	0	0	1	3	7	3	0	0	17	49	50	16	0	0	1	0	0	11	0	0	0	0	
0	0	0	0	0	0	0	0	0	0	0	0	9	64	163	247	255	128	15	0	9	4	0	0	0	0	0	0	
0	0	0	0	0	0	0	0	0	18	0	0	87	218	243	255	254	232	201	176	174	195	190	144	0	0	0	0	
0	0	0	0	0	0	0	0	4	0	0	76	251	255	255	249	255	255	246	255	255	234	253	255	0	0	0	0	
0	0	0	0	0	0	0	0	0	14	129	255	255	243	246	244	249	219	219	237	232	213	224	125	0	0	0	0	
0	0	0	0	0	0	0	0	0	43	238	250	240	138	54	53	49	32	3	8	48	0	0	10	0	0	0	0	
0	0	0	0	0	0	0	0	6	31	242	255	252	245	218	158	0	0	4	0	18	8	0	0	0	0	0	0	
0	0	0	0	0	0	0	0	1	0	29	169	255	255	236	255	229	38	0	21	0	0	20	0	0	0	0	0	
0	0	0	0	0	0	0	0	0	14	17	0	34	93	226	249	255	195	20	0	0	0	0	0	0	0	0	0	
0	0	0	0	0	0	0	0	3	1	0	4	6	0	22	149	249	255	27	0	9	0	8	1	0	0	0	0	
3	0	3	2	1	1	0	5	0	11	0	0	4	0	0	139	244	255	39	0	8	0	0	3	0	0	0	0	
0	0	0	5	0	15	0	0	4	0	0	0	8	2	31	219	255	186	15	0	3	5	0	0	0	0	0	0	
4	13	3	0	54	38	0	0	3	2	3	6	0	30	185	255	236	80	0	0	0	4	0	0	0	0	0	0	
0	5	0	0	210	124	3	0	0	3	0	0	98	222	254	236	125	3	0	5	0	0	4	3	0	0	0	0	
1	14	0	0	252	192	50	7	0	64	106	190	255	245	244	112	21	0	3	4	6	0	10	0	0	0	0	0	
0	7	0	14	161	253	254	255	191	245	255	241	255	188	54	0	0	6	5	0	8	0	12	0	0	0	0	0	
0	0	0	0	14	126	203	255	252	255	205	139	54	9	12	0	0	8	3	0	3	0	6	0	0	0	0	0	
8	0	8	6	0	0	8	46	50	34	12	9	0	5	0	7	2	0	3	2	0	0	0	4	0	0	0	0	
0	0	0	0	0	0	0	0	0	0	0	0	0	0	0	0	0	0	0	0	0	0	0	0	0	0	0	0	
0	0	0	0	0	0	0	0	0	0	0	0	0	0	0	0	0	0	0	0	0	0	0	0	0	0	0	0	
0	0	0	0	0	0	0	0	0	0	0	0	0	0	0	0	0	0	0	0	0	0	0	0	0	0	0	0	
0	0	0	0	0	0	0	0	0	0	0	0	0	0	0	0	0	0	0	0	0	0	0	0	0	0	0	0	
