2	0	12	0	3	2	0	0	3	0	4	0	12	7	0	1	5	0	0	4	0	0	12	0	0	0	0	0	
3	0	7	0	3	0	12	11	0	0	8	0	0	0	0	1	0	6	9	7	3	0	0	5	0	0	0	0	
0	0	4	6	3	0	0	0	0	2	4	14	7	6	8	0	12	0	0	0	0	11	9	0	0	0	0	0	
5	3	0	0	0	0	18	11	8	0	0	0	0	0	9	3	0	0	11	20	0	2	0	0	0	0	0	0	
0	7	0	2	5	1	0	0	15	3	0	9	5	0	0	0	0	13	0	0	3	15	0	20	0	0	0	0	
0	5	4	4	9	0	0	20	37	10	3	0	11	11	0	1	1	93	216	247	66	0	3	0	0	0	0	0	
8	3	0	0	0	8	18	169	255	206	146	0	0	0	0	9	26	201	249	255	139	16	0	22	0	0	0	0	
0	0	4	4	6	0	0	199	248	252	232	21	0	0	7	57	200	255	249	252	98	10	14	0	0	0	0	0	
4	0	5	0	0	7	0	203	255	255	243	134	28	37	171	255	253	243	255	151	5	0	10	0	0	0	0	0	
4	0	0	4	9	10	0	193	245	255	249	248	255	255	243	245	249	255	140	0	0	18	0	14	0	0	0	0	
0	0	3	0	3	4	0	208	255	254	255	255	238	255	255	255	255	51	0	29	0	0	5	0	0	0	0	0	
0	13	7	0	0	3	0	199	253	251	253	254	253	237	173	96	17	17	1	0	0	5	0	2	0	0	0	0	
0	6	0	0	5	5	0	185	244	255	163	35	73	44	11	11	0	11	7	0	0	0	0	2	0	0	0	0	
0	0	0	12	0	0	9	215	246	255	212	56	44	0	0	0	4	11	0	0	7	10	6	0	0	0	0	0	
0	0	0	12	0	0	9	175	255	234	255	239	237	197	141	8	0	4	0	8	0	0	3	17	0	0	0	0	
4	3	0	1	0	16	0	48	207	201	248	255	255	252	251	191	116	112	36	0	9	5	3	0	0	0	0	0	
0	0	0	0	0	0	0	0	33	158	216	240	255	248	251	252	251	255	225	151	46	0	10	0	0	0	0	0	
0	0	0	0	0	0	0	0	0	5	3	72	52	143	197	195	245	255	255	242	168	60	0	3	0	0	0	0	
0	0	0	0	0	0	0	0	6	3	3	12	0	0	15	0	72	190	255	252	255	214	31	8	0	0	0	0	
0	0	0	0	0	0	0	0	0	5	6	0	12	1	4	0	2	2	146	251	255	246	58	0	0	0	0	0	
0	0	0	0	0	0	0	0	0	5	4	12	0	0	0	13	0	133	255	255	245	255	62	2	0	0	0	0	
0	0	0	0	0	0	0	0	12	6	0	3	68	88	98	159	219	223	255	243	247	247	61	0	0	0	0	0	
0	0	0	0	0	0	0	0	0	0	0	14	206	253	243	246	255	255	255	247	244	157	3	1	0	0	0	0	
0	0	0	0	0	0	0	0	4	0	6	0	59	198	255	254	251	246	246	153	34	0	2	2	0	0	0	0	
0	0	0	0	0	0	0	0	3	0	2	0	0	114	238	255	236	165	72	11	0	0	2	0	0	0	0	0	
0	0	0	0	0	0	0	0	0	0	13	7	0	0	6	0	12	7	2	1	3	3	0	0	0	0	0	0	
0	0	0	0	0	0	0	0	0	0	0	13	7	4	10	8	0	0	0	0	0	0	3	11	0	0	0	0	
0	0	0	0	0	0	0	0	5	0	0	0	2	0	0	0	9	8	6	6	5	4	1	0	0	0	0	0	
