0	0	0	0	0	0	0	0	10	0	0	0	1	3	0	0	0	12	0	0	0	2	0	11	0	0	0	0	
0	0	0	0	0	0	0	0	0	0	0	3	1	3	6	5	3	0	0	7	0	15	10	0	0	0	0	0	
0	0	0	0	0	0	0	0	0	17	0	11	0	0	0	0	0	4	0	9	2	0	0	7	0	0	0	0	
0	0	0	0	0	0	0	0	0	3	0	7	0	11	1	3	10	0	0	0	0	0	4	8	0	0	0	0	
0	0	0	0	0	0	0	0	0	0	1	3	0	11	0	0	0	17	15	0	11	0	0	0	0	0	0	0	
0	0	0	0	0	0	0	0	8	0	10	4	0	0	4	31	42	0	0	0	0	0	34	57	0	0	0	0	
0	0	0	0	0	0	0	0	0	0	0	0	8	0	108	168	254	61	64	113	91	160	255	189	0	0	0	0	
0	0	0	0	0	0	0	0	0	21	0	0	10	0	193	255	247	255	255	240	252	255	242	173	0	0	0	0	
0	0	0	0	0	0	0	0	0	7	3	0	7	28	243	255	236	163	181	180	147	99	79	0	0	0	0	0	
0	0	0	0	0	0	0	0	10	0	0	4	24	212	255	195	5	37	0	3	0	3	0	0	0	0	0	0	
0	0	0	0	0	0	0	0	0	13	0	0	150	252	242	96	9	0	8	3	14	1	0	14	0	0	0	0	
0	0	0	0	0	0	0	0	0	0	8	49	223	255	255	254	238	158	24	2	0	0	5	0	0	0	0	0	
0	0	0	0	0	0	0	0	0	4	8	202	254	252	252	252	237	255	255	41	6	0	0	9	0	0	0	0	
0	0	0	0	0	0	0	0	6	0	201	255	255	170	57	44	95	223	241	158	0	8	9	0	0	0	0	0	
0	0	0	0	0	0	0	0	0	50	255	239	184	6	0	0	3	33	238	242	55	0	6	3	0	0	0	0	
0	0	0	0	0	0	0	0	11	2	122	206	21	4	2	5	6	0	172	251	123	6	0	0	0	0	0	0	
5	0	0	0	0	9	0	2	10	0	0	9	0	0	8	0	1	10	227	246	53	0	5	0	0	0	0	0	
0	0	11	9	21	32	29	47	28	5	13	0	0	8	5	2	2	107	255	249	36	4	0	5	0	0	0	0	
14	2	0	1	122	253	255	232	99	0	0	0	15	9	0	3	96	219	255	125	7	0	1	5	0	0	0	0	
0	1	0	0	89	217	255	255	178	64	28	17	26	27	78	181	255	255	172	18	4	2	7	0	0	0	0	0	
4	1	2	0	0	43	142	255	234	248	255	239	252	246	255	255	222	154	26	7	7	5	0	3	0	0	0	0	
4	0	6	7	3	0	6	58	197	242	252	220	254	246	221	140	43	8	0	0	1	0	5	10	0	0	0	0	
0	0	7	0	0	7	0	0	0	14	44	13	36	9	5	0	0	0	29	0	4	0	17	0	0	0	0	0	
3	0	2	0	0	1	0	6	6	0	18	0	18	0	0	9	11	0	0	6	3	1	0	2	0	0	0	0	
0	0	0	0	0	0	0	0	0	0	0	0	0	0	0	0	0	0	0	0	0	0	0	0	0	0	0	0	
0	0	0	0	0	0	0	0	0	0	0	0	0	0	0	0	0	0	0	0	0	0	0	0	0	0	0	0	
0	0	0	0	0	0	0	0	0	0	0	0	0	0	0	0	0	0	0	0	0	0	0	0	0	0	0	0	
0	0	0	0	0	0	0	0	0	0	0	0	0	0	0	0	0	0	0	0	0	0	0	0	0	0	0	0	
