0	0	0	0	0	0	0	0	0	4	4	0	1	5	0	2	0	2	5	5	3	0	0	0	0	0	0	0	
0	0	0	0	0	0	0	0	20	1	0	9	2	0	9	0	1	0	0	0	0	0	2	5	0	0	0	0	
0	0	0	0	0	0	0	0	0	3	4	0	0	0	0	8	10	6	2	1	2	2	0	0	0	0	0	0	
0	0	0	0	0	0	0	0	0	8	7	0	8	21	0	0	0	0	0	0	1	2	2	1	0	0	0	0	
0	0	0	0	0	0	0	0	3	1	0	8	0	0	31	0	4	5	3	0	0	0	1	6	0	0	0	0	
0	0	0	0	0	0	0	0	0	3	11	0	196	237	59	1	0	0	3	4	2	0	0	0	0	0	0	0	
0	0	0	0	0	0	0	0	6	12	0	17	208	255	255	102	10	4	0	0	0	4	3	1	0	0	0	0	
0	0	0	0	0	0	0	0	0	0	0	0	234	254	234	255	143	104	51	12	0	0	0	0	0	0	0	0	
0	0	0	0	0	0	0	0	0	5	0	0	230	250	254	255	254	246	255	141	8	0	0	2	0	0	0	0	
0	0	0	0	0	0	0	0	11	0	0	50	245	239	31	91	122	111	110	39	0	8	10	0	0	0	0	0	
0	0	0	0	0	0	0	0	0	9	4	152	248	240	1	0	0	2	7	0	0	5	8	0	0	0	0	0	
0	0	0	0	0	0	0	0	4	8	0	222	244	135	0	2	0	0	0	10	9	0	0	0	0	0	0	0	
0	0	0	0	0	0	0	0	0	8	0	179	255	126	5	5	14	4	0	3	6	0	0	0	0	0	0	0	
0	0	0	0	0	0	0	0	0	0	56	241	243	3	0	4	0	0	1	0	0	2	8	0	0	0	0	0	
0	0	0	0	0	0	0	0	11	4	131	255	255	156	181	81	43	0	8	7	0	4	0	2	0	0	0	0	
0	0	0	0	0	0	0	0	0	27	255	255	243	255	251	255	161	21	0	0	0	5	0	1	0	0	0	0	
0	0	0	0	0	0	0	0	3	15	207	209	147	144	162	252	255	46	0	11	0	0	17	0	0	0	0	0	
0	0	0	0	0	0	0	0	4	0	0	2	2	0	14	211	253	118	8	0	0	0	0	3	0	0	0	0	
0	0	0	0	0	0	0	0	0	4	0	18	0	2	15	171	244	126	3	2	2	6	0	1	0	0	0	0	
0	0	0	0	0	0	0	0	4	6	0	0	3	2	0	226	255	63	0	16	0	7	3	0	0	0	0	0	
0	0	0	0	0	0	0	0	0	0	3	0	7	5	53	225	248	17	0	6	0	2	7	3	0	0	0	0	
0	0	0	0	0	0	0	0	0	4	1	8	0	25	225	255	126	1	10	0	0	5	0	4	0	0	0	0	
0	0	0	0	0	0	0	0	0	14	0	92	159	126	255	241	12	1	3	0	8	2	0	0	0	0	0	0	
0	0	0	0	0	0	0	0	9	0	8	163	255	251	255	74	0	14	0	11	0	0	6	2	0	0	0	0	
0	0	0	0	0	0	0	0	2	0	0	9	180	143	64	5	0	0	0	0	0	0	0	0	0	0	0	0	
0	0	0	0	0	0	0	0	0	8	13	0	19	0	0	4	0	0	0	0	0	0	0	0	0	0	0	0	
0	0	0	0	0	0	0	0	7	0	0	1	0	0	4	3	0	0	0	0	0	0	0	0	0	0	0	0	
0	0	0	0	0	0	0	0	5	0	0	21	0	13	4	0	0	0	0	0	0	0	0	0	0	0	0	0	
