0	0	0	0	0	0	0	0	9	0	0	5	0	0	3	0	8	0	7	0	6	0	4	0	0	0	0	0	
0	0	0	0	0	0	0	0	0	0	8	2	0	7	11	0	0	23	0	0	7	0	3	10	0	0	0	0	
0	0	0	0	0	0	0	0	8	1	0	0	1	0	0	3	6	0	0	13	6	2	0	0	0	0	0	0	
0	0	0	0	0	0	0	0	0	10	3	0	6	15	3	0	0	0	0	0	0	16	0	7	0	0	0	0	
0	0	0	0	0	0	0	0	0	0	0	12	7	0	0	60	171	255	84	1	9	0	2	0	0	0	0	0	
0	0	0	0	0	0	0	0	16	0	0	0	0	16	107	221	243	242	61	0	9	0	0	1	0	0	0	0	
0	0	0	0	0	0	0	0	0	15	7	0	55	194	255	232	151	40	9	0	0	8	0	0	0	0	0	0	
0	0	0	0	0	0	0	0	0	0	0	62	179	255	195	49	10	0	8	0	0	0	9	0	0	0	0	0	
0	0	0	0	0	0	0	0	0	11	0	139	255	220	89	0	4	4	2	0	0	0	0	1	0	0	0	0	
0	0	0	0	0	0	0	0	7	0	128	251	223	60	14	0	0	0	0	0	1	2	0	0	0	0	0	0	
0	0	0	0	0	0	0	0	0	77	255	236	50	0	0	6	0	0	0	0	3	3	0	0	0	0	0	0	
0	0	0	0	0	0	0	0	0	120	250	140	0	29	0	0	6	2	0	0	0	0	0	3	0	0	0	0	
0	0	0	0	0	0	0	0	1	118	251	65	0	0	0	8	1	0	2	4	0	0	0	5	0	0	0	0	
0	0	0	0	0	0	0	0	0	99	255	179	70	14	0	0	0	0	0	7	5	0	0	2	0	0	0	0	
0	0	0	0	0	0	0	0	0	23	163	255	247	173	71	16	14	2	0	2	5	0	0	1	0	0	0	0	
0	0	0	0	0	0	0	0	0	0	29	34	173	234	254	178	44	16	0	0	0	0	0	4	0	0	0	0	
0	0	0	0	0	0	0	0	2	0	0	0	0	22	171	251	255	54	0	2	0	13	2	0	0	0	0	0	
0	0	0	0	0	0	0	0	15	0	0	8	1	0	35	83	226	249	6	13	3	0	8	1	0	0	0	0	
0	0	0	0	0	0	0	0	0	1	8	2	0	1	0	7	199	255	101	0	0	12	0	5	0	0	0	0	
0	0	0	0	0	0	0	0	8	18	0	0	0	21	0	4	203	237	84	0	0	3	8	0	0	0	0	0	
0	0	0	0	0	0	0	0	0	0	0	13	0	2	9	102	255	227	5	10	0	0	0	0	0	0	0	0	
0	0	0	0	0	0	0	0	17	0	1	7	0	28	128	247	250	86	2	0	0	15	0	5	0	0	0	0	
0	0	0	0	0	0	0	0	0	0	61	154	202	232	255	239	113	0	0	0	9	0	20	0	0	0	0	0	
0	0	0	0	0	0	0	0	0	9	132	253	244	160	126	35	0	15	0	0	14	0	0	9	0	0	0	0	
0	0	0	0	0	0	0	0	0	0	0	0	0	0	0	0	0	0	0	0	0	0	0	0	0	0	0	0	
0	0	0	0	0	0	0	0	0	0	0	0	0	0	0	0	0	0	0	0	0	0	0	0	0	0	0	0	
0	0	0	0	0	0	0	0	0	0	0	0	0	0	0	0	0	0	0	0	0	0	0	0	0	0	0	0	
0	0	0	0	0	0	0	0	0	0	0	0	0	0	0	0	0	0	0	0	0	0	0	0	0	0	0	0	
