0	0	0	0	0	0	0	0	0	3	0	0	0	8	3	0	0	5	0	4	3	12	0	7	0	0	0	0	
0	0	0	0	0	0	0	0	0	0	0	8	7	0	0	9	2	0	4	1	0	0	0	0	0	0	0	0	
0	0	0	0	0	0	0	0	12	10	2	0	0	4	6	1	0	0	3	1	17	0	2	14	0	0	0	0	
0	0	0	0	0	0	0	0	0	0	0	0	1	5	0	0	0	16	2	0	15	6	0	0	0	0	0	0	
0	0	0	0	0	0	0	0	13	1	3	9	0	0	64	148	201	247	211	93	0	0	7	8	0	0	0	0	
0	0	0	0	0	0	0	0	14	0	0	57	149	214	243	251	252	246	255	198	24	0	10	0	0	0	0	0	
0	0	0	0	0	0	0	0	71	161	241	255	255	245	201	146	98	6	0	9	0	0	15	3	0	0	0	0	
0	0	0	0	0	0	0	0	204	255	255	176	79	30	11	0	0	4	4	0	14	0	0	0	0	0	0	0	
0	0	0	0	0	0	0	0	179	250	199	1	0	2	0	0	0	0	1	2	1	0	0	0	0	0	0	0	
0	0	0	0	0	0	0	0	98	255	149	0	21	0	3	2	1	0	0	0	0	0	0	1	0	0	0	0	
0	0	0	0	0	0	0	0	133	255	154	0	0	0	0	6	4	3	3	3	4	3	0	0	0	0	0	0	
0	0	0	0	0	0	0	0	112	235	152	18	0	6	0	2	0	0	0	0	0	2	3	4	0	0	0	0	
0	0	0	0	0	0	0	0	98	255	123	4	0	0	8	0	8	7	6	2	0	0	0	1	0	0	0	0	
0	0	0	0	0	0	0	0	13	241	246	136	34	8	11	0	0	0	0	2	6	4	0	0	0	0	0	0	
0	0	0	0	0	0	0	0	0	101	237	255	227	231	150	54	38	17	0	0	0	8	7	0	0	0	0	0	
0	0	0	0	0	0	0	0	0	8	31	109	168	204	252	251	233	163	71	9	0	0	2	0	0	0	0	0	
0	0	0	0	0	0	0	0	5	0	0	1	12	0	0	98	141	219	228	242	112	0	15	0	0	0	0	0	
0	0	0	0	0	0	0	0	0	0	21	0	0	5	0	7	0	3	54	209	243	94	0	2	0	0	0	0	
0	0	0	0	0	0	0	0	12	0	0	13	41	4	8	0	10	3	0	88	255	199	3	3	0	0	0	0	
0	0	0	0	0	0	0	0	0	0	6	123	157	0	0	0	3	0	52	232	232	205	19	0	0	0	0	0	
0	0	0	0	0	0	0	0	2	0	78	193	164	0	10	4	47	98	246	251	245	47	0	4	0	0	0	0	
0	0	0	0	0	0	0	0	0	6	207	255	112	3	83	157	251	255	237	136	32	0	5	0	0	0	0	0	
0	0	0	0	0	0	0	0	4	0	129	255	253	233	255	255	194	159	74	0	4	0	0	7	0	0	0	0	
0	0	0	0	0	0	0	0	0	16	0	104	188	169	140	54	18	0	6	0	0	4	6	0	0	0	0	0	
0	0	0	0	0	0	0	0	0	0	0	0	0	0	0	0	0	0	0	0	0	0	0	0	0	0	0	0	
0	0	0	0	0	0	0	0	0	0	0	0	0	0	0	0	0	0	0	0	0	0	0	0	0	0	0	0	
0	0	0	0	0	0	0	0	0	0	0	0	0	0	0	0	0	0	0	0	0	0	0	0	0	0	0	0	
0	0	0	0	0	0	0	0	0	0	0	0	0	0	0	0	0	0	0	0	0	0	0	0	0	0	0	0	
