4	4	0	0	0	7	8	0	2	0	0	13	0	12	0	0	1	0	3	9	0	6	0	10	0	0	0	0	
0	0	8	10	4	0	0	0	9	2	8	6	0	0	0	1	0	0	0	0	0	13	0	0	0	0	0	0	
7	0	0	0	2	1	3	9	0	0	0	9	0	5	0	10	0	31	13	0	0	5	6	0	0	0	0	0	
4	1	0	0	0	0	0	0	3	0	0	0	11	0	0	0	0	0	0	9	17	0	0	2	0	0	0	0	
0	1	3	0	0	6	11	8	8	16	0	5	0	7	0	11	8	8	8	0	0	0	8	10	0	0	0	0	
4	1	0	0	0	5	0	0	0	3	0	0	0	4	11	46	10	0	6	3	0	6	11	0	0	0	0	0	
1	0	0	10	4	0	0	16	87	92	161	126	241	195	255	255	240	23	0	4	13	0	0	11	0	0	0	0	
0	0	4	4	0	10	126	253	248	255	242	255	255	253	190	189	140	0	8	3	0	2	0	0	0	0	0	0	
2	0	11	0	18	192	239	255	255	117	133	119	4	0	0	3	5	0	4	19	0	2	0	2	1	0	6	3	
10	0	0	21	0	202	254	255	0	0	4	5	10	0	17	0	0	3	0	110	19	15	0	0	6	0	1	2	
0	20	0	11	3	0	255	236	139	0	0	2	0	4	3	64	136	119	247	255	255	105	63	11	2	3	0	0	
3	5	0	0	15	0	136	255	245	16	0	13	0	127	255	253	182	134	142	186	255	245	255	61	0	1	2	0	
0	0	24	9	0	10	0	255	255	2	60	115	149	246	255	125	12	0	12	1	0	145	246	190	5	0	9	0	
10	3	0	0	12	0	5	121	247	126	197	255	244	199	0	6	0	12	3	0	3	0	137	255	72	0	9	0	
0	0	0	13	0	7	13	124	255	244	255	255	48	9	13	0	0	6	0	0	25	0	0	249	177	1	1	0	
7	0	0	0	0	0	0	126	255	251	179	5	13	0	2	0	0	8	1	0	0	4	1	137	255	7	0	0	
0	0	0	0	0	0	0	0	127	60	0	16	0	0	24	0	0	6	0	9	0	0	7	127	254	0	4	0	
0	0	0	0	0	0	0	0	0	8	4	0	10	0	0	2	0	0	7	0	0	34	0	255	255	13	0	0	
0	0	0	0	0	0	0	0	0	16	0	0	0	1	1	3	0	7	4	0	0	1	115	255	169	5	0	0	
0	0	0	0	0	0	0	0	195	0	0	24	0	7	4	0	0	5	0	10	9	47	255	251	23	0	7	1	
0	0	0	0	0	0	0	0	188	185	10	0	0	0	0	14	1	0	7	0	61	255	200	110	0	0	8	0	
0	0	0	0	0	0	0	0	69	255	189	131	14	0	23	0	1	12	117	255	252	114	0	19	1	5	0	0	
0	0	0	0	0	0	0	0	0	70	255	241	241	197	177	198	255	237	255	61	0	17	2	0	1	1	0	0	
0	0	0	0	0	0	0	0	2	1	0	137	132	255	255	196	133	59	9	0	14	0	0	0	0	9	7	0	
0	0	0	0	0	0	0	0	0	0	0	0	0	0	0	0	0	0	0	0	0	0	0	0	0	0	0	0	
0	0	0	0	0	0	0	0	0	0	0	0	0	0	0	0	0	0	0	0	0	0	0	0	0	0	0	0	
0	0	0	0	0	0	0	0	0	0	0	0	0	0	0	0	0	0	0	0	0	0	0	0	0	0	0	0	
0	0	0	0	0	0	0	0	0	0	0	0	0	0	0	0	0	0	0	0	0	0	0	0	0	0	0	0	
