0	0	0	0	0	0	0	0	2	0	11	0	2	0	0	1	3	0	0	0	5	0	1	0	0	0	0	0	
0	0	0	0	0	0	0	0	0	3	7	0	16	7	1	7	0	11	5	7	0	0	0	6	0	0	0	0	
0	0	0	0	0	0	0	0	5	0	0	9	3	0	0	0	2	2	0	0	8	11	0	0	0	0	0	0	
0	0	0	0	0	0	0	0	0	12	4	0	0	5	24	1	5	0	9	0	7	0	0	5	0	0	0	0	
0	0	0	0	0	0	0	0	0	5	0	1	10	0	0	0	8	0	0	0	0	18	1	0	0	0	0	0	
0	0	0	0	0	0	0	0	18	0	0	18	0	33	96	130	174	240	254	187	0	2	0	11	0	0	0	0	
0	0	0	0	0	0	0	0	1	0	17	0	20	212	255	243	191	225	255	197	3	12	0	0	0	0	0	0	
0	0	0	0	0	0	0	0	0	12	0	20	183	255	105	56	17	0	53	52	0	0	11	0	0	0	0	0	
0	0	0	0	0	0	0	0	1	0	3	110	251	113	9	0	0	4	2	0	7	6	0	4	0	0	0	0	
0	0	0	0	0	0	0	0	0	0	101	238	254	43	0	21	0	0	0	0	5	2	0	5	0	0	0	0	
0	0	0	0	0	0	0	0	0	20	204	255	89	0	7	0	5	7	4	0	0	0	1	2	0	0	0	0	
0	0	0	0	0	0	0	0	5	160	255	183	18	0	8	6	0	0	0	0	0	0	6	0	0	0	0	0	
0	0	0	0	0	0	0	0	0	255	228	77	0	13	52	58	32	13	0	0	14	2	2	0	0	0	0	0	
0	0	0	0	0	0	0	0	98	255	129	0	1	120	235	251	195	122	9	0	15	0	0	5	0	0	0	0	
0	0	0	0	0	0	0	0	159	250	156	151	245	253	242	255	255	233	80	0	2	0	0	5	0	0	0	0	
0	0	0	0	0	0	0	0	235	255	253	250	235	222	175	60	208	254	129	8	0	4	11	0	0	0	0	0	
0	0	0	0	0	0	0	0	86	209	205	180	56	8	9	19	227	255	136	0	6	0	0	6	0	0	0	0	
0	0	0	0	0	0	0	0	0	5	0	0	0	0	4	53	255	224	143	4	10	0	0	3	0	0	0	0	
0	0	0	0	0	0	0	0	8	0	2	0	7	0	0	99	246	255	93	11	0	3	0	3	0	0	0	0	
0	0	0	0	0	0	0	0	0	2	7	3	0	0	33	186	250	231	28	1	0	11	0	0	0	0	0	0	
0	0	0	0	0	0	0	0	2	0	0	0	5	9	129	255	255	48	6	0	0	12	1	0	0	0	0	0	
0	0	0	0	0	0	0	0	6	0	10	0	10	0	190	255	153	0	0	4	1	2	1	4	0	0	0	0	
0	0	0	0	0	0	0	0	0	0	7	0	0	83	255	224	18	20	0	11	0	0	1	4	0	0	0	0	
0	0	0	0	0	0	0	0	0	8	0	15	27	217	255	65	8	0	12	0	0	0	3	0	0	0	0	0	
0	0	0	0	0	0	0	0	4	0	10	65	192	31	27	0	0	0	0	0	0	0	0	0	0	0	0	0	
0	0	0	0	0	0	0	0	0	10	0	0	32	0	2	6	0	0	0	0	0	0	0	0	0	0	0	0	
0	0	0	0	0	0	0	0	0	20	0	6	0	0	0	1	0	0	0	0	0	0	0	0	0	0	0	0	
0	0	0	0	0	0	0	0	4	0	7	0	1	1	5	2	0	0	0	0	0	0	0	0	0	0	0	0	
