0	0	0	0	0	0	0	0	0	1	6	5	0	0	1	6	0	3	4	1	6	3	0	4	0	0	0	0	
0	0	0	0	0	0	0	0	6	0	0	0	0	0	0	0	8	0	0	0	1	0	2	0	0	0	0	0	
0	0	0	0	0	0	0	0	0	0	0	2	8	9	6	1	0	0	9	8	13	0	2	0	0	0	0	0	
0	0	0	0	0	0	0	0	0	3	4	2	0	0	0	0	12	0	6	0	4	0	7	2	0	0	0	0	
0	0	0	0	0	0	0	0	2	1	0	0	0	0	4	7	8	0	0	0	7	1	5	0	0	0	0	0	
0	0	0	0	0	0	0	0	0	0	0	4	10	8	0	0	0	6	10	3	0	0	0	10	0	0	0	0	
0	0	0	0	0	0	0	0	2	3	3	0	0	0	5	11	14	69	52	31	4	5	0	2	0	0	0	0	
0	0	0	0	0	0	0	0	0	5	2	0	0	34	107	165	187	255	239	243	221	189	68	27	0	0	0	0	
0	0	0	0	0	0	0	0	13	0	7	9	135	199	255	245	248	255	250	250	251	246	250	251	141	0	0	13	
0	0	0	0	0	0	0	0	0	26	0	10	236	244	255	250	255	248	251	255	255	255	255	240	143	22	0	0	
0	0	0	0	0	0	0	0	4	0	0	129	246	252	189	139	79	26	3	0	0	20	56	57	10	0	0	5	
0	0	0	0	0	0	0	0	0	0	81	230	255	202	13	0	1	0	1	6	2	10	5	0	0	5	8	3	
0	0	0	0	0	0	0	0	13	53	204	235	245	153	35	0	0	2	7	0	0	0	0	6	13	19	0	0	
0	0	0	0	0	0	0	0	0	143	255	255	255	249	255	199	19	0	8	3	10	12	0	6	0	0	0	0	
0	0	0	0	0	0	0	0	14	214	251	249	250	255	250	251	111	0	0	1	0	5	0	1	3	5	12	5	
0	0	0	0	0	0	0	0	0	11	85	98	89	131	228	255	234	33	0	11	0	1	6	1	1	0	2	0	
9	0	0	12	0	11	25	82	0	18	0	0	17	0	125	253	255	40	0	2	0	0	5	0	0	0	0	0	
0	0	7	0	0	0	137	220	9	6	1	0	3	3	126	255	187	20	0	2	0	0	2	0	0	0	0	0	
0	16	0	9	1	46	246	27	2	0	0	20	0	57	251	255	91	0	0	0	0	0	0	0	0	0	0	0	
1	0	0	0	6	150	211	47	1	0	13	12	115	248	253	151	22	0	0	0	0	3	0	0	0	0	0	0	
0	1	0	0	0	185	255	243	159	188	219	250	255	255	213	10	0	0	1	0	0	6	0	0	0	0	0	0	
0	16	0	15	0	92	255	255	255	249	255	241	250	167	32	0	0	9	0	0	0	6	0	1	0	0	0	0	
0	0	0	0	4	0	50	195	228	213	203	175	109	11	4	5	0	9	0	4	0	4	0	3	0	0	0	0	
7	1	0	10	0	3	0	7	0	0	14	0	3	0	0	1	0	4	0	9	0	1	0	4	0	0	0	0	
0	0	0	0	0	0	0	0	0	0	0	0	0	0	0	0	0	0	0	0	0	0	0	0	0	0	0	0	
0	0	0	0	0	0	0	0	0	0	0	0	0	0	0	0	0	0	0	0	0	0	0	0	0	0	0	0	
0	0	0	0	0	0	0	0	0	0	0	0	0	0	0	0	0	0	0	0	0	0	0	0	0	0	0	0	
0	0	0	0	0	0	0	0	0	0	0	0	0	0	0	0	0	0	0	0	0	0	0	0	0	0	0	0	
