0	0	0	0	0	0	0	0	2	0	5	0	6	0	8	1	0	2	0	4	2	0	11	0	0	0	0	0	
0	0	0	0	0	0	0	0	1	1	0	0	0	4	0	0	2	8	0	2	0	0	10	0	0	0	0	0	
0	0	0	0	0	0	0	0	0	1	0	2	0	7	9	15	0	1	0	5	7	0	2	0	0	0	0	0	
0	0	0	0	0	0	0	0	0	0	6	5	10	0	0	0	5	2	0	0	3	0	0	7	0	0	0	0	
0	0	0	0	0	0	0	0	0	0	0	6	0	0	0	14	0	0	0	0	3	0	0	15	0	0	0	0	
0	0	0	0	0	0	0	0	0	14	0	1	0	87	151	222	140	106	45	0	0	12	0	0	0	0	0	0	
0	0	0	0	0	0	0	0	0	13	0	0	68	206	255	255	254	250	169	30	0	5	0	4	0	0	0	0	
0	0	0	0	0	0	0	0	0	0	6	6	185	255	212	33	72	206	245	108	8	0	0	6	0	0	0	0	
0	0	0	0	0	0	0	0	2	1	0	75	255	201	33	0	2	19	169	255	43	0	13	0	0	0	0	0	
0	0	0	0	0	0	0	0	0	0	0	108	255	174	3	0	0	7	113	195	55	11	4	0	0	0	0	0	
0	0	0	0	0	0	0	0	0	0	1	127	255	167	0	3	0	0	11	39	0	0	0	13	0	0	0	0	
0	0	0	0	0	0	0	0	0	4	0	119	254	183	0	3	5	0	0	0	0	0	0	6	0	0	0	0	
0	0	0	0	0	0	0	0	0	5	0	117	252	182	0	0	0	0	3	3	13	6	0	0	0	0	0	0	
0	0	0	0	0	0	0	0	0	1	3	122	255	167	0	0	2	0	1	0	0	0	3	0	0	0	0	0	
0	0	0	0	0	0	0	0	0	1	3	103	255	179	11	0	0	2	3	10	4	6	0	0	0	0	0	0	
0	0	0	0	0	0	0	0	0	5	0	70	255	212	48	2	1	7	0	0	0	6	0	4	0	0	0	0	
0	0	0	0	0	0	0	0	0	15	0	7	183	255	255	152	28	0	8	0	10	0	0	0	0	0	0	0	
0	0	0	0	0	0	0	0	0	0	2	13	42	148	233	255	120	0	0	0	7	0	7	0	0	0	0	0	
0	0	0	0	0	0	0	0	9	0	0	8	0	10	61	237	250	60	0	0	0	0	11	0	0	0	0	0	
0	0	0	0	0	0	0	0	0	10	4	0	14	5	0	85	255	149	8	0	0	0	4	0	0	0	0	0	
0	0	0	0	0	0	0	0	2	4	7	0	0	0	4	0	184	217	16	0	6	10	0	0	0	0	0	0	
0	0	0	0	0	0	0	0	0	0	0	22	0	5	0	13	187	255	34	0	3	8	0	8	0	0	0	0	
0	0	0	0	0	0	0	0	0	83	149	145	154	194	165	165	247	239	33	0	0	0	0	9	0	0	0	0	
0	0	0	0	0	0	0	0	5	65	255	255	246	255	255	245	254	146	3	0	6	2	0	1	0	0	0	0	
0	0	0	0	0	0	0	0	0	70	236	157	30	44	24	43	26	14	2	0	1	4	1	0	0	0	0	0	
0	0	0	0	0	0	0	0	10	0	16	0	0	3	0	0	9	3	0	0	1	4	1	0	0	0	0	0	
0	0	0	0	0	0	0	0	4	0	0	16	8	0	11	8	0	0	0	0	2	2	0	0	0	0	0	0	
0	0	0	0	0	0	0	0	0	10	0	0	0	0	1	0	0	0	3	3	2	0	0	0	0	0	0	0	
