0	0	0	0	0	0	0	0	1	1	0	0	0	1	0	0	3	0	0	1	8	5	0	0	0	1	0	12	
0	0	0	0	0	0	0	0	0	0	0	4	5	1	1	4	3	2	4	5	1	0	0	4	5	12	0	0	
0	0	0	0	0	0	0	0	1	0	0	4	1	0	0	4	0	0	1	2	0	0	1	8	0	6	0	1	
0	0	0	0	0	0	0	0	4	2	0	0	0	0	0	2	7	2	0	0	1	1	0	0	0	1	0	9	
0	0	0	0	0	0	0	0	0	2	2	0	0	7	7	0	0	0	0	1	4	7	7	5	12	1	0	0	
0	0	0	0	0	0	0	0	0	1	5	1	0	2	0	0	0	5	8	1	0	0	0	0	0	0	8	0	
0	0	0	0	0	0	0	0	0	0	1	5	0	0	0	18	0	0	0	0	1	13	16	13	29	0	9	10	
0	0	0	0	0	0	0	0	7	0	0	7	0	0	23	73	71	65	71	110	177	235	255	251	159	19	0	2	
0	0	0	0	0	0	0	0	0	0	18	46	184	216	216	251	245	255	255	246	255	255	254	255	236	12	0	0	
0	0	0	0	0	0	0	0	19	0	39	226	249	255	255	255	255	246	255	255	243	255	255	204	79	0	8	1	
0	0	0	0	0	0	0	0	0	15	135	255	255	246	255	202	153	112	129	129	55	21	29	9	0	0	13	0	
0	0	0	0	0	0	0	0	3	19	223	234	255	132	58	40	12	0	0	4	3	0	0	4	5	8	0	0	
0	0	0	0	0	0	0	0	2	162	254	255	204	0	10	0	0	8	2	0	0	13	8	0	8	0	0	8	
0	0	0	0	0	0	0	0	46	243	251	238	30	78	0	0	9	0	0	13	0	0	6	0	0	0	0	13	
0	0	0	0	0	0	0	0	147	231	255	243	254	255	247	171	118	44	0	0	4	1	1	1	1	3	5	7	
0	0	0	0	0	0	0	0	140	255	247	255	253	244	255	255	251	234	111	0	0	9	0	5	0	0	0	5	
7	0	3	0	3	0	0	6	9	155	208	194	180	200	202	241	247	255	170	0	13	0	5	0	0	0	0	0	
0	0	0	16	0	14	0	10	1	12	0	2	6	0	0	42	248	243	255	34	0	0	7	5	0	0	0	0	
8	2	16	0	0	5	9	0	57	29	0	2	4	0	0	30	255	242	247	10	0	11	6	0	0	0	0	0	
0	0	4	13	0	30	112	182	243	127	30	9	0	8	100	215	242	244	173	5	14	0	4	0	0	0	0	0	
6	28	0	0	4	215	255	255	255	251	210	154	149	204	255	255	255	217	73	0	7	0	3	4	0	0	0	0	
0	0	0	13	0	80	106	144	236	246	255	255	255	255	255	245	216	100	0	0	0	9	3	0	0	0	0	0	
0	0	14	0	10	6	6	1	78	161	244	245	234	188	134	68	28	0	0	14	2	8	1	5	0	0	0	0	
6	0	0	0	4	0	0	3	0	0	13	7	17	0	0	10	0	12	0	0	7	0	0	6	0	0	0	0	
0	0	0	0	0	0	0	0	0	0	0	0	0	0	0	0	0	0	0	0	0	0	0	0	0	0	0	0	
0	0	0	0	0	0	0	0	0	0	0	0	0	0	0	0	0	0	0	0	0	0	0	0	0	0	0	0	
0	0	0	0	0	0	0	0	0	0	0	0	0	0	0	0	0	0	0	0	0	0	0	0	0	0	0	0	
0	0	0	0	0	0	0	0	0	0	0	0	0	0	0	0	0	0	0	0	0	0	0	0	0	0	0	0	
