0	0	0	0	0	0	0	0	4	0	0	3	1	0	0	0	4	0	0	5	0	0	0	0	0	1	0	0	
0	0	0	0	0	0	0	0	0	0	4	2	0	0	1	2	0	15	15	0	2	0	0	3	9	1	6	15	
0	0	0	0	0	0	0	0	0	0	2	0	0	4	6	1	4	0	0	0	5	0	1	0	0	0	0	0	
0	0	0	0	0	0	0	0	13	9	1	0	1	5	1	0	7	0	1	7	0	7	8	0	11	0	10	9	
0	0	0	0	0	0	0	0	0	0	0	0	0	0	0	1	0	10	0	38	88	135	159	254	229	90	0	0	
0	0	0	0	0	0	0	0	1	9	15	11	1	0	0	2	2	22	132	255	253	255	229	168	55	5	0	8	
0	0	0	0	0	0	0	0	0	3	0	0	0	28	41	33	56	193	251	241	255	216	90	4	0	1	5	2	
0	0	0	0	0	0	0	0	0	2	0	10	98	213	255	248	241	235	255	213	127	13	6	0	3	2	0	0	
0	0	0	0	0	0	0	0	0	0	36	207	255	254	231	97	110	156	54	5	8	0	12	0	0	0	0	0	
0	0	0	0	0	0	0	0	9	68	227	255	234	138	7	13	0	31	0	0	8	0	4	0	0	0	0	0	
0	0	0	0	0	0	0	0	3	113	255	255	145	23	9	0	0	3	0	2	10	0	0	0	0	0	0	0	
0	0	0	0	0	0	0	0	21	203	253	118	18	0	0	3	13	0	0	4	0	0	0	7	0	0	0	0	
0	0	0	0	0	0	0	0	12	232	254	163	1	13	0	11	0	0	2	1	0	5	1	0	0	0	0	0	
0	0	0	0	0	0	0	0	0	70	241	255	205	1	20	0	5	3	11	1	0	5	2	0	0	0	0	0	
0	0	0	0	0	0	0	0	2	8	102	255	255	155	0	0	0	2	0	0	0	0	7	4	0	0	0	0	
0	0	0	0	0	0	0	0	0	6	0	148	241	255	246	22	0	8	0	6	11	0	0	0	0	0	0	0	
3	0	0	0	1	0	18	0	0	0	16	0	233	249	255	127	6	6	0	12	0	2	0	0	0	0	0	0	
0	3	8	0	13	12	0	16	15	0	0	3	17	207	248	255	133	3	10	2	0	0	0	0	0	0	0	0	
4	16	0	0	0	10	0	0	0	0	14	1	0	75	223	255	165	5	0	0	6	4	0	0	0	0	0	0	
0	0	0	30	5	0	15	16	3	14	0	0	18	1	129	249	228	113	0	0	0	3	0	7	0	0	0	0	
0	13	13	0	0	0	0	0	0	1	0	0	0	4	64	255	255	147	4	0	0	3	0	3	0	0	0	0	
0	12	0	18	0	17	222	132	61	16	7	22	123	179	227	250	241	53	9	0	2	5	0	0	0	0	0	0	
7	0	11	0	2	8	58	249	243	255	243	255	235	248	255	235	158	14	7	0	0	0	5	5	0	0	0	0	
0	2	0	4	0	2	0	41	148	184	255	251	222	190	132	81	0	2	0	13	1	2	0	0	0	0	0	0	
0	0	0	0	0	0	0	0	0	0	0	0	0	0	0	0	0	0	0	0	0	0	0	0	0	0	0	0	
0	0	0	0	0	0	0	0	0	0	0	0	0	0	0	0	0	0	0	0	0	0	0	0	0	0	0	0	
0	0	0	0	0	0	0	0	0	0	0	0	0	0	0	0	0	0	0	0	0	0	0	0	0	0	0	0	
0	0	0	0	0	0	0	0	0	0	0	0	0	0	0	0	0	0	0	0	0	0	0	0	0	0	0	0	
