0	0	0	0	0	0	0	0	1	0	0	4	0	0	0	7	0	6	0	4	5	0	0	3	0	0	0	0	
0	0	0	0	0	0	0	0	6	0	0	0	6	11	0	0	0	0	10	0	0	9	5	5	0	0	0	0	
0	0	0	0	0	0	0	0	0	7	14	1	0	0	0	2	29	0	16	0	0	0	9	0	0	0	0	0	
0	0	0	0	0	0	0	0	3	1	0	0	8	1	11	6	0	0	0	17	179	233	138	12	0	0	0	0	
0	0	0	0	0	0	0	0	0	0	1	1	3	0	24	28	41	105	174	239	242	249	255	108	0	0	0	0	
0	0	0	0	0	0	0	0	3	0	9	0	0	26	197	255	253	249	224	255	255	248	243	40	0	0	0	0	
0	0	0	0	0	0	0	0	0	0	5	0	10	71	231	237	255	255	255	237	246	215	255	52	0	0	0	0	
0	0	0	0	0	0	0	0	7	0	10	0	0	86	255	255	248	170	126	93	184	16	25	0	0	0	0	0	
0	0	0	0	0	0	0	0	0	13	0	7	51	237	255	228	44	0	0	1	0	3	0	4	0	0	0	0	
0	0	0	0	0	0	0	0	2	0	0	6	177	229	255	42	10	0	23	7	0	0	0	8	0	0	0	0	
0	0	0	0	0	0	0	0	4	0	0	17	210	255	204	1	7	0	6	0	0	9	0	0	0	0	0	0	
0	0	0	0	0	0	0	0	7	0	0	90	242	255	146	0	14	0	9	5	0	0	6	8	0	0	0	0	
0	0	0	0	0	0	0	0	0	0	15	252	255	252	234	131	23	11	0	11	15	2	1	0	0	0	0	0	
0	0	0	0	0	0	0	0	10	12	17	245	229	255	250	255	255	209	59	0	0	0	2	0	0	0	0	0	
0	0	0	0	0	0	0	0	4	0	13	85	245	255	237	251	240	255	197	24	8	0	0	9	0	0	0	0	
0	0	0	0	0	0	0	0	0	17	0	0	56	58	79	70	185	254	255	10	3	3	0	4	0	0	0	0	
2	0	15	0	0	12	0	5	11	0	5	7	5	0	1	0	169	254	253	24	1	1	0	3	0	0	0	0	
6	0	0	0	0	0	9	0	0	0	3	0	0	92	189	229	226	255	247	22	9	0	1	14	0	0	0	0	
0	2	2	5	0	0	126	144	153	140	161	241	255	255	246	249	255	255	248	18	1	0	9	0	0	0	0	0	
0	0	0	2	10	9	177	242	247	241	241	255	254	254	249	255	251	234	213	35	0	0	16	4	0	0	0	0	
2	3	2	0	12	2	147	255	252	255	255	250	252	246	255	255	208	77	5	0	3	14	0	0	0	0	0	0	
0	5	14	0	0	0	86	235	255	250	242	226	255	255	226	177	69	5	0	14	0	0	0	22	0	0	0	0	
0	0	0	0	16	0	10	51	143	231	255	254	251	214	101	0	0	0	8	12	0	0	0	0	0	0	0	0	
3	5	0	5	0	0	5	0	0	12	0	0	0	7	0	6	12	0	0	0	2	4	7	0	0	0	0	0	
0	0	0	0	0	0	0	0	0	0	0	0	0	0	0	0	0	0	0	0	0	0	0	0	0	0	0	0	
0	0	0	0	0	0	0	0	0	0	0	0	0	0	0	0	0	0	0	0	0	0	0	0	0	0	0	0	
0	0	0	0	0	0	0	0	0	0	0	0	0	0	0	0	0	0	0	0	0	0	0	0	0	0	0	0	
0	0	0	0	0	0	0	0	0	0	0	0	0	0	0	0	0	0	0	0	0	0	0	0	0	0	0	0	
