0	0	0	0	0	0	0	0	6	4	0	0	0	0	0	0	0	0	3	6	4	0	0	0	0	4	2	0	
0	0	0	0	0	0	0	0	0	0	2	4	3	3	3	3	13	1	0	0	0	2	0	0	5	0	0	4	
0	0	0	0	0	0	0	0	0	0	3	4	1	0	0	0	0	0	9	10	5	0	1	4	0	0	0	13	
0	0	0	0	0	0	0	0	3	0	0	0	0	0	0	1	9	2	0	0	0	2	0	0	2	14	0	13	
0	0	0	0	0	0	0	0	3	0	0	0	4	3	2	4	0	0	3	0	0	4	7	6	0	3	0	1	
0	0	0	0	0	0	0	0	1	0	0	4	5	0	0	0	4	8	5	0	0	6	6	0	23	0	0	0	
0	0	0	0	0	0	0	0	2	0	0	3	0	0	0	9	0	0	0	54	149	234	255	255	166	12	9	6	
0	0	0	0	0	0	0	0	1	0	0	2	0	1	25	53	125	172	223	248	255	255	251	243	255	4	0	0	
2	0	6	0	0	14	4	0	0	0	11	5	65	143	226	255	255	254	255	252	254	255	244	255	221	17	0	7	
8	0	3	3	0	0	0	14	6	4	87	192	255	255	245	245	255	238	241	208	140	71	34	60	31	0	0	1	
0	0	6	0	0	13	3	2	1	102	234	255	252	253	255	199	144	65	21	14	12	4	0	0	0	7	19	1	
0	0	5	0	0	4	0	0	87	233	255	243	229	170	67	0	14	0	0	0	0	0	3	1	7	14	0	0	
9	0	0	9	3	0	6	89	223	248	255	252	157	39	0	4	0	0	0	0	0	1	5	0	0	0	0	6	
4	0	0	7	9	0	11	90	245	251	241	255	255	244	198	104	24	22	0	1	7	0	0	5	6	4	9	13	
1	10	5	0	0	0	0	10	70	255	255	231	254	255	242	255	255	184	37	0	3	12	3	0	2	0	0	0	
0	2	6	0	11	4	5	61	143	120	107	221	255	251	255	255	249	247	119	10	0	0	0	4	0	0	3	2	
3	0	0	13	0	1	15	62	0	0	0	17	39	74	160	255	247	255	224	8	7	7	0	9	0	0	0	0	
2	7	2	0	14	60	255	238	218	202	64	0	12	1	19	146	255	239	239	8	0	6	0	0	0	0	0	0	
0	0	4	0	0	193	225	255	243	236	246	211	130	119	187	237	255	255	127	10	0	4	0	0	0	0	0	0	
9	0	0	0	4	55	255	250	255	255	255	255	244	247	255	253	255	201	5	0	6	3	0	1	0	0	0	0	
0	13	1	2	0	8	13	81	164	220	246	252	255	248	237	255	200	24	3	0	1	0	9	0	0	0	0	0	
12	0	0	0	3	5	2	0	0	17	95	156	158	167	167	127	58	0	9	9	0	0	9	0	0	0	0	0	
0	18	0	0	12	0	3	3	2	0	0	0	4	4	0	0	0	13	0	15	4	0	0	3	0	0	0	0	
8	0	0	13	0	0	10	0	0	2	0	1	7	0	0	6	11	0	7	0	1	5	4	0	0	0	0	0	
0	0	0	0	0	0	0	0	0	0	0	0	0	0	0	0	0	0	0	0	0	0	0	0	0	0	0	0	
0	0	0	0	0	0	0	0	0	0	0	0	0	0	0	0	0	0	0	0	0	0	0	0	0	0	0	0	
0	0	0	0	0	0	0	0	0	0	0	0	0	0	0	0	0	0	0	0	0	0	0	0	0	0	0	0	
0	0	0	0	0	0	0	0	0	0	0	0	0	0	0	0	0	0	0	0	0	0	0	0	0	0	0	0	
