0	0	0	0	0	0	0	0	4	1	0	6	0	3	0	10	0	1	0	0	3	6	0	0	0	0	0	0	
0	0	0	0	0	0	0	0	0	0	7	0	4	0	0	0	8	9	7	6	3	0	0	0	0	0	0	0	
0	0	0	0	0	0	0	0	21	0	7	11	0	2	31	0	0	0	0	0	0	4	2	0	0	0	0	0	
0	0	0	0	0	0	0	0	0	8	0	0	2	10	0	0	0	10	16	5	0	1	7	0	0	0	0	0	
0	0	0	0	0	0	0	0	12	16	0	2	73	163	249	250	162	182	201	160	65	0	0	4	0	0	0	0	
0	0	0	0	0	0	0	0	0	14	0	0	205	255	255	240	255	246	255	240	125	13	0	4	0	0	0	0	
0	0	0	0	0	0	0	0	10	0	5	119	253	249	208	130	107	80	97	112	61	7	0	0	0	0	0	0	
0	0	0	0	0	0	0	0	0	13	42	244	246	145	20	0	3	0	4	9	0	0	10	0	0	0	0	0	
0	0	0	0	0	0	0	0	0	0	181	249	223	0	7	3	0	0	0	2	0	0	7	0	0	0	0	0	
0	0	0	0	0	0	0	0	13	58	247	255	109	6	9	0	0	17	4	2	2	6	0	0	0	0	0	0	
0	0	0	0	0	0	0	0	0	179	255	201	12	0	0	17	11	0	0	0	0	5	0	9	0	0	0	0	
0	0	0	0	0	0	0	0	48	246	240	246	190	228	210	130	0	0	25	7	0	6	13	0	0	0	0	0	
0	0	0	0	0	0	0	0	13	244	249	248	255	253	247	254	211	73	8	0	19	0	0	11	0	0	0	0	
0	0	0	0	0	0	0	0	4	87	208	239	234	227	254	252	255	255	195	26	2	0	0	1	0	0	0	0	
0	0	0	0	0	0	0	0	4	0	14	0	11	28	52	107	198	255	255	122	1	0	0	11	0	0	0	0	
0	0	0	0	0	0	0	0	0	9	0	8	13	5	0	7	4	102	255	240	20	6	8	0	0	0	0	0	
8	0	1	0	0	3	0	4	3	0	13	0	0	0	3	0	0	64	253	247	42	0	17	0	0	0	0	0	
0	0	12	10	0	3	0	0	5	0	0	3	13	9	6	0	0	75	255	255	29	22	0	6	0	0	0	0	
10	0	4	0	0	8	15	10	0	11	9	0	0	0	0	0	14	157	248	255	55	6	0	0	0	0	0	0	
5	0	0	0	3	0	0	0	12	0	0	18	5	0	22	85	175	242	255	129	0	0	0	19	0	0	0	0	
0	4	0	0	17	0	0	75	126	126	48	19	41	135	219	255	255	255	197	30	0	11	0	0	0	0	0	0	
0	13	2	0	7	0	22	142	233	255	253	255	255	254	252	244	245	169	20	0	0	0	10	5	0	0	0	0	
0	2	10	5	1	0	0	45	186	255	253	237	254	252	255	244	112	16	0	3	17	15	0	15	0	0	0	0	
10	0	0	2	0	7	1	0	35	105	158	227	255	149	75	17	0	13	4	0	0	0	14	0	0	0	0	0	
0	0	0	0	0	0	0	0	0	0	0	0	0	0	0	0	0	0	0	0	0	0	0	0	0	0	0	0	
0	0	0	0	0	0	0	0	0	0	0	0	0	0	0	0	0	0	0	0	0	0	0	0	0	0	0	0	
0	0	0	0	0	0	0	0	0	0	0	0	0	0	0	0	0	0	0	0	0	0	0	0	0	0	0	0	
0	0	0	0	0	0	0	0	0	0	0	0	0	0	0	0	0	0	0	0	0	0	0	0	0	0	0	0	
