0	0	0	0	0	0	0	0	1	0	0	0	0	2	4	4	6	0	0	0	0	0	2	0	3	0	0	0	
0	0	0	0	0	0	0	0	0	0	2	1	0	0	0	0	0	0	2	6	3	2	0	0	0	0	6	0	
0	0	0	0	0	0	0	0	0	0	3	3	0	0	0	0	2	2	1	0	0	0	1	2	0	0	7	0	
0	0	0	0	0	0	0	0	3	0	0	0	0	0	2	6	0	3	0	0	0	0	1	8	4	2	1	5	
0	0	0	0	0	0	0	0	5	0	0	0	4	2	0	1	0	3	1	0	7	1	0	0	0	0	0	7	
0	0	0	0	0	0	0	0	2	0	0	5	7	0	0	0	4	11	0	0	1	0	0	1	0	8	10	0	
0	0	0	0	0	0	0	0	1	0	0	5	2	0	2	14	0	5	0	2	35	42	37	52	106	111	108	0	
0	0	0	0	0	0	0	0	4	0	0	0	0	0	16	44	82	118	144	184	243	255	244	253	254	248	226	3	
2	1	10	0	8	3	0	3	3	0	15	29	91	133	227	253	255	253	254	255	255	251	250	255	253	175	74	9	
0	0	7	0	8	0	0	2	1	6	51	209	250	255	249	255	255	255	250	236	203	153	102	70	24	12	1	0	
0	0	1	0	5	0	3	2	14	0	206	255	255	246	239	214	173	136	79	27	0	0	0	0	0	0	0	0	
0	4	0	0	0	0	8	0	0	157	244	255	179	94	47	0	0	1	2	1	3	8	6	0	10	6	4	4	
0	8	0	0	0	4	0	0	77	241	244	212	3	0	1	0	0	1	1	0	0	0	4	8	0	0	0	0	
0	5	2	0	2	6	0	22	176	255	255	56	12	14	0	13	7	2	0	3	3	0	0	0	7	7	3	0	
0	0	5	0	0	3	0	112	254	255	221	132	147	185	198	110	42	8	0	0	10	11	3	0	0	0	4	7	
8	0	3	0	0	0	11	198	250	254	253	255	252	250	255	254	255	155	47	0	0	0	0	2	6	1	0	0	
0	5	6	0	15	0	1	182	255	251	255	237	252	255	236	255	249	249	173	0	7	0	6	0	0	0	0	0	
3	1	7	0	3	5	3	85	164	195	121	66	2	0	2	84	255	255	227	0	0	0	10	13	0	0	0	0	
4	0	10	2	0	9	0	0	8	62	194	30	8	0	9	0	197	245	245	5	6	0	0	0	0	0	0	0	
7	0	5	9	0	0	0	16	26	242	254	182	16	12	24	99	255	255	207	1	0	0	0	8	0	0	0	0	
7	0	0	0	0	0	12	68	228	249	237	255	208	164	249	255	255	218	100	0	6	3	0	0	0	0	0	0	
0	13	2	0	6	1	0	30	217	255	255	242	255	241	253	255	248	169	27	0	0	0	0	0	0	0	0	0	
0	9	3	1	9	0	0	0	24	151	217	250	249	249	251	124	47	6	0	0	7	9	11	2	0	0	0	0	
7	0	0	0	0	0	7	8	9	0	21	41	75	115	36	0	8	0	11	7	0	0	2	0	0	0	0	0	
0	0	0	0	0	0	0	0	0	0	0	0	0	0	0	0	0	0	0	0	0	0	0	0	0	0	0	0	
0	0	0	0	0	0	0	0	0	0	0	0	0	0	0	0	0	0	0	0	0	0	0	0	0	0	0	0	
0	0	0	0	0	0	0	0	0	0	0	0	0	0	0	0	0	0	0	0	0	0	0	0	0	0	0	0	
0	0	0	0	0	0	0	0	0	0	0	0	0	0	0	0	0	0	0	0	0	0	0	0	0	0	0	0	
