0	0	0	0	0	0	0	0	0	12	13	0	11	0	0	2	5	0	0	5	0	4	6	0	0	0	0	0	
0	0	0	0	0	0	0	0	0	0	0	0	7	6	7	0	0	14	3	0	0	0	0	11	0	0	0	0	
0	0	0	0	0	0	0	0	4	0	5	9	0	0	3	3	7	0	4	9	5	11	10	0	0	0	0	0	
0	0	0	0	0	0	0	0	1	0	5	0	0	9	0	0	0	0	0	0	6	0	0	7	0	0	0	0	
0	0	0	0	0	0	0	0	0	6	5	0	24	75	154	233	255	210	254	245	90	3	12	0	0	0	0	0	
0	0	0	0	0	0	0	0	11	0	0	88	200	248	255	255	245	234	255	254	120	6	0	10	0	0	0	0	
0	0	0	0	0	0	0	0	0	0	19	224	255	255	252	250	240	180	173	151	52	0	2	0	0	0	0	0	
0	0	0	0	0	0	0	0	0	2	38	255	133	55	34	46	20	7	0	2	14	1	0	4	0	0	0	0	
0	0	0	0	0	0	0	0	1	0	137	244	27	4	0	7	5	4	0	0	8	0	8	0	0	0	0	0	
0	0	0	0	0	0	0	0	4	0	182	178	0	0	26	0	0	17	0	19	0	11	0	0	0	0	0	0	
0	0	0	0	0	0	0	0	12	0	111	85	4	20	0	0	0	4	0	0	6	10	0	11	0	0	0	0	
0	0	0	0	0	0	0	0	0	34	218	144	77	219	216	126	153	42	0	11	0	0	23	0	0	0	0	0	
0	0	0	0	0	0	0	0	13	8	252	255	243	242	255	251	251	207	30	2	0	7	0	5	0	0	0	0	
0	0	0	0	0	0	0	0	7	106	255	255	255	209	191	215	238	255	138	10	0	0	4	3	0	0	0	0	
0	0	0	0	0	0	0	0	13	213	255	163	26	13	7	0	133	255	254	36	21	0	0	3	0	0	0	0	
0	0	0	0	0	0	0	0	12	255	203	26	6	0	0	5	8	133	255	103	0	8	4	0	0	0	0	0	
0	14	1	0	8	6	0	0	25	246	29	0	5	0	0	10	3	80	249	108	0	4	0	3	0	0	0	0	
4	0	0	2	0	0	0	3	0	6	0	15	0	9	0	0	0	62	255	118	5	0	0	3	0	0	0	0	
8	0	0	8	0	0	5	0	0	13	6	0	0	0	8	0	0	99	255	81	3	0	0	3	0	0	0	0	
0	0	0	0	3	6	0	2	1	0	0	18	12	0	12	0	32	198	219	12	0	11	0	3	0	0	0	0	
0	3	1	0	5	0	0	64	100	31	10	0	13	43	23	48	184	255	123	0	0	10	0	1	0	0	0	0	
2	2	0	0	9	0	5	146	245	255	210	203	229	255	244	255	255	211	27	8	0	0	3	0	0	0	0	0	
3	0	2	0	9	0	8	120	246	255	250	255	247	232	255	250	206	94	0	16	2	0	1	0	0	0	0	0	
3	0	9	0	0	10	0	14	7	138	222	186	247	255	148	135	29	5	0	0	1	8	0	0	0	0	0	0	
0	0	0	0	0	0	0	0	0	0	0	0	0	0	0	0	0	0	0	0	0	0	0	0	0	0	0	0	
0	0	0	0	0	0	0	0	0	0	0	0	0	0	0	0	0	0	0	0	0	0	0	0	0	0	0	0	
0	0	0	0	0	0	0	0	0	0	0	0	0	0	0	0	0	0	0	0	0	0	0	0	0	0	0	0	
0	0	0	0	0	0	0	0	0	0	0	0	0	0	0	0	0	0	0	0	0	0	0	0	0	0	0	0	
