0	0	0	0	0	0	0	0	5	0	0	0	0	0	10	0	0	0	0	5	6	0	4	0	0	0	0	0	
0	0	0	0	0	0	0	0	0	0	8	8	2	4	3	0	12	0	10	10	0	0	17	16	0	0	0	0	
0	0	0	0	0	0	0	0	8	0	0	1	14	1	0	7	0	9	2	0	6	17	0	0	0	0	0	0	
0	0	0	0	0	0	0	0	0	17	14	0	0	0	0	0	1	1	0	14	8	0	0	11	0	0	0	0	
0	0	0	0	0	0	0	0	5	7	0	1	6	0	10	52	138	235	78	0	3	8	0	3	0	0	0	0	
0	0	0	0	0	0	0	0	0	0	0	8	0	9	107	230	255	250	69	3	0	0	2	0	0	0	0	0	
0	0	0	0	0	0	0	0	10	5	5	30	102	199	253	250	255	225	99	1	4	3	0	4	0	0	0	0	
0	0	0	0	0	0	0	0	0	8	104	224	255	255	251	255	226	49	3	0	14	0	0	5	0	0	0	0	
4	0	0	8	5	0	5	0	0	114	242	255	255	239	255	219	44	3	7	0	13	0	6	0	0	0	0	0	
0	8	9	0	0	4	5	0	132	251	255	238	242	255	168	55	8	0	2	0	10	2	2	0	0	0	0	0	
0	3	8	0	0	14	0	0	180	253	240	255	138	113	0	6	0	8	0	0	0	0	0	6	0	0	0	0	
7	0	4	0	8	5	0	63	227	249	255	120	0	0	14	0	0	3	0	0	10	14	0	0	0	0	0	0	
7	0	8	1	0	0	9	125	255	255	253	204	52	14	0	13	1	0	0	0	2	0	0	17	0	0	0	0	
4	0	2	0	1	3	6	63	234	255	254	238	255	201	99	53	46	6	0	2	8	0	0	0	0	0	0	0	
1	0	0	0	7	10	0	0	153	255	247	251	250	255	237	255	233	130	39	8	0	12	20	0	0	0	0	0	
0	2	4	6	0	0	6	1	44	185	255	255	254	241	255	253	254	255	245	195	28	0	0	3	0	0	0	0	
0	0	0	0	0	0	0	0	7	0	138	235	214	255	245	255	247	251	255	255	223	120	17	0	0	0	0	0	
0	0	0	0	0	0	0	0	0	4	0	8	0	30	213	242	255	255	242	240	255	253	51	4	0	0	0	0	
0	0	0	0	0	0	0	0	0	9	0	0	20	0	0	0	81	249	255	255	246	246	158	14	0	0	0	0	
0	0	0	0	0	0	0	0	0	0	24	6	0	31	37	147	161	236	255	254	245	253	146	0	0	0	0	0	
0	0	0	0	0	0	0	0	11	0	0	78	126	196	254	255	255	255	255	255	255	100	0	0	0	0	0	0	
0	0	0	0	0	0	0	0	0	4	0	133	255	241	255	253	247	255	245	234	179	12	5	3	0	0	0	0	
0	0	0	0	0	0	0	0	0	0	7	114	255	253	243	255	255	247	255	133	21	1	0	0	0	0	0	0	
0	0	0	0	0	0	0	0	3	0	6	69	74	152	188	90	12	22	12	0	1	7	0	8	0	0	0	0	
0	0	0	0	0	0	0	0	0	0	0	0	0	0	0	0	0	0	0	0	0	0	0	0	0	0	0	0	
0	0	0	0	0	0	0	0	0	0	0	0	0	0	0	0	0	0	0	0	0	0	0	0	0	0	0	0	
0	0	0	0	0	0	0	0	0	0	0	0	0	0	0	0	0	0	0	0	0	0	0	0	0	0	0	0	
0	0	0	0	0	0	0	0	0	0	0	0	0	0	0	0	0	0	0	0	0	0	0	0	0	0	0	0	
