0	0	0	0	0	0	0	0	7	0	4	6	0	5	5	0	3	6	0	0	4	0	0	0	0	0	0	0	
0	0	0	0	0	0	0	0	0	7	0	0	0	1	3	2	0	0	1	14	0	2	11	0	0	0	0	0	
0	0	0	0	0	0	0	0	0	3	8	8	0	6	0	25	16	0	2	6	0	0	2	1	0	0	0	0	
0	0	0	0	0	0	0	0	0	9	0	0	0	23	8	0	0	0	11	0	14	3	3	0	0	0	0	0	
0	0	0	0	0	0	0	0	10	5	17	132	81	20	133	207	255	255	222	81	0	0	12	0	0	0	0	0	
0	0	0	0	0	0	0	0	0	10	175	255	248	255	255	253	240	247	255	197	1	0	3	3	0	0	0	0	
0	0	0	0	0	0	0	0	19	46	255	255	242	255	232	255	255	245	242	159	14	0	0	8	0	0	0	0	
0	0	0	0	0	0	0	0	0	107	255	254	255	243	255	232	231	238	172	0	0	12	0	1	0	0	0	0	
0	0	0	0	0	0	0	0	1	94	248	253	238	182	97	1	4	3	0	14	0	0	13	0	0	0	0	0	
0	0	0	0	0	0	0	0	0	53	255	255	254	39	0	2	0	0	21	3	0	21	0	11	0	0	0	0	
0	0	0	0	0	0	0	0	14	53	249	238	194	39	44	135	102	4	0	3	0	0	7	6	0	0	0	0	
0	0	0	0	0	0	0	0	8	45	250	255	255	247	254	250	246	216	101	0	18	14	0	0	0	0	0	0	
0	0	0	0	0	0	0	0	0	54	255	246	247	243	255	251	238	255	242	99	0	4	0	26	0	0	0	0	
0	0	0	0	0	0	0	0	7	149	255	240	255	255	242	255	255	242	255	255	40	8	0	0	0	0	0	0	
0	0	0	0	0	0	0	0	5	169	237	247	255	193	55	10	67	205	253	255	121	0	10	6	0	0	0	0	
0	0	0	0	0	0	0	0	0	128	255	248	244	55	0	0	0	92	244	238	234	22	4	0	0	0	0	0	
0	0	0	0	0	0	0	0	116	235	255	239	88	5	0	1	0	0	160	243	255	113	0	2	0	0	0	0	
0	0	0	0	0	0	0	0	132	255	197	37	0	0	19	0	14	3	20	254	254	130	2	0	0	0	0	0	
0	0	0	0	0	0	0	0	102	255	199	11	16	0	0	10	0	0	42	255	251	109	29	0	0	0	0	0	
0	0	0	0	0	0	0	0	14	249	255	93	0	3	9	0	11	25	240	255	248	112	0	3	0	0	0	0	
0	0	0	0	0	0	0	0	10	113	252	255	156	128	123	29	117	228	246	249	196	12	0	9	0	0	0	0	
0	0	0	0	0	0	0	0	0	60	200	252	254	239	255	238	252	254	255	253	130	0	0	12	0	0	0	0	
0	0	0	0	0	0	0	0	6	0	6	117	255	255	246	255	255	239	244	235	110	0	19	0	0	0	0	0	
0	0	0	0	0	0	0	0	0	11	0	10	39	186	241	254	245	255	147	63	2	0	0	7	0	0	0	0	
0	0	0	0	0	0	0	0	0	0	0	0	0	0	0	0	0	0	0	0	0	0	0	0	0	0	0	0	
0	0	0	0	0	0	0	0	0	0	0	0	0	0	0	0	0	0	0	0	0	0	0	0	0	0	0	0	
0	0	0	0	0	0	0	0	0	0	0	0	0	0	0	0	0	0	0	0	0	0	0	0	0	0	0	0	
0	0	0	0	0	0	0	0	0	0	0	0	0	0	0	0	0	0	0	0	0	0	0	0	0	0	0	0	
