0	0	0	0	0	0	0	0	0	1	0	0	4	6	0	0	4	0	0	0	0	0	0	2	0	1	4	0	
0	0	0	0	0	0	0	0	5	4	2	0	0	0	2	11	4	8	9	6	0	0	0	2	9	0	0	0	
0	0	0	0	0	0	0	0	0	0	0	0	6	7	1	0	0	0	0	0	1	3	6	2	0	0	1	2	
0	0	0	0	0	0	0	0	4	4	11	5	0	0	3	1	18	4	1	0	4	0	2	0	8	4	10	0	
0	0	0	0	0	0	0	0	0	0	0	0	0	3	5	0	0	0	2	2	14	0	0	5	0	0	0	9	
0	0	0	0	0	0	0	0	4	6	0	0	6	0	0	8	3	0	6	4	41	58	129	172	192	70	6	3	
0	0	0	0	0	0	0	0	0	0	0	8	19	0	14	92	119	141	197	211	255	242	245	220	123	13	0	0	
0	0	0	0	0	0	0	0	4	0	12	130	245	230	199	246	249	253	255	240	253	194	122	24	6	0	12	18	
0	0	0	0	0	0	0	0	10	0	120	255	249	255	216	147	121	105	122	42	5	2	0	4	0	0	0	0	
0	0	0	0	0	0	0	0	0	99	244	255	250	155	31	13	14	0	10	0	2	15	1	0	0	0	0	0	
0	0	0	0	0	0	0	0	0	203	255	127	93	24	12	0	0	0	0	0	3	7	0	1	0	0	0	0	
0	0	0	0	0	0	0	0	84	252	236	0	5	23	0	0	0	16	0	8	0	0	0	8	0	0	0	0	
0	0	0	0	0	0	0	0	167	235	134	14	0	0	18	0	0	5	0	4	0	5	0	0	0	0	0	0	
0	0	0	0	0	0	0	0	198	243	208	110	24	24	0	9	7	0	0	10	1	5	0	0	0	0	0	0	
0	0	0	0	0	0	0	0	73	255	255	254	255	210	149	193	81	0	0	0	0	0	3	9	0	0	0	0	
0	0	0	0	0	0	0	0	11	41	101	191	197	231	255	255	227	52	6	0	1	5	0	0	0	0	0	0	
0	10	3	0	0	0	0	4	6	0	0	6	0	26	70	162	255	222	3	0	2	2	0	9	0	0	0	0	
0	0	0	0	4	2	3	0	0	14	0	0	9	15	0	78	213	238	19	0	4	0	5	0	0	0	0	0	
7	0	0	2	0	0	1	0	6	0	0	3	0	1	0	0	121	245	106	8	1	0	6	0	0	0	0	0	
2	0	8	3	0	3	4	0	0	6	7	0	8	10	12	15	29	236	233	46	0	14	0	7	0	0	0	0	
0	0	11	1	0	12	0	0	0	0	4	19	0	0	0	0	84	249	252	58	0	8	0	11	0	0	0	0	
3	0	5	0	0	5	0	12	93	107	0	0	3	16	8	135	255	253	124	10	3	2	1	0	0	0	0	0	
7	0	5	0	0	0	8	114	246	192	84	85	74	143	206	255	230	145	9	0	0	5	9	0	0	0	0	0	
0	0	10	2	2	0	62	249	255	239	255	255	251	255	255	138	18	0	0	13	0	3	0	7	0	0	0	0	
0	11	1	0	4	0	28	138	255	247	212	158	111	75	43	19	0	0	0	0	0	0	0	0	0	0	0	0	
3	8	0	0	19	4	0	22	0	4	3	0	0	3	5	0	0	0	0	0	0	0	0	0	0	0	0	0	
1	8	0	0	6	4	0	0	0	4	2	0	0	0	0	0	0	0	0	0	0	0	0	0	0	0	0	0	
0	3	9	0	0	0	9	10	0	2	1	0	0	3	5	2	0	0	0	0	0	0	0	0	0	0	0	0	
