0	0	0	0	0	0	0	0	3	6	0	1	6	0	8	0	0	0	0	16	0	0	0	0	0	0	0	0	
0	0	0	0	0	0	0	0	0	0	19	10	0	2	4	0	0	15	0	0	0	0	0	8	0	0	0	0	
0	0	0	0	0	0	0	0	10	1	0	0	7	8	0	1	4	0	5	18	9	1	0	0	0	0	0	0	
0	0	0	0	0	0	0	0	0	10	0	2	0	0	3	5	0	3	0	0	0	10	1	0	0	0	0	0	
0	0	0	0	0	0	0	0	0	0	9	3	0	8	2	0	18	140	159	196	249	255	79	4	0	0	0	0	
0	0	0	0	0	0	0	0	10	0	4	0	10	12	0	81	214	255	255	255	208	168	26	8	0	0	0	0	
0	0	0	0	0	0	0	0	0	8	11	0	1	0	53	227	255	95	36	36	1	14	0	0	0	0	0	0	
0	0	0	0	0	0	0	0	3	0	0	20	0	51	238	222	99	0	12	2	0	0	10	0	0	0	0	0	
0	0	0	0	0	0	0	0	0	3	2	1	4	229	255	75	0	11	0	9	7	0	1	0	0	0	0	0	
0	0	0	0	0	0	0	0	0	0	0	35	197	255	74	0	4	0	7	0	0	33	0	10	0	0	0	0	
0	0	0	0	0	0	0	0	0	3	10	178	255	123	10	0	5	13	0	10	7	0	0	0	0	0	0	0	
0	0	0	0	0	0	0	0	8	2	98	255	187	38	143	203	241	76	5	4	0	0	14	0	0	0	0	0	
0	0	0	0	0	0	0	0	9	31	241	255	251	244	134	101	58	233	188	30	10	0	22	0	0	0	0	0	
0	0	0	0	0	0	0	0	0	158	248	236	165	23	0	2	0	49	216	96	0	7	0	10	0	0	0	0	
0	0	0	0	0	0	0	0	0	165	240	94	0	0	0	6	2	0	171	150	6	7	0	0	0	0	0	0	
0	0	0	0	0	0	0	0	0	23	7	0	2	0	11	0	0	3	183	190	0	3	2	6	0	0	0	0	
0	2	12	2	0	3	0	0	0	6	5	0	0	4	5	0	0	0	185	181	0	4	0	4	0	0	0	0	
14	0	0	0	1	4	0	0	6	0	0	2	0	0	0	4	5	0	188	208	16	0	10	0	0	0	0	0	
0	3	18	18	3	0	0	0	14	0	0	1	14	8	0	1	0	16	225	222	0	0	0	3	0	0	0	0	
4	0	0	0	0	0	14	0	0	4	12	7	0	0	0	0	0	33	255	82	10	0	3	4	0	0	0	0	
15	0	0	24	7	0	3	0	0	0	0	0	0	8	7	3	0	173	255	76	1	16	0	0	0	0	0	0	
0	7	0	0	0	66	192	218	53	16	0	4	9	0	0	0	39	224	183	21	1	0	12	4	0	0	0	0	
0	14	0	0	12	120	255	255	227	172	104	45	0	3	75	157	251	245	50	8	0	9	6	0	0	0	0	0	
4	0	0	18	0	19	146	198	255	254	253	255	255	255	254	250	205	66	0	5	3	0	0	3	0	0	0	0	
0	0	0	0	0	0	0	0	0	0	0	0	0	0	0	0	0	0	0	0	0	0	0	0	0	0	0	0	
0	0	0	0	0	0	0	0	0	0	0	0	0	0	0	0	0	0	0	0	0	0	0	0	0	0	0	0	
0	0	0	0	0	0	0	0	0	0	0	0	0	0	0	0	0	0	0	0	0	0	0	0	0	0	0	0	
0	0	0	0	0	0	0	0	0	0	0	0	0	0	0	0	0	0	0	0	0	0	0	0	0	0	0	0	
