0	0	0	0	0	0	0	0	8	0	4	2	0	1	0	0	0	1	3	0	0	3	0	3	0	0	0	0	
0	0	0	0	0	0	0	0	0	14	0	0	22	0	15	0	1	2	1	0	1	4	0	2	0	0	0	0	
0	0	0	0	0	0	0	0	12	0	11	0	0	7	0	1	0	0	0	0	0	0	0	0	0	0	0	0	
0	0	0	0	0	0	0	0	11	0	0	21	0	0	16	0	0	0	0	12	1	2	5	6	0	0	0	0	
0	0	0	0	0	0	0	0	0	10	4	0	0	0	9	0	8	9	0	9	0	0	1	0	0	0	0	0	
0	0	0	0	0	0	0	0	11	0	2	14	206	235	118	58	46	47	13	33	0	6	15	0	0	0	0	0	
0	0	0	0	0	0	0	0	0	12	0	108	251	255	252	255	255	255	209	213	145	124	88	21	0	0	0	0	
0	0	0	0	0	0	0	0	12	0	65	255	251	246	180	238	241	255	235	255	245	243	202	115	0	0	0	0	
0	0	0	0	0	0	0	0	3	9	194	252	255	141	0	22	76	79	80	32	9	20	4	0	0	0	0	0	
0	0	0	0	0	0	0	0	4	103	251	255	196	0	40	0	1	0	8	0	0	9	0	0	0	0	0	0	
0	0	0	0	0	0	0	0	0	154	245	255	61	0	0	2	9	0	3	0	0	0	0	16	0	0	0	0	
0	0	0	0	0	0	0	0	0	175	250	248	96	5	0	16	0	0	0	4	3	0	0	0	0	0	0	0	
0	0	0	0	0	0	0	0	0	112	254	255	204	58	0	0	7	3	0	0	1	5	0	0	0	0	0	0	
0	0	0	0	0	0	0	0	3	8	126	252	255	230	94	11	0	7	1	1	0	0	9	4	0	0	0	0	
0	0	0	0	0	0	0	0	7	0	0	137	243	255	255	122	2	4	0	5	5	0	0	0	0	0	0	0	
0	0	0	0	0	0	0	0	2	1	4	2	90	233	242	255	191	107	4	0	3	0	8	0	0	0	0	0	
0	0	0	0	0	0	0	0	0	12	0	0	0	37	167	255	255	238	119	0	0	5	0	0	0	0	0	0	
0	0	0	0	0	0	0	0	1	0	11	5	0	3	36	112	215	255	252	128	2	1	0	1	0	0	0	0	
0	0	0	0	0	0	0	0	11	0	3	5	5	3	0	6	92	253	244	192	27	0	6	7	0	0	0	0	
0	0	0	0	0	0	0	0	0	12	0	0	0	0	9	0	4	130	255	255	45	10	0	0	0	0	0	0	
0	0	0	0	0	0	0	0	0	5	0	5	7	0	14	6	116	244	232	253	64	0	12	4	0	0	0	0	
0	0	0	0	0	0	0	0	4	0	11	0	0	48	129	237	253	255	252	187	0	0	5	5	0	0	0	0	
0	0	0	0	0	0	0	0	56	34	63	107	186	255	249	249	253	178	43	3	0	15	14	0	0	0	0	0	
0	0	0	0	0	0	0	0	182	240	248	250	254	250	222	141	57	2	0	0	6	0	0	6	0	0	0	0	
0	0	0	0	0	0	0	0	78	200	217	160	133	66	0	4	0	0	0	0	0	0	0	0	0	0	0	0	
0	0	0	0	0	0	0	0	0	17	4	0	3	8	0	0	0	0	0	0	0	0	0	0	0	0	0	0	
0	0	0	0	0	0	0	0	4	0	0	4	2	5	6	0	0	0	0	0	0	0	0	0	0	0	0	0	
0	0	0	0	0	0	0	0	8	0	4	12	0	0	0	0	0	0	0	0	0	0	0	0	0	0	0	0	
