0	0	0	0	0	0	0	0	0	0	0	0	1	0	0	0	4	1	0	1	0	0	1	5	0	0	0	0	
0	0	0	0	0	0	0	0	0	0	0	0	0	1	1	1	0	0	0	0	0	0	0	0	3	12	12	5	
0	0	0	0	0	0	0	0	0	0	0	0	0	0	2	4	6	8	2	0	0	8	14	11	0	0	0	0	
0	0	0	0	0	0	0	0	0	0	0	0	0	0	0	1	0	0	1	3	4	0	0	0	15	9	0	0	
0	0	0	0	0	0	0	0	0	0	2	2	0	0	0	0	10	1	0	3	1	0	0	6	0	0	10	2	
0	0	0	0	0	0	0	0	0	0	3	2	0	0	0	0	0	0	1	5	1	0	0	10	12	0	2	8	
0	0	0	0	0	0	0	0	0	1	2	0	0	0	4	9	0	4	3	2	30	93	159	198	119	19	0	0	
0	0	0	0	0	0	0	0	0	2	1	0	0	0	10	19	130	184	225	230	234	251	249	229	88	0	0	7	
0	11	0	0	5	0	0	3	0	12	0	4	1	9	93	241	253	255	240	190	141	110	60	0	0	0	0	0	
0	9	2	0	0	0	0	0	9	2	0	5	20	131	241	254	192	83	2	0	9	4	0	0	0	0	0	0	
0	1	4	0	0	3	3	2	0	0	12	115	247	255	165	50	24	0	0	8	3	0	0	0	0	0	0	0	
0	0	4	1	0	5	0	0	0	67	191	255	201	47	5	3	0	1	6	0	0	6	17	4	0	0	0	0	
6	0	2	0	0	0	0	4	88	240	226	89	0	0	22	0	0	0	0	4	5	4	0	0	0	0	0	0	
4	0	2	0	7	4	0	55	216	221	41	0	15	9	0	11	15	5	6	7	0	0	5	13	0	0	0	0	
0	0	4	0	10	4	10	117	255	149	0	7	7	3	0	0	0	0	0	0	0	5	3	0	0	0	0	0	
2	3	7	0	1	0	2	140	249	201	15	5	0	2	0	7	6	0	2	10	0	0	0	10	0	0	0	0	
0	0	0	0	0	0	0	0	120	245	214	1	0	3	0	3	5	0	0	0	0	3	0	1	0	0	0	0	
0	0	0	0	0	0	0	0	0	109	227	220	160	27	1	0	0	0	8	3	0	0	0	2	0	0	0	0	
0	0	0	0	0	0	0	0	7	17	0	32	185	247	186	17	8	0	12	5	0	0	1	0	0	0	0	0	
0	0	0	0	0	0	0	0	0	0	21	2	4	108	228	227	62	0	2	1	0	2	2	0	0	0	0	0	
0	0	0	0	0	0	0	0	5	0	0	0	0	0	40	218	165	16	0	0	6	2	1	0	0	0	0	0	
0	0	0	0	0	0	0	0	10	0	10	12	0	0	14	181	243	37	0	0	7	0	1	3	0	0	0	0	
0	0	0	0	0	0	0	0	0	10	0	0	4	0	0	194	232	21	0	0	6	0	1	1	0	0	0	0	
0	0	0	0	0	0	0	0	0	13	0	9	0	2	42	222	177	0	0	6	8	0	1	0	0	0	0	0	
0	0	0	0	0	0	0	0	0	6	26	120	130	140	243	239	63	23	0	0	5	0	0	2	0	0	0	0	
0	0	0	0	0	0	0	0	3	0	28	166	253	255	216	93	16	0	0	0	4	0	0	2	0	0	0	0	
0	0	0	0	0	0	0	0	0	3	0	0	0	2	18	0	0	0	0	0	2	0	0	0	0	0	0	0	
0	0	0	0	0	0	0	0	0	4	6	0	0	10	2	0	1	4	3	0	0	0	1	1	0	0	0	0	
