0	0	0	0	0	0	0	0	3	0	0	0	0	1	0	0	8	0	6	9	0	0	4	0	0	0	0	6	
0	0	0	0	0	0	0	0	1	0	0	0	1	2	1	0	0	1	0	0	10	0	5	3	5	0	0	0	
0	0	0	0	0	0	0	0	0	0	0	0	2	3	2	0	0	5	5	0	2	3	0	0	0	3	9	1	
0	0	0	0	0	0	0	0	0	0	0	0	1	1	0	0	13	0	7	1	0	10	0	7	12	11	4	0	
0	0	0	0	0	0	0	0	0	0	0	0	0	0	0	0	0	17	10	0	0	5	53	113	137	77	16	0	
0	0	0	0	0	0	0	0	0	0	0	0	0	0	0	0	0	157	121	141	228	236	255	222	132	72	16	3	
0	0	0	0	0	0	0	0	0	1	1	0	0	0	4	8	102	255	240	202	166	89	52	0	1	0	0	0	
0	0	0	0	0	0	0	0	0	0	1	0	0	2	9	15	213	71	8	6	0	7	5	0	4	3	2	5	
0	0	0	0	0	0	0	0	9	0	0	0	5	2	4	213	72	5	0	0	0	2	13	0	0	0	0	0	
0	0	0	0	0	0	0	0	0	11	0	2	0	7	215	90	3	0	14	3	8	0	0	4	0	0	0	0	
0	0	0	0	0	0	0	0	3	13	1	1	14	120	156	32	73	28	0	0	7	0	0	10	0	0	0	0	
0	0	0	0	0	0	0	0	0	0	9	0	70	255	147	212	238	158	5	13	2	0	6	0	0	0	0	0	
0	0	0	0	0	0	0	0	0	1	0	21	169	255	251	157	128	178	0	5	0	0	11	7	0	0	0	0	
0	0	0	0	0	0	0	0	5	7	9	53	254	183	32	4	45	219	5	8	7	1	0	0	0	0	0	0	
0	0	0	0	0	0	0	0	0	0	0	124	118	5	13	0	54	178	0	0	5	4	0	0	0	0	0	0	
0	0	0	0	0	0	0	0	7	0	12	6	0	8	0	4	149	145	2	10	0	0	9	0	0	0	0	0	
0	2	5	4	0	0	174	105	23	41	62	54	149	182	216	212	255	60	0	7	3	7	0	0	0	0	0	0	
0	0	0	7	1	14	215	232	246	250	255	248	255	193	147	150	168	28	0	1	0	7	0	1	0	0	0	0	
5	2	0	2	0	1	174	255	255	198	171	127	34	19	129	224	56	0	0	0	0	7	0	1	0	0	0	0	
0	2	0	5	1	0	101	228	253	149	74	73	110	223	211	85	0	0	7	0	0	6	0	1	0	0	0	0	
0	4	0	1	4	0	17	105	246	255	252	255	208	117	10	0	0	0	5	1	1	3	0	1	0	0	0	0	
0	6	0	0	1	0	0	9	9	72	67	40	7	2	0	1	7	0	0	0	1	0	0	1	0	0	0	0	
0	0	0	0	12	9	8	8	0	0	2	13	0	1	8	0	5	0	0	2	0	0	6	0	0	0	0	0	
0	0	3	0	0	0	4	0	0	8	0	0	2	1	0	4	0	0	3	5	0	0	11	0	0	0	0	0	
0	0	0	0	0	0	0	0	0	0	0	0	0	0	0	0	0	0	0	0	0	0	0	0	0	0	0	0	
0	0	0	0	0	0	0	0	0	0	0	0	0	0	0	0	0	0	0	0	0	0	0	0	0	0	0	0	
0	0	0	0	0	0	0	0	0	0	0	0	0	0	0	0	0	0	0	0	0	0	0	0	0	0	0	0	
0	0	0	0	0	0	0	0	0	0	0	0	0	0	0	0	0	0	0	0	0	0	0	0	0	0	0	0	
