0	0	0	0	0	0	0	0	0	0	0	0	0	0	0	0	0	0	0	0	0	0	0	0	0	0	0	0	
0	0	0	0	0	0	0	0	0	0	0	0	0	0	0	0	0	0	0	0	0	0	0	0	0	0	0	0	
0	0	0	0	0	0	0	0	0	0	0	0	0	0	0	0	0	0	0	0	0	0	0	0	0	0	0	0	
0	0	0	0	0	0	0	0	0	0	0	0	0	0	0	0	0	0	0	0	0	0	0	0	0	0	0	0	
0	0	0	0	0	0	0	0	0	0	0	0	0	0	0	0	0	0	0	0	0	0	0	0	0	0	0	0	
0	0	0	0	0	0	0	0	0	0	0	0	0	0	0	0	0	0	0	0	0	0	0	0	0	0	0	0	
0	0	0	0	0	0	0	0	0	0	0	0	0	0	0	0	0	0	0	0	0	0	0	0	0	0	0	0	
0	0	0	0	0	0	0	0	0	0	0	0	0	0	0	0	0	0	0	0	0	0	0	0	0	0	0	0	
0	0	0	0	0	0	0	0	8	0	8	0	4	0	0	18	18	22	13	20	24	0	6	0	4	4	0	16	
0	0	0	0	0	0	0	0	0	5	0	4	7	21	54	136	249	252	255	246	255	175	145	89	7	0	1	0	
0	0	0	0	0	0	0	0	10	1	18	0	38	173	128	224	255	255	248	245	252	242	250	255	213	14	11	0	
0	0	0	0	0	0	0	0	3	0	0	38	120	242	184	198	78	195	239	255	216	255	244	240	206	0	0	9	
0	0	0	0	0	0	0	0	0	25	36	225	255	153	173	76	16	0	15	90	45	77	97	210	11	1	0	0	
0	0	0	0	0	0	0	0	17	0	162	255	255	240	221	240	61	0	7	7	0	7	0	4	0	21	0	2	
0	0	0	0	0	0	0	0	0	11	137	203	206	186	246	250	179	8	9	0	2	0	0	0	12	0	0	15	
0	0	0	0	0	0	0	0	4	0	19	17	0	10	136	221	171	0	0	4	0	5	3	6	0	4	4	0	
3	1	9	0	0	12	18	0	0	4	6	0	0	0	0	186	229	31	0	10	0	4	4	0	0	1	4	3	
0	10	0	6	12	191	171	30	23	0	5	4	5	0	9	84	196	36	0	9	0	3	0	0	0	0	0	0	
0	14	0	1	2	245	255	113	24	11	9	0	0	0	10	74	108	14	0	1	0	5	0	2	6	4	1	0	
7	0	5	4	2	147	255	254	231	186	35	0	0	21	0	16	22	0	0	0	0	7	0	1	0	0	1	5	
8	0	7	4	1	29	158	251	248	255	221	237	213	167	55	0	0	0	7	0	2	5	0	0	0	0	0	0	
4	2	0	0	0	0	24	89	216	255	248	235	255	178	65	7	0	6	4	0	0	0	0	6	17	5	0	0	
0	6	0	0	4	11	0	8	16	116	190	176	215	89	0	0	0	0	0	0	1	0	3	7	32	15	3	2	
0	0	1	0	3	0	0	0	6	0	14	4	9	0	0	0	3	0	0	6	10	0	0	0	14	1	0	1	
0	0	0	0	0	0	0	0	0	0	0	0	0	0	0	0	0	0	0	0	0	0	0	0	0	0	0	0	
0	0	0	0	0	0	0	0	0	0	0	0	0	0	0	0	0	0	0	0	0	0	0	0	0	0	0	0	
0	0	0	0	0	0	0	0	0	0	0	0	0	0	0	0	0	0	0	0	0	0	0	0	0	0	0	0	
0	0	0	0	0	0	0	0	0	0	0	0	0	0	0	0	0	0	0	0	0	0	0	0	0	0	0	0	
