0	0	0	0	0	0	0	0	0	7	8	2	0	0	0	0	1	0	0	9	11	1	0	4	0	0	4	0	
0	0	0	0	0	0	0	0	0	6	0	0	3	8	0	1	0	3	0	0	0	0	3	0	4	5	4	0	
0	0	0	0	0	0	0	0	0	0	0	17	0	6	1	0	7	0	0	9	8	0	0	7	0	0	0	2	
0	0	0	0	0	0	0	0	3	3	0	2	0	0	0	6	0	0	4	0	0	2	0	0	0	2	0	0	
0	0	0	0	0	0	0	0	0	6	0	4	11	16	0	3	9	0	0	8	10	0	0	10	3	11	5	0	
0	0	0	0	0	0	0	0	14	0	14	9	0	0	37	10	1	4	13	23	28	21	6	0	0	0	7	6	
0	0	0	0	0	0	0	0	8	0	0	4	43	138	248	235	57	167	244	245	253	255	164	36	23	0	0	15	
0	0	0	0	0	0	0	0	0	22	2	8	202	255	251	248	255	252	246	249	255	255	243	226	118	17	0	7	
0	8	1	0	0	0	6	0	0	12	0	48	248	239	248	254	170	153	154	168	162	156	194	250	200	10	0	6	
5	0	0	1	10	5	0	0	0	3	10	184	255	255	205	5	0	0	0	0	1	6	12	16	29	0	7	5	
0	3	0	0	2	0	0	5	2	120	255	255	239	255	199	0	3	14	11	0	0	0	5	0	0	0	11	0	
0	7	7	0	0	0	0	6	21	232	255	235	255	147	50	4	0	0	0	2	3	1	0	1	4	11	0	0	
3	0	0	0	8	5	0	43	203	255	244	198	66	17	15	0	13	3	0	0	2	1	0	0	0	0	0	5	
10	0	0	4	6	0	26	150	255	229	255	200	80	17	0	3	0	4	8	1	0	0	6	7	0	1	7	7	
5	0	8	1	0	0	25	163	253	254	255	243	255	228	249	92	3	0	0	1	4	0	0	0	1	0	0	0	
0	0	7	0	9	6	0	50	116	163	224	236	255	247	242	255	232	111	8	0	10	1	0	6	0	0	3	0	
0	0	7	18	0	0	15	0	0	6	2	8	94	195	201	255	255	246	137	2	0	15	0	3	0	0	0	0	
6	4	0	0	24	0	0	1	7	0	0	1	0	0	7	118	221	250	255	139	0	2	0	1	0	0	0	0	
0	11	25	0	0	152	5	0	9	0	0	5	3	5	0	18	25	211	245	255	9	0	0	5	0	0	0	0	
12	0	0	0	1	193	135	11	0	0	8	2	0	8	0	5	3	112	255	253	25	13	19	0	0	0	0	0	
0	0	2	18	0	197	232	131	50	10	0	11	0	10	2	15	53	235	244	255	54	1	0	2	0	0	0	0	
7	5	0	7	0	213	232	247	247	209	168	155	121	144	201	255	237	238	255	146	26	0	0	0	0	0	0	0	
0	9	0	0	0	0	134	255	255	255	244	252	249	255	255	243	255	212	78	11	0	8	0	0	0	0	0	0	
10	0	1	0	3	17	0	44	134	164	159	166	153	157	153	158	37	0	19	0	0	4	0	1	0	0	0	0	
0	0	0	0	0	0	0	0	0	0	0	0	0	0	0	0	0	0	0	0	0	0	0	0	0	0	0	0	
0	0	0	0	0	0	0	0	0	0	0	0	0	0	0	0	0	0	0	0	0	0	0	0	0	0	0	0	
0	0	0	0	0	0	0	0	0	0	0	0	0	0	0	0	0	0	0	0	0	0	0	0	0	0	0	0	
0	0	0	0	0	0	0	0	0	0	0	0	0	0	0	0	0	0	0	0	0	0	0	0	0	0	0	0	
