0	0	0	0	0	0	0	0	6	0	18	0	3	0	0	10	0	0	0	2	4	2	0	0	0	0	0	0	
0	0	0	0	0	0	0	0	0	0	0	2	20	1	15	0	2	0	0	0	0	0	4	7	0	0	0	0	
0	0	0	0	0	0	0	0	3	7	3	4	0	0	17	0	6	7	7	5	2	0	0	0	0	0	0	0	
0	0	0	0	0	0	0	0	0	0	4	1	7	13	0	0	0	0	0	0	0	0	0	1	0	0	0	0	
0	0	0	0	0	0	0	0	0	7	4	0	2	0	0	18	6	5	3	0	0	0	2	4	0	0	0	0	
0	0	0	0	0	0	0	0	2	5	0	96	184	153	81	0	0	0	0	2	4	3	0	0	0	0	0	0	
0	0	0	0	0	0	0	0	0	8	40	214	255	255	238	152	8	1	0	0	0	2	0	0	0	0	0	0	
0	0	0	0	0	0	0	0	0	5	121	255	249	248	255	239	142	106	56	17	0	0	0	1	0	0	0	0	
0	0	0	0	0	0	0	0	0	1	219	245	255	255	249	250	253	248	255	244	251	255	169	106	0	0	0	0	
0	0	0	0	0	0	0	0	0	5	220	252	255	150	103	56	47	66	113	106	107	108	40	2	0	0	0	0	
0	0	0	0	0	0	0	0	12	0	102	245	255	35	0	0	0	0	13	0	0	10	0	0	0	0	0	0	
0	0	0	0	0	0	0	0	0	15	0	188	247	63	5	7	6	0	2	0	0	8	0	1	0	0	0	0	
0	0	0	0	0	0	0	0	0	12	0	131	255	148	0	0	0	0	0	3	8	9	0	0	0	0	0	0	
0	0	0	0	0	0	0	0	16	0	5	44	240	203	4	1	6	3	0	0	0	0	1	11	0	0	0	0	
0	0	0	0	0	0	0	0	4	0	18	0	162	250	110	0	0	3	5	4	0	0	0	0	0	0	0	0	
0	0	0	0	0	0	0	0	0	12	0	9	153	250	178	0	0	2	0	0	3	6	9	0	0	0	0	0	
0	0	0	0	0	0	0	0	6	0	0	15	10	236	253	80	0	11	2	0	8	0	11	1	0	0	0	0	
0	0	0	0	0	0	0	0	17	0	5	0	0	137	241	210	0	11	0	4	5	0	0	0	0	0	0	0	
0	0	0	0	0	0	0	0	0	20	0	0	14	37	211	255	103	0	0	13	0	3	0	2	0	0	0	0	
0	0	0	0	0	0	0	0	143	0	0	17	0	0	97	249	234	0	8	2	0	3	2	7	0	0	0	0	
0	0	0	0	0	0	0	0	81	56	0	1	4	5	9	227	255	61	3	0	0	2	0	0	0	0	0	0	
0	0	0	0	0	0	0	0	143	249	81	33	7	8	9	67	246	214	0	2	6	0	0	0	0	0	0	0	
0	0	0	0	0	0	0	0	9	194	255	255	233	116	0	61	253	255	7	4	0	2	0	7	0	0	0	0	
0	0	0	0	0	0	0	0	0	17	105	185	255	248	230	233	254	208	9	1	0	7	0	2	0	0	0	0	
0	0	0	0	0	0	0	0	0	0	1	24	102	163	229	253	202	59	0	5	0	0	5	0	0	0	0	0	
0	0	0	0	0	0	0	0	13	2	4	0	5	0	1	0	8	0	0	15	0	0	10	0	0	0	0	0	
0	0	0	0	0	0	0	0	0	0	6	2	9	1	6	4	0	0	8	0	0	2	11	0	0	0	0	0	
0	0	0	0	0	0	0	0	5	4	4	0	0	0	0	0	10	0	0	0	7	4	0	0	0	0	0	0	
