0	0	0	0	0	0	0	0	0	0	2	1	0	5	5	0	1	0	1	0	1	10	0	0	0	0	0	0	
0	0	0	0	0	0	0	0	9	0	3	16	0	0	8	21	0	3	2	0	0	0	0	4	0	0	0	0	
0	0	0	0	0	0	0	0	0	7	0	0	18	13	0	0	0	0	0	11	15	0	2	0	0	0	0	0	
0	0	0	0	0	0	0	0	17	0	0	11	0	0	0	7	7	13	0	4	0	0	11	15	0	0	0	0	
0	0	0	0	0	0	0	0	0	6	0	0	13	33	116	253	255	166	26	0	2	0	12	0	0	0	0	0	
0	0	0	0	0	0	0	0	7	6	0	10	108	230	209	81	19	15	0	4	5	0	4	0	0	0	0	0	
0	0	0	0	0	0	0	0	5	0	55	190	231	123	17	0	0	1	0	0	0	0	3	3	0	0	0	0	
0	0	0	0	0	0	0	0	82	169	246	196	62	0	0	0	1	0	3	0	0	3	0	0	0	0	0	0	
0	0	3	0	0	0	0	28	241	230	106	0	0	4	0	4	0	10	0	10	0	0	18	0	0	0	0	0	
1	0	2	0	0	0	0	35	248	73	0	8	2	0	2	0	8	0	0	1	0	0	7	0	0	0	0	0	
2	0	1	1	1	0	3	46	254	69	0	3	0	0	6	10	0	36	15	0	0	0	4	4	0	0	0	0	
3	0	0	2	2	0	5	52	255	81	7	0	2	47	74	116	137	92	15	6	9	13	0	0	0	0	0	0	
3	0	0	1	1	0	4	48	255	51	31	139	217	247	232	242	244	231	255	180	0	0	9	0	0	0	0	0	
2	0	2	0	0	0	1	35	247	218	227	220	175	83	0	0	0	2	89	250	189	9	0	2	0	0	0	0	
1	0	4	0	0	2	0	19	245	245	129	4	0	3	0	10	9	25	0	92	255	64	6	0	0	0	0	0	
0	2	6	0	0	4	0	8	42	23	0	0	4	0	1	0	0	0	16	0	255	166	3	0	0	0	0	0	
0	0	0	0	0	0	0	0	0	17	1	0	7	4	0	12	3	0	10	0	255	253	21	9	0	0	0	0	
0	0	0	0	0	0	0	0	0	0	0	20	0	4	9	0	0	15	0	4	255	237	43	0	0	0	0	0	
0	0	0	0	0	0	0	0	9	0	6	0	17	30	11	10	13	7	0	1	255	200	1	0	0	0	0	0	
0	0	0	0	0	0	0	0	0	0	0	0	133	210	2	0	0	0	14	13	239	116	0	14	0	0	0	0	
0	0	0	0	0	0	0	0	0	22	6	0	68	245	48	0	15	0	0	162	253	28	0	0	0	0	0	0	
0	0	0	0	0	0	0	0	0	0	5	0	35	202	187	18	0	0	50	255	163	0	1	8	0	0	0	0	
0	0	0	0	0	0	0	0	3	0	18	0	2	76	219	182	110	168	249	197	16	1	0	5	0	0	0	0	
0	0	0	0	0	0	0	0	0	12	0	14	0	0	21	169	248	252	174	22	0	7	0	2	0	0	0	0	
0	0	0	0	0	0	0	0	0	0	0	0	0	0	0	0	0	0	0	0	0	0	0	0	0	0	0	0	
0	0	0	0	0	0	0	0	0	0	0	0	0	0	0	0	0	0	0	0	0	0	0	0	0	0	0	0	
0	0	0	0	0	0	0	0	0	0	0	0	0	0	0	0	0	0	0	0	0	0	0	0	0	0	0	0	
0	0	0	0	0	0	0	0	0	0	0	0	0	0	0	0	0	0	0	0	0	0	0	0	0	0	0	0	
