0	0	0	0	0	0	0	0	1	0	10	0	0	7	0	0	0	5	5	0	0	3	1	3	0	0	0	0	
0	0	0	0	0	0	0	0	7	0	0	4	1	7	5	0	3	9	0	0	0	7	1	0	0	0	0	0	
0	0	0	0	0	0	0	0	0	1	12	15	0	0	4	0	0	0	5	15	8	0	0	8	0	0	0	0	
0	0	0	0	0	0	0	0	0	4	0	0	1	7	19	0	15	0	0	0	0	0	2	3	0	0	0	0	
0	0	0	0	0	0	0	0	1	18	0	5	11	0	0	1	0	6	17	4	0	6	11	0	0	0	0	0	
0	0	0	0	0	0	0	0	0	0	48	174	238	191	106	39	1	0	0	14	2	0	0	1	0	0	0	0	
0	0	0	0	0	0	0	0	0	16	164	255	247	235	254	246	146	42	0	5	2	0	0	2	0	0	0	0	
0	0	0	0	0	0	0	0	0	56	252	246	41	11	110	142	250	216	180	113	29	1	8	0	0	0	0	0	
0	0	0	0	0	0	0	0	0	118	252	195	18	0	0	7	21	191	237	252	206	3	0	0	0	0	0	0	
0	0	0	0	0	0	0	0	11	102	247	92	4	0	9	0	1	1	8	95	132	5	0	0	0	0	0	0	
0	0	0	0	0	0	0	0	0	131	255	55	0	1	10	10	9	3	3	2	2	0	8	0	0	0	0	0	
0	0	0	0	0	0	0	0	13	190	217	0	0	21	0	0	2	0	0	2	0	0	0	5	0	0	0	0	
0	0	0	0	0	0	0	0	31	241	217	0	14	0	4	3	0	13	12	1	0	0	0	0	0	0	0	0	
0	0	0	0	0	0	0	0	61	255	212	24	0	0	60	125	174	87	18	0	15	6	0	8	0	0	0	0	
0	0	0	0	0	0	0	0	22	199	247	233	215	219	238	253	251	244	254	89	0	0	5	0	0	0	0	0	
0	0	0	0	0	0	0	0	0	91	223	200	166	97	120	87	8	69	255	139	10	2	0	1	0	0	0	0	
0	0	0	0	0	0	0	0	4	0	0	1	2	0	6	0	3	4	188	147	0	12	2	4	0	0	0	0	
0	0	0	0	0	0	0	0	5	0	19	0	10	0	3	8	0	5	179	249	0	2	0	1	0	0	0	0	
0	0	0	0	0	0	0	0	10	19	0	0	18	0	0	0	7	0	173	249	83	0	9	9	0	0	0	0	
0	0	0	0	0	0	0	0	0	4	7	0	8	0	0	13	11	0	159	255	66	3	0	0	0	0	0	0	
0	0	0	0	0	0	0	0	13	0	16	0	0	3	10	0	0	49	213	197	0	0	18	1	0	0	0	0	
0	0	0	0	0	0	0	0	12	84	0	5	0	0	5	6	6	192	247	157	0	31	0	0	0	0	0	0	
0	0	0	0	0	0	0	0	50	241	129	142	70	19	26	73	204	255	175	6	7	0	0	15	0	0	0	0	
0	0	0	0	0	0	0	0	10	102	255	248	255	254	255	255	251	181	18	22	0	11	6	0	0	0	0	0	
0	0	0	0	0	0	0	0	0	7	56	146	237	255	238	193	99	30	0	0	2	0	0	2	0	0	0	0	
0	0	0	0	0	0	0	0	11	8	4	0	0	0	0	0	13	0	0	6	3	0	0	0	0	0	0	0	
0	0	0	0	0	0	0	0	0	0	1	2	0	0	4	10	0	0	5	2	0	0	7	0	0	0	0	0	
0	0	0	0	0	0	0	0	11	5	0	0	1	1	0	0	8	6	4	0	0	3	10	0	0	0	0	0	
