0	0	0	0	0	0	0	0	0	0	3	0	6	0	6	0	1	0	0	0	9	2	0	9	0	0	0	0	
0	0	0	0	0	0	0	0	17	0	0	0	4	0	0	0	4	0	0	0	0	2	0	0	0	0	0	0	
0	0	0	0	0	0	0	0	0	7	9	0	0	10	14	0	0	0	9	9	0	0	17	8	0	0	0	0	
0	0	0	0	0	0	0	0	0	0	0	16	2	0	0	10	18	0	0	4	7	0	0	0	0	0	0	0	
0	0	0	0	0	0	0	0	14	7	0	0	4	6	0	0	0	16	0	0	1	0	3	16	0	0	0	0	
0	0	0	0	0	0	0	0	0	18	5	0	105	203	211	161	149	137	159	252	223	57	0	0	0	0	0	0	
0	0	0	0	0	0	0	0	4	3	0	5	187	249	255	246	255	255	240	253	252	226	145	0	0	0	0	0	
0	0	0	0	0	0	0	0	0	3	0	6	206	251	255	252	249	252	254	255	244	255	244	68	0	0	0	0	
0	2	2	16	0	0	0	6	0	5	3	26	220	255	255	247	252	241	255	244	255	251	255	179	0	0	0	0	
10	0	4	0	0	13	1	0	8	0	0	243	255	243	250	218	200	255	237	0	68	232	247	27	0	0	0	0	
2	5	0	0	21	0	0	12	0	0	125	253	252	255	110	9	7	25	71	14	4	32	19	19	0	0	0	0	
0	11	0	6	14	0	11	0	5	51	255	254	248	146	0	0	11	8	0	0	0	25	0	0	0	0	0	0	
6	0	0	12	0	10	26	0	26	174	253	239	217	26	14	0	0	0	5	2	18	0	1	9	0	0	0	0	
10	0	4	0	0	13	0	67	193	249	246	255	15	0	2	4	7	10	0	2	2	0	2	0	0	0	0	0	
0	0	1	0	10	0	37	211	243	255	243	20	4	26	0	0	1	2	0	2	0	17	8	0	0	0	0	0	
0	0	0	9	0	13	197	255	255	253	255	255	181	157	214	158	149	49	49	3	4	0	0	3	0	0	0	0	
3	0	0	0	3	6	95	255	241	255	240	248	255	243	255	255	255	245	246	188	50	9	2	0	0	0	0	0	
0	4	7	0	0	0	78	226	255	252	255	255	254	222	193	229	255	255	255	255	221	3	0	8	0	0	0	0	
0	0	3	6	14	0	0	24	43	71	72	50	42	31	5	26	32	136	229	253	242	206	4	0	0	0	0	0	
5	1	0	0	0	0	22	94	239	160	0	0	17	0	0	6	10	11	116	255	255	183	0	14	0	0	0	0	
0	0	5	8	4	0	0	60	255	239	57	0	0	2	14	0	0	78	172	255	254	210	39	0	0	0	0	0	
14	0	0	0	6	5	9	49	235	255	170	100	38	24	53	145	157	238	255	255	234	131	0	0	0	0	0	0	
0	2	16	3	0	0	0	21	102	252	255	241	219	242	240	255	253	252	252	241	232	0	3	1	0	0	0	0	
0	0	2	0	1	16	1	0	0	206	223	255	255	247	255	249	255	197	211	83	0	3	2	0	0	0	0	0	
0	0	0	0	0	0	0	0	0	17	77	147	184	170	131	104	37	12	0	0	4	1	0	0	0	0	0	0	
0	0	0	0	0	0	0	0	4	0	0	3	8	2	0	0	15	1	0	0	2	0	0	3	0	0	0	0	
0	0	0	0	0	0	0	0	2	0	1	6	4	0	0	5	0	0	0	2	1	0	0	6	0	0	0	0	
0	0	0	0	0	0	0	0	0	0	0	0	0	0	0	8	0	0	1	5	2	0	0	5	0	0	0	0	
