0	0	0	0	0	0	0	0	0	0	0	0	0	0	0	0	0	0	0	0	0	0	0	0	0	0	0	0	
0	0	0	0	0	0	0	0	0	0	0	0	0	0	0	0	0	0	0	0	0	0	0	0	0	0	0	0	
0	0	0	0	0	0	0	0	0	0	0	0	0	0	0	0	0	0	0	0	0	0	0	0	0	0	0	0	
0	0	0	0	0	0	0	0	0	0	0	0	0	0	0	0	0	0	0	0	0	0	0	0	0	0	0	0	
0	0	0	0	0	0	0	0	0	0	0	0	0	0	0	0	0	0	0	0	0	0	0	0	0	0	0	0	
0	0	0	0	0	0	0	0	0	0	0	0	0	0	0	0	0	0	0	0	0	0	0	0	0	0	0	0	
0	0	0	0	0	0	0	0	0	0	0	0	0	0	0	0	0	0	0	0	0	0	0	0	0	0	0	0	
0	0	0	0	0	0	0	0	0	0	0	0	0	0	0	0	0	0	0	0	0	0	0	0	0	0	0	0	
0	0	0	0	0	0	0	0	2	0	0	12	0	0	12	0	0	0	0	0	0	32	77	108	67	36	6	0	
0	0	0	0	0	0	0	0	0	11	5	0	0	0	0	0	61	105	163	207	233	246	251	251	193	107	17	0	
0	0	0	0	0	0	0	0	0	0	0	29	180	239	228	199	248	255	252	224	176	120	69	37	0	0	0	2	
0	0	0	0	0	0	0	0	9	0	151	233	208	164	189	142	63	57	40	19	4	0	0	0	12	9	6	2	
0	0	0	0	0	0	0	0	0	121	252	151	31	0	5	0	1	2	0	0	0	2	4	2	0	0	0	4	
0	0	0	0	0	0	0	0	0	197	249	50	0	1	0	16	0	0	2	1	2	1	0	0	0	3	4	0	
0	0	0	0	0	0	0	0	3	88	228	212	113	37	0	0	0	1	0	0	0	3	7	7	5	0	0	0	
0	0	0	0	0	0	0	0	0	0	53	148	243	195	38	4	0	2	3	0	0	0	0	0	0	0	3	1	
4	0	0	21	0	1	8	0	0	4	0	5	66	230	212	25	0	0	0	0	0	0	0	0	0	0	0	0	
0	13	0	0	0	0	0	7	0	6	1	0	0	160	255	32	0	0	0	0	0	0	0	0	0	0	0	0	
0	2	4	0	0	11	111	16	1	0	7	4	29	162	255	48	0	0	0	0	0	0	0	0	0	0	0	0	
3	0	9	6	0	0	244	104	10	4	57	126	226	255	152	0	0	0	0	0	0	0	0	0	0	0	0	0	
14	2	0	0	6	0	217	255	253	255	255	243	191	104	2	7	0	0	0	0	0	0	0	0	0	0	0	0	
0	0	7	11	6	0	0	55	114	129	92	98	40	0	0	0	0	0	0	0	0	0	0	0	0	0	0	0	
9	0	0	0	0	27	0	7	0	7	4	11	0	0	13	4	0	0	0	0	0	0	0	0	0	0	0	0	
0	0	1	0	4	0	3	1	4	0	15	0	2	15	0	0	0	0	0	0	0	0	0	0	0	0	0	0	
0	0	0	0	0	0	0	0	0	0	0	0	0	0	0	0	0	0	0	0	0	0	0	0	0	0	0	0	
0	0	0	0	0	0	0	0	0	0	0	0	0	0	0	0	0	0	0	0	0	0	0	0	0	0	0	0	
0	0	0	0	0	0	0	0	0	0	0	0	0	0	0	0	0	0	0	0	0	0	0	0	0	0	0	0	
0	0	0	0	0	0	0	0	0	0	0	0	0	0	0	0	0	0	0	0	0	0	0	0	0	0	0	0	
