0	0	0	0	0	0	0	0	0	3	13	0	0	3	0	0	0	2	2	0	0	3	2	0	8	0	9	0	
0	0	0	0	0	0	0	0	3	0	0	0	8	5	0	0	0	0	0	3	0	2	3	10	0	0	6	0	
0	0	0	0	0	0	0	0	0	1	0	3	0	0	4	6	5	0	0	4	0	9	0	0	6	10	0	7	
0	0	0	0	0	0	0	0	0	15	0	1	0	0	0	0	0	15	3	12	0	43	91	152	220	138	4	0	
0	0	0	0	0	0	0	0	0	12	0	5	2	6	0	15	0	48	85	160	191	255	248	245	255	145	0	1	
0	0	0	0	0	0	0	0	0	4	0	10	0	0	22	163	231	254	250	255	240	255	252	252	247	136	7	0	
0	0	0	0	0	0	0	0	0	3	0	7	0	0	31	255	245	245	248	255	246	203	135	95	68	24	0	0	
0	0	0	0	0	0	0	0	0	2	0	1	5	9	5	223	255	216	173	127	66	3	0	6	2	0	1	0	
0	0	0	0	0	0	0	0	4	0	0	7	0	83	116	14	19	11	0	6	0	0	7	0	0	0	0	0	
0	0	0	0	0	0	0	0	0	13	1	0	56	225	255	57	8	7	0	3	1	0	3	0	0	0	0	0	
0	0	0	0	0	0	0	0	0	0	3	17	227	246	251	95	0	0	1	0	1	1	1	0	0	0	0	0	
0	0	0	0	0	0	0	0	12	0	0	76	228	255	255	130	7	0	17	1	3	2	0	0	0	0	0	0	
0	0	0	0	0	0	0	0	0	0	2	45	255	255	238	219	27	0	8	0	0	0	0	13	0	0	0	0	
0	0	0	0	0	0	0	0	2	73	79	100	161	255	245	255	167	42	55	23	11	0	0	0	0	0	0	0	
0	0	0	0	0	0	0	0	0	5	4	0	26	22	41	235	197	2	8	0	0	1	0	7	0	0	0	0	
0	0	0	0	0	0	0	0	6	0	0	1	0	0	2	222	255	16	7	0	1	3	0	0	0	0	0	0	
10	0	0	0	4	10	0	9	0	4	0	12	63	129	209	254	242	156	0	0	8	0	12	0	0	0	0	0	
0	8	5	9	0	0	25	135	241	212	186	220	254	248	250	254	255	252	39	0	2	0	0	3	0	0	0	0	
0	12	0	0	0	6	164	255	248	255	255	255	255	249	254	247	249	239	34	1	0	4	0	7	0	0	0	0	
0	0	0	1	10	0	255	252	250	255	248	244	244	255	255	250	254	124	0	12	0	4	0	0	0	0	0	0	
0	0	12	0	0	0	237	247	255	253	246	255	255	247	255	247	255	47	0	6	0	0	0	0	0	0	0	0	
6	0	8	0	0	7	93	186	248	240	240	255	247	247	255	239	156	13	0	0	6	6	0	6	0	0	0	0	
0	0	0	6	4	0	0	22	130	155	198	247	255	248	185	74	27	0	0	0	5	6	0	2	0	0	0	0	
0	12	0	2	2	0	13	1	6	0	0	7	0	0	17	0	0	0	0	12	0	0	11	0	0	0	0	0	
0	0	0	0	0	0	0	0	0	0	0	0	0	0	0	0	0	0	0	0	0	0	0	0	0	0	0	0	
0	0	0	0	0	0	0	0	0	0	0	0	0	0	0	0	0	0	0	0	0	0	0	0	0	0	0	0	
0	0	0	0	0	0	0	0	0	0	0	0	0	0	0	0	0	0	0	0	0	0	0	0	0	0	0	0	
0	0	0	0	0	0	0	0	0	0	0	0	0	0	0	0	0	0	0	0	0	0	0	0	0	0	0	0	
