0	4	4	0	4	12	0	0	1	1	1	1	1	1	1	1	0	0	0	11	0	11	0	0	0	0	0	0	
7	2	0	2	0	2	7	16	0	0	0	0	0	0	0	0	0	0	10	7	0	0	0	14	0	0	0	0	
0	0	0	18	0	0	0	0	0	0	0	0	0	0	0	0	11	0	0	0	8	11	0	1	0	0	0	0	
0	3	0	3	0	1	17	16	1	1	1	1	1	1	1	1	0	0	1	0	1	0	0	4	0	0	0	0	
6	0	0	1	16	1	0	0	0	0	0	0	0	0	0	0	0	24	0	0	2	3	4	0	0	0	0	0	
0	0	18	3	0	0	127	246	255	255	255	255	255	255	255	255	255	235	121	4	0	0	16	0	0	0	0	0	
21	0	0	0	10	15	230	255	248	248	248	248	248	248	248	248	253	255	238	39	4	0	1	0	0	0	0	0	
0	0	12	7	0	0	255	240	251	251	251	251	251	251	251	251	254	245	255	6	1	0	0	0	0	0	0	0	
0	6	0	3	2	6	207	255	250	254	254	253	249	250	250	252	240	209	78	7	0	15	0	7	0	0	0	0	
2	5	0	13	0	0	77	243	247	250	215	154	149	159	163	150	127	2	0	5	3	0	20	0	0	0	0	0	
0	1	0	13	0	0	77	244	255	245	152	8	0	0	6	0	4	0	0	0	13	0	5	9	0	0	0	0	
0	0	2	0	0	15	217	248	255	241	154	13	9	0	7	5	0	13	11	4	0	6	0	0	0	0	0	0	
0	0	4	0	0	8	255	250	255	245	180	74	60	0	0	6	2	0	0	0	4	0	0	9	0	0	0	0	
2	0	0	3	0	0	147	255	239	248	255	244	244	166	129	131	147	76	2	2	2	6	0	6	0	0	0	0	
0	0	0	3	7	0	58	242	255	255	252	246	253	237	244	255	247	210	195	165	6	0	5	0	0	0	0	0	
0	7	0	0	5	0	51	199	235	246	252	255	255	255	252	246	255	255	255	241	255	141	50	1	0	0	0	0	
0	0	0	0	0	0	0	0	101	144	255	255	253	250	253	250	253	254	255	246	242	255	236	86	0	0	3	6	
0	0	0	0	0	0	0	0	2	10	72	66	64	82	184	235	255	248	246	251	255	243	246	228	75	9	0	0	
0	0	0	0	0	0	0	0	0	0	15	5	9	73	220	255	7	24	147	211	255	243	255	246	121	12	0	0	
0	0	0	0	0	0	0	0	0	0	5	0	10	156	250	247	79	5	8	24	252	255	252	241	155	16	8	7	
0	0	0	0	0	0	0	0	1	4	2	0	20	239	255	251	230	143	168	168	245	224	245	255	174	22	0	0	
0	0	0	0	0	0	0	0	3	0	0	0	34	254	244	255	253	255	246	244	255	255	238	251	99	2	0	0	
0	0	0	0	0	0	0	0	4	2	0	12	77	252	242	253	255	248	251	251	240	255	227	118	7	0	9	7	
0	0	0	0	0	0	0	0	0	7	0	2	104	254	255	251	255	238	255	248	247	167	127	0	0	0	7	0	
0	0	0	0	0	0	0	0	4	0	11	0	16	51	68	203	255	249	238	83	49	13	18	0	0	0	0	0	
0	0	0	0	0	0	0	0	0	0	10	0	1	4	0	25	0	0	18	0	1	0	5	13	0	0	0	0	
0	0	0	0	0	0	0	0	0	0	6	0	4	11	0	0	7	0	0	12	0	0	0	0	0	0	0	0	
0	0	0	0	0	0	0	0	0	6	2	0	0	2	14	6	0	3	0	1	0	11	0	10	0	0	0	0	
