0	0	0	0	0	0	0	0	9	0	6	8	6	5	0	4	0	4	2	0	0	8	7	0	0	0	0	0	
0	0	0	0	0	0	0	0	0	4	10	0	0	13	0	0	2	0	0	1	0	0	0	0	0	0	0	0	
0	0	0	0	0	0	0	0	10	0	3	0	20	0	0	17	0	0	0	5	10	7	2	1	0	0	0	0	
0	0	0	0	0	0	0	0	0	0	13	0	5	0	0	0	6	7	1	0	0	0	2	3	0	0	0	0	
0	0	0	0	0	0	0	0	11	0	0	0	0	0	25	2	0	0	0	0	1	0	0	0	0	0	0	0	
0	0	0	0	0	0	0	0	0	15	118	239	255	251	249	219	113	54	3	0	12	12	1	0	0	0	0	0	
0	0	0	0	0	0	0	0	13	151	228	255	237	255	255	245	255	209	102	13	0	0	1	0	0	0	0	0	
0	0	0	0	0	0	0	0	40	225	255	255	166	138	132	173	236	255	235	102	3	0	11	1	0	0	0	0	
0	0	0	0	0	0	0	0	107	245	255	178	7	6	0	12	112	143	153	54	0	0	2	2	0	0	0	0	
0	0	0	0	0	0	0	0	93	250	255	58	0	0	10	0	7	0	0	17	0	0	10	0	0	0	0	0	
0	0	0	0	0	0	0	0	109	255	242	54	15	0	14	116	24	0	0	3	9	9	0	7	0	0	0	0	
0	0	0	0	0	0	0	0	102	243	255	58	0	140	226	231	229	225	23	0	0	17	0	0	0	0	0	0	
0	0	0	0	0	0	0	0	131	251	255	146	217	255	255	255	234	242	216	26	13	0	0	7	0	0	0	0	
0	0	0	0	0	0	0	0	55	222	255	234	255	255	194	172	209	255	247	203	0	5	14	0	0	0	0	0	
0	0	0	0	0	0	0	0	0	222	253	255	235	147	14	10	7	77	255	248	0	2	0	0	0	0	0	0	
0	0	0	0	0	0	0	0	7	64	57	55	59	0	9	0	0	55	248	215	18	0	11	0	0	0	0	0	
0	0	0	0	0	0	0	0	2	6	0	13	0	9	0	12	0	88	243	231	4	0	0	8	0	0	0	0	
0	0	0	0	0	0	0	0	8	0	15	6	0	0	23	0	51	208	245	236	0	0	3	0	0	0	0	0	
0	0	0	0	0	0	0	0	0	15	0	0	0	0	0	15	35	255	255	217	0	0	5	3	0	0	0	0	
0	0	0	0	0	0	0	0	8	0	0	4	12	17	0	7	128	255	224	81	0	4	1	0	0	0	0	0	
0	0	0	0	0	0	0	0	0	15	93	0	1	0	0	108	229	255	151	0	1	0	5	0	0	0	0	0	
0	0	0	0	0	0	0	0	6	57	230	137	1	61	160	230	255	237	81	6	8	0	10	3	0	0	0	0	
0	0	0	0	0	0	0	0	8	144	255	255	187	255	243	252	242	151	3	0	0	1	0	0	0	0	0	0	
0	0	0	0	0	0	0	0	0	158	251	247	255	255	239	228	98	4	0	7	5	9	0	11	0	0	0	0	
0	0	0	0	0	0	0	0	4	4	153	239	151	121	106	0	0	0	0	0	0	0	0	0	0	0	0	0	
0	0	0	0	0	0	0	0	0	0	8	16	0	0	8	0	0	0	0	0	0	0	0	0	0	0	0	0	
0	0	0	0	0	0	0	0	3	12	0	0	3	0	0	7	0	0	0	0	0	0	0	0	0	0	0	0	
0	0	0	0	0	0	0	0	0	0	0	7	0	1	4	0	0	0	0	0	0	0	0	0	0	0	0	0	
