0	0	0	0	0	0	0	0	0	12	0	0	5	0	0	0	0	11	0	14	0	0	0	0	0	0	0	0	
0	0	0	0	0	0	0	0	7	0	0	9	0	2	15	0	3	0	0	0	0	0	3	11	0	0	0	0	
0	0	0	0	0	0	0	0	14	0	0	8	0	0	0	0	0	0	17	0	14	11	0	0	0	0	0	0	
0	0	0	0	0	0	0	0	0	0	0	0	0	3	0	21	4	0	9	0	0	0	0	7	0	0	0	0	
0	0	0	0	0	0	0	0	0	6	8	5	0	15	4	0	0	1	0	5	0	0	2	4	0	0	0	0	
0	0	0	0	0	0	0	0	0	8	0	124	228	165	118	246	255	171	24	3	0	0	7	0	0	0	0	0	
0	0	0	0	0	0	0	0	2	0	60	242	250	246	255	238	252	127	1	0	8	14	1	0	0	0	0	0	
0	0	0	0	0	0	0	0	0	9	56	255	253	157	142	155	117	28	2	0	12	0	0	13	0	0	0	0	
0	2	0	7	8	0	0	1	1	3	208	247	220	0	5	0	4	0	1	9	4	1	5	0	0	0	0	0	
0	8	0	1	0	0	11	0	0	157	248	244	52	13	0	4	0	0	0	0	4	4	0	21	0	0	0	0	
0	0	0	4	5	8	17	0	45	224	255	188	8	0	0	12	10	3	17	4	0	9	0	0	0	0	0	0	
6	0	0	0	6	0	0	15	191	251	214	33	48	57	77	27	0	0	0	9	0	0	17	0	0	0	0	0	
2	0	14	0	1	0	0	154	246	255	255	182	252	237	246	240	182	121	41	0	0	4	0	3	0	0	0	0	
4	0	11	0	9	8	11	184	255	252	249	232	188	66	35	97	223	223	235	111	9	10	0	2	0	0	0	0	
11	1	0	0	1	0	0	47	145	120	80	20	7	0	0	7	0	80	240	255	102	3	4	4	0	0	0	0	
0	4	1	3	0	2	13	0	0	0	3	2	0	2	6	0	4	0	26	252	255	43	7	0	0	0	0	0	
0	0	0	0	0	0	0	0	12	0	0	0	6	2	0	5	3	0	0	124	252	213	13	0	0	0	0	0	
0	0	0	0	0	0	0	0	0	0	9	20	0	0	30	0	0	0	0	30	243	254	86	13	0	0	0	0	
0	0	0	0	0	0	0	0	9	0	0	0	0	2	0	0	0	24	1	0	201	255	92	12	0	0	0	0	
0	0	0	0	0	0	0	0	3	0	3	13	0	0	0	4	0	0	3	14	240	255	66	0	0	0	0	0	
0	0	0	0	0	0	0	0	77	187	7	0	10	0	6	0	8	0	0	111	235	224	15	14	0	0	0	0	
0	0	0	0	0	0	0	0	211	206	13	4	13	0	1	3	3	0	43	207	255	176	0	0	0	0	0	0	
0	0	0	0	0	0	0	0	119	240	175	3	0	16	4	0	0	69	244	255	225	21	1	11	0	0	0	0	
0	0	0	0	0	0	0	0	2	120	137	18	4	42	151	158	241	255	240	203	58	5	0	0	0	0	0	0	
0	0	0	0	0	0	0	0	0	0	0	9	72	167	239	255	211	182	116	37	0	0	6	3	0	0	0	0	
0	0	0	0	0	0	0	0	6	7	0	0	0	5	5	0	9	14	8	0	0	1	3	0	0	0	0	0	
0	0	0	0	0	0	0	0	0	0	1	5	9	11	5	0	0	0	2	5	8	9	5	0	0	0	0	0	
0	0	0	0	0	0	0	0	9	4	0	0	0	0	0	0	9	3	0	0	0	0	0	0	0	0	0	0	
