0	0	0	0	0	0	0	0	0	0	8	0	0	11	5	0	0	0	4	9	0	0	2	0	0	0	0	0	
0	0	0	0	0	0	0	0	15	0	0	4	1	0	0	15	1	4	0	0	5	6	1	8	0	0	0	0	
0	0	0	0	0	0	0	0	0	3	8	0	0	2	0	0	0	0	1	4	3	2	0	0	0	0	0	0	
0	0	0	0	0	0	0	0	5	0	0	0	4	0	0	11	6	0	8	13	0	0	14	0	0	0	0	0	
0	0	0	0	0	0	0	0	0	12	1	8	9	0	0	0	6	2	0	0	2	0	0	9	0	0	0	0	
0	0	0	0	0	0	0	0	0	3	0	51	183	248	229	157	152	184	156	153	179	93	0	0	0	0	0	0	
0	0	0	0	0	0	0	0	9	2	2	131	254	255	254	249	248	255	254	255	254	134	11	0	0	0	0	0	
0	0	0	0	0	0	0	0	0	1	9	145	255	215	115	27	38	9	34	73	49	7	1	8	0	0	0	0	
0	0	0	0	0	0	0	0	3	0	72	255	229	65	0	7	0	11	0	2	0	0	14	0	0	0	0	0	
0	0	0	0	0	0	0	0	0	24	213	249	61	0	0	8	6	0	1	4	0	0	6	7	0	0	0	0	
0	0	0	0	0	0	0	0	7	179	255	181	9	0	93	99	96	32	0	0	10	0	0	6	0	0	0	0	
0	0	0	0	0	0	0	0	0	210	252	195	223	255	244	250	240	217	92	6	2	0	0	2	0	0	0	0	
0	0	0	0	0	0	0	0	71	247	255	255	239	155	93	101	149	234	242	95	0	4	17	0	0	0	0	0	
0	0	0	0	0	0	0	0	50	249	200	125	42	0	21	0	0	60	255	206	20	0	2	0	0	0	0	0	
0	0	0	0	0	0	0	0	17	17	10	0	3	11	0	28	4	0	166	247	100	0	0	14	0	0	0	0	
0	0	0	0	0	0	0	0	0	0	9	2	0	14	5	0	0	9	80	246	189	6	3	0	0	0	0	0	
0	0	2	1	0	2	5	0	6	2	0	0	0	11	0	15	0	13	70	253	210	0	1	2	0	0	0	0	
1	1	0	0	0	0	0	0	0	7	0	8	2	5	11	0	2	0	84	254	211	0	0	0	0	0	0	0	
0	4	0	0	5	0	0	13	38	0	0	9	0	0	13	0	5	0	91	255	180	3	0	6	0	0	0	0	
0	6	0	0	10	0	2	40	207	10	0	0	0	5	0	6	11	10	183	251	164	0	8	0	0	0	0	0	
0	8	0	0	6	0	7	53	240	29	0	8	10	0	0	8	0	91	243	255	68	3	0	0	0	0	0	0	
0	7	3	0	0	0	3	38	250	122	0	0	2	0	15	0	55	206	255	200	0	8	4	3	0	0	0	0	
0	3	3	0	0	0	1	10	173	251	179	103	36	23	111	158	233	245	223	68	6	0	18	0	0	0	0	0	
0	0	1	1	0	3	4	0	6	201	255	249	248	255	247	255	255	177	33	3	0	15	0	0	0	0	0	0	
0	0	0	0	0	0	0	0	0	15	100	163	255	254	241	192	112	17	0	12	0	0	10	0	0	0	0	0	
0	0	0	0	0	0	0	0	6	0	7	0	13	0	5	0	21	0	0	16	0	0	6	0	0	0	0	0	
0	0	0	0	0	0	0	0	0	0	3	0	0	0	0	2	0	0	4	4	0	0	5	0	0	0	0	0	
0	0	0	0	0	0	0	0	6	7	0	3	0	3	0	0	6	11	3	0	0	2	3	0	0	0	0	0	
