0	0	0	0	0	0	0	0	0	0	0	5	6	0	0	0	0	7	0	0	4	0	0	4	0	0	0	0	
0	0	0	0	0	0	0	0	4	6	0	0	0	0	4	1	0	0	0	1	0	4	8	0	0	0	0	0	
0	0	0	0	0	0	0	0	0	0	0	0	2	11	6	0	2	13	5	0	1	1	0	0	0	0	0	0	
0	0	0	0	0	0	0	0	0	0	10	0	0	0	0	2	0	0	2	0	0	3	5	4	0	0	0	0	
0	0	0	0	0	0	0	0	11	0	3	6	11	11	0	5	4	2	14	15	0	0	0	0	0	0	0	0	
0	0	0	0	0	0	0	0	0	0	12	0	0	0	15	69	156	228	238	244	255	151	14	0	0	0	0	0	
0	0	0	0	0	0	0	0	12	0	19	41	114	204	223	242	240	255	202	173	206	112	0	11	0	0	0	0	
0	0	0	0	0	0	0	0	0	87	223	249	249	255	233	233	140	49	2	3	0	0	5	0	0	0	0	0	
0	0	0	0	0	0	0	0	2	130	255	255	244	165	52	0	0	15	0	6	1	0	0	0	0	0	0	0	
0	0	0	0	0	0	0	0	0	43	208	253	193	5	0	11	1	8	3	10	0	0	9	0	0	0	0	0	
0	0	0	0	0	0	0	0	7	5	203	255	208	0	9	0	0	0	0	0	3	1	0	11	0	0	0	0	
0	0	0	0	0	0	0	0	0	2	218	255	192	0	4	0	3	72	145	177	178	104	0	0	0	0	0	0	
0	0	0	0	0	0	0	0	0	46	239	255	204	99	153	255	236	240	252	255	254	234	71	3	0	0	0	0	
0	0	0	0	0	0	0	0	8	135	255	252	247	255	243	244	223	160	138	133	177	255	157	0	0	0	0	0	
0	0	0	0	0	0	0	0	0	180	250	253	246	255	167	47	7	0	1	0	116	236	183	24	0	0	0	0	
0	0	0	0	0	0	0	0	108	250	251	246	113	0	0	3	0	5	0	0	216	255	148	0	0	0	0	0	
1	4	3	0	5	14	0	3	161	255	228	81	0	0	5	7	12	0	2	30	222	255	98	0	0	0	0	0	
0	1	1	0	4	1	0	0	48	124	64	0	17	0	0	0	0	0	11	90	255	250	86	2	0	0	0	0	
0	0	0	4	3	0	0	0	0	6	0	0	5	6	10	3	0	11	0	119	255	176	0	0	0	0	0	0	
0	4	0	0	1	0	11	0	0	21	0	0	0	0	0	0	7	2	6	244	247	166	0	2	0	0	0	0	
0	7	0	0	1	3	1	0	1	0	3	22	4	0	7	6	28	79	185	252	255	40	0	1	0	0	0	0	
0	4	7	0	2	0	0	20	59	172	93	0	39	110	146	192	247	253	255	253	90	0	10	0	0	0	0	0	
2	0	12	0	3	0	0	115	244	255	249	252	255	241	244	255	255	206	122	56	15	5	7	0	0	0	0	0	
6	0	12	0	4	0	27	214	255	250	251	255	237	212	146	26	35	6	4	0	0	0	3	3	0	0	0	0	
0	10	0	0	11	0	17	114	252	213	156	98	47	11	0	0	0	0	0	0	0	0	0	0	0	0	0	0	
0	7	0	0	15	0	0	23	0	0	0	0	2	1	3	8	0	0	0	0	0	0	0	0	0	0	0	0	
0	6	0	0	3	3	0	0	8	5	5	5	2	0	0	0	0	0	0	0	0	0	0	0	0	0	0	0	
0	3	3	0	0	2	11	6	0	0	0	0	0	0	6	11	0	0	0	0	0	0	0	0	0	0	0	0	
