0	0	0	0	0	0	0	0	2	0	9	0	3	10	2	0	0	0	0	4	7	5	0	0	0	4	2	0	
0	0	0	0	0	0	0	0	0	0	15	0	0	1	0	0	0	0	3	0	0	0	3	11	0	0	1	6	
0	0	0	0	0	0	0	0	0	0	3	1	0	2	0	7	2	5	4	3	6	8	0	0	4	2	0	14	
0	0	0	0	0	0	0	0	7	0	0	0	0	1	0	0	0	3	6	0	0	0	9	16	2	11	0	6	
0	0	0	0	0	0	0	0	0	0	0	4	9	6	8	6	0	1	1	0	0	0	0	0	0	8	0	0	
0	0	0	0	0	0	0	0	0	1	9	0	0	0	0	0	6	0	0	2	4	1	3	10	15	0	6	2	
0	0	0	0	0	0	0	0	2	5	8	0	16	8	58	42	0	0	1	5	0	15	76	141	133	0	4	3	
0	0	0	0	0	0	0	0	0	0	4	1	107	153	248	235	157	126	124	171	218	236	247	255	255	3	0	0	
0	0	0	0	0	0	0	0	0	0	0	118	252	255	110	203	241	251	255	255	248	214	219	128	212	10	0	12	
0	0	0	0	0	0	0	0	5	2	88	244	240	126	3	1	48	60	36	42	68	1	0	11	13	0	8	0	
0	0	0	0	0	0	0	0	0	44	246	255	164	21	0	2	0	7	8	0	9	9	5	0	0	3	17	0	
0	0	0	0	0	0	0	0	15	228	235	171	29	0	0	0	18	0	6	1	0	0	6	3	10	6	0	0	
0	0	0	0	0	0	0	0	41	242	255	47	15	0	0	2	0	0	0	7	3	0	0	11	0	0	0	0	
0	0	0	0	0	0	0	0	12	225	255	231	219	159	145	114	60	21	0	3	6	14	4	0	5	6	9	8	
0	0	0	0	0	0	0	0	0	36	113	114	199	203	230	241	240	130	3	3	0	0	0	7	9	0	0	0	
0	0	0	0	0	0	0	0	0	14	0	2	0	9	23	63	225	248	77	0	9	8	0	7	0	2	9	0	
1	9	3	0	0	18	0	9	0	10	0	0	6	0	0	8	152	237	162	0	7	0	0	5	0	0	0	0	
0	0	0	4	2	0	17	0	17	0	3	0	0	7	0	2	187	255	145	0	0	1	3	0	0	0	0	0	
1	0	0	6	0	85	136	22	0	2	0	9	8	0	23	68	239	255	79	0	0	6	5	0	0	0	0	0	
12	0	3	0	0	250	237	32	0	0	14	0	0	0	33	200	255	176	8	2	0	1	0	1	0	0	0	0	
8	0	0	2	7	255	255	67	9	12	0	2	11	33	160	253	236	73	0	12	0	0	0	0	0	0	0	0	
0	0	1	7	0	115	255	232	84	29	71	92	120	232	255	245	112	0	5	11	0	0	6	0	0	0	0	0	
0	1	4	6	0	7	157	255	255	255	253	255	252	255	229	100	11	0	3	0	0	0	8	2	0	0	0	0	
6	0	0	6	0	1	0	58	81	135	156	146	155	122	40	0	0	14	0	0	9	0	0	1	0	0	0	0	
0	0	0	0	0	0	0	0	0	0	0	0	0	0	0	0	0	0	0	0	0	0	0	0	0	0	0	0	
0	0	0	0	0	0	0	0	0	0	0	0	0	0	0	0	0	0	0	0	0	0	0	0	0	0	0	0	
0	0	0	0	0	0	0	0	0	0	0	0	0	0	0	0	0	0	0	0	0	0	0	0	0	0	0	0	
0	0	0	0	0	0	0	0	0	0	0	0	0	0	0	0	0	0	0	0	0	0	0	0	0	0	0	0	
