0	0	0	0	0	0	0	0	9	0	0	4	0	7	0	5	0	10	0	3	8	0	11	0	0	0	0	0	
0	0	0	0	0	0	0	0	0	1	0	14	0	1	24	0	4	0	9	15	0	0	5	0	0	0	0	0	
0	0	0	0	0	0	0	0	0	15	0	2	6	0	5	215	189	8	0	2	0	13	0	0	0	0	0	0	
0	0	0	0	0	0	0	0	4	0	0	0	0	12	86	255	154	0	0	12	0	5	0	7	0	0	0	0	
0	0	0	0	0	0	0	0	0	1	6	0	5	37	233	199	7	0	8	3	0	3	0	0	0	0	0	0	
0	0	0	0	0	0	0	0	0	6	1	0	0	153	255	150	0	14	0	0	0	3	0	0	0	0	0	0	
0	0	0	0	0	0	0	0	7	0	7	1	46	255	218	0	0	0	1	9	7	0	0	6	0	0	0	0	
0	0	0	0	0	0	0	0	0	10	1	0	229	242	109	14	10	0	3	0	0	8	4	4	0	0	0	0	
0	0	0	0	0	0	0	0	9	0	0	47	253	227	32	0	0	3	5	16	0	0	12	0	0	0	0	0	
0	0	0	0	0	0	0	0	0	0	3	144	250	157	0	1	2	11	0	0	5	0	1	1	0	0	0	0	
0	0	0	0	0	0	0	0	0	4	10	237	254	56	0	6	0	13	5	1	8	2	0	0	0	0	0	0	
0	0	0	0	0	0	0	0	0	0	26	255	227	0	12	0	0	0	0	6	0	0	8	11	0	0	0	0	
0	0	0	0	0	0	0	0	2	3	111	255	155	0	11	0	16	0	0	3	4	0	0	1	0	0	0	0	
0	0	0	0	0	0	0	0	4	8	210	255	44	8	0	12	26	81	72	0	0	13	0	0	0	0	0	0	
0	0	0	0	0	0	0	0	0	10	240	243	0	0	19	103	243	255	255	134	6	0	7	0	0	0	0	0	
0	0	0	0	0	0	0	0	5	37	243	249	10	14	162	251	231	134	229	249	64	0	16	0	0	0	0	0	
0	0	0	0	0	0	0	0	3	58	244	251	55	208	249	181	39	0	157	255	51	0	1	0	0	0	0	0	
0	0	0	0	0	0	0	0	0	3	247	246	239	255	116	0	9	115	249	189	4	9	15	0	0	0	0	0	
0	0	0	0	0	0	0	0	8	1	231	255	234	119	3	43	184	255	183	18	0	3	0	11	0	0	0	0	
0	0	0	0	0	0	0	0	0	0	221	252	198	0	124	247	255	133	37	0	1	3	0	0	0	0	0	0	
0	0	0	0	0	0	0	0	0	8	85	242	253	233	255	236	119	0	0	8	6	0	18	0	0	0	0	0	
0	0	0	0	0	0	0	0	9	0	12	90	206	235	191	70	10	7	5	0	2	0	0	5	0	0	0	0	
0	0	0	0	0	0	0	0	0	6	0	8	0	12	0	7	2	0	2	9	0	1	19	0	0	0	0	0	
0	0	0	0	0	0	0	0	12	0	0	0	9	0	10	0	0	9	0	0	3	0	0	2	0	0	0	0	
0	0	0	0	0	0	0	0	0	0	0	0	0	0	0	0	0	0	0	0	0	0	0	0	0	0	0	0	
0	0	0	0	0	0	0	0	0	0	0	0	0	0	0	0	0	0	0	0	0	0	0	0	0	0	0	0	
0	0	0	0	0	0	0	0	0	0	0	0	0	0	0	0	0	0	0	0	0	0	0	0	0	0	0	0	
0	0	0	0	0	0	0	0	0	0	0	0	0	0	0	0	0	0	0	0	0	0	0	0	0	0	0	0	
