0	0	0	0	0	0	0	0	0	0	14	0	13	3	0	7	7	0	3	2	0	0	0	3	0	0	0	0	
0	0	0	0	0	0	0	0	12	0	0	0	0	2	8	0	0	24	0	0	4	14	2	0	0	0	0	0	
0	0	0	0	0	0	0	0	0	0	6	16	0	5	0	24	212	208	25	13	0	3	1	0	0	0	0	0	
0	0	0	0	0	0	0	0	0	8	12	0	0	5	2	140	255	199	5	5	0	0	5	4	0	0	0	0	
0	0	0	0	0	0	0	0	0	1	0	0	10	0	80	226	246	117	0	16	8	1	0	0	0	0	0	0	
0	0	0	0	0	0	0	0	0	0	0	15	0	5	199	255	158	18	0	0	0	0	3	8	0	0	0	0	
0	0	0	0	0	0	0	0	11	6	0	2	0	97	255	234	70	3	7	7	10	1	0	0	0	0	0	0	
0	0	0	0	0	0	0	0	0	0	7	8	68	253	250	131	0	0	4	0	0	3	3	5	0	0	0	0	
0	0	0	0	0	0	0	0	4	0	22	3	242	255	214	29	0	10	0	0	2	8	0	3	0	0	0	0	
0	0	0	0	0	0	0	0	0	15	0	110	255	254	76	5	12	0	10	16	2	0	0	3	0	0	0	0	
0	0	0	0	0	0	0	0	2	11	68	239	255	152	3	0	5	0	9	0	0	6	16	0	0	0	0	0	
0	0	0	0	0	0	0	0	0	0	188	255	248	25	2	0	0	3	44	53	53	30	0	8	0	0	0	0	
0	0	0	0	0	0	0	0	0	113	255	233	144	5	15	6	119	204	226	254	249	166	0	0	0	0	0	0	
0	0	0	0	0	0	0	0	0	147	229	255	5	0	44	169	255	240	147	215	255	191	14	2	0	0	0	0	
0	0	0	0	0	0	0	0	34	229	255	171	19	176	242	230	150	42	12	216	243	105	0	5	0	0	0	0	
0	0	0	0	0	0	0	0	181	255	243	44	205	254	245	95	0	3	103	253	141	0	2	0	0	0	0	0	
0	0	0	0	0	0	0	0	186	255	188	126	248	252	98	1	2	61	252	193	33	7	0	9	0	0	0	0	
0	0	0	0	0	0	0	0	193	252	240	247	255	116	0	3	32	217	246	121	8	1	0	0	0	0	0	0	
0	0	0	0	0	0	0	0	189	255	255	255	255	55	124	179	245	255	186	28	6	3	10	0	0	0	0	0	
0	0	0	0	0	0	0	0	183	255	246	246	246	255	250	251	255	203	1	2	6	0	0	3	0	0	0	0	
0	0	0	0	0	0	0	0	69	227	255	255	239	253	253	171	89	0	20	1	0	0	12	0	0	0	0	0	
0	0	0	0	0	0	0	0	0	24	167	144	205	162	88	9	0	19	0	9	8	8	0	8	0	0	0	0	
0	0	0	0	0	0	0	0	8	0	0	4	0	0	0	7	21	0	0	0	1	0	0	0	0	0	0	0	
0	0	0	0	0	0	0	0	6	0	9	0	7	4	0	0	0	6	0	18	0	0	11	1	0	0	0	0	
0	0	0	0	0	0	0	0	0	0	0	0	0	0	0	0	0	0	0	0	0	0	0	0	0	0	0	0	
0	0	0	0	0	0	0	0	0	0	0	0	0	0	0	0	0	0	0	0	0	0	0	0	0	0	0	0	
0	0	0	0	0	0	0	0	0	0	0	0	0	0	0	0	0	0	0	0	0	0	0	0	0	0	0	0	
0	0	0	0	0	0	0	0	0	0	0	0	0	0	0	0	0	0	0	0	0	0	0	0	0	0	0	0	
