0	0	0	0	0	0	0	0	0	12	3	0	9	0	0	8	0	0	0	0	0	0	0	0	0	0	0	0	
0	0	0	0	0	0	0	0	0	0	0	0	0	10	11	0	0	0	0	0	0	0	0	0	0	0	0	0	
0	0	0	0	0	0	0	0	4	9	6	9	14	0	0	5	0	0	0	0	0	0	0	0	0	0	0	0	
0	0	0	0	0	0	0	0	12	0	0	0	1	0	0	10	0	0	0	0	0	0	0	0	0	0	0	0	
0	0	0	0	0	0	0	0	0	0	22	21	0	0	9	0	0	0	0	0	0	0	0	0	0	0	0	0	
0	0	0	0	0	0	0	0	0	8	0	0	57	34	0	9	0	0	0	0	0	0	0	0	0	0	0	0	
0	0	0	0	0	0	0	0	0	3	27	147	245	138	0	5	0	0	0	0	0	0	0	0	0	0	0	0	
0	0	0	0	0	0	0	0	0	20	166	255	159	24	0	1	0	0	0	0	0	0	0	0	0	0	0	0	
0	4	1	9	0	7	0	7	15	221	233	190	13	0	7	0	9	0	2	1	0	6	6	0	3	0	0	1	
3	0	0	0	2	0	6	76	211	229	129	0	13	12	0	4	0	0	0	0	12	0	0	15	0	8	0	5	
4	0	13	6	0	35	150	255	172	39	0	0	0	0	0	4	21	0	27	0	0	32	45	9	0	0	0	14	
4	18	0	0	8	232	243	100	4	8	0	9	0	7	17	0	0	17	0	85	182	212	255	218	96	0	0	7	
0	0	0	19	5	253	105	0	2	3	1	0	17	0	4	0	22	56	139	225	200	154	89	140	246	0	7	0	
0	0	10	0	0	255	34	0	0	0	4	0	0	5	0	21	133	235	162	44	7	0	0	139	255	1	12	0	
8	0	0	11	5	239	74	10	13	16	0	4	11	0	33	171	196	33	0	0	0	6	76	255	127	0	4	0	
0	12	0	0	0	255	239	0	0	0	15	0	0	46	246	198	10	0	8	2	1	82	249	155	12	3	0	0	
0	0	0	1	2	74	236	90	0	0	0	8	0	111	255	26	0	8	0	24	147	245	163	1	0	0	0	0	
0	7	1	0	0	0	149	229	130	30	0	0	9	63	186	23	37	77	168	241	201	83	7	3	0	0	0	0	
0	4	0	0	15	0	0	86	234	229	175	196	84	160	245	232	255	253	191	88	15	0	2	0	0	0	0	0	
0	1	5	2	0	11	0	0	30	95	157	210	202	217	181	102	110	51	4	0	1	0	0	6	0	0	0	0	
7	1	0	11	0	4	5	12	0	0	12	3	6	0	1	8	2	1	0	1	6	8	3	0	0	0	0	0	
0	13	0	4	4	4	0	0	0	0	0	4	3	10	0	6	8	0	0	2	1	0	0	3	0	0	0	0	
0	17	9	0	0	1	7	9	6	0	19	0	12	0	8	0	0	0	11	8	0	0	0	4	0	0	0	0	
12	0	0	6	0	2	3	0	7	0	0	9	0	1	0	0	7	2	0	0	1	8	3	0	0	0	0	0	
0	0	0	0	0	0	0	0	0	0	0	0	0	0	0	0	0	0	0	0	0	0	0	0	0	0	0	0	
0	0	0	0	0	0	0	0	0	0	0	0	0	0	0	0	0	0	0	0	0	0	0	0	0	0	0	0	
0	0	0	0	0	0	0	0	0	0	0	0	0	0	0	0	0	0	0	0	0	0	0	0	0	0	0	0	
0	0	0	0	0	0	0	0	0	0	0	0	0	0	0	0	0	0	0	0	0	0	0	0	0	0	0	0	
