0	0	0	0	0	0	0	0	0	4	1	9	1	0	15	0	0	2	0	13	0	2	1	0	0	0	0	0	
0	0	0	0	0	0	0	0	8	0	8	0	2	7	0	0	0	11	0	0	2	11	0	2	0	0	0	0	
0	0	0	0	0	0	0	0	0	0	6	14	7	0	9	1	13	0	8	4	1	0	0	7	0	0	0	0	
0	0	0	0	0	0	0	0	13	0	0	0	60	196	248	255	191	8	0	2	0	1	10	0	0	0	0	0	
0	0	0	0	0	0	0	0	0	6	23	198	255	249	243	255	191	8	0	2	0	1	10	0	0	0	0	0	
0	0	0	0	0	0	0	0	0	22	107	246	243	255	248	170	13	0	8	4	1	0	0	7	0	0	0	0	
0	0	0	0	0	0	0	0	6	0	193	255	247	249	103	29	0	11	0	0	2	11	0	2	0	0	0	0	
0	0	0	0	0	0	0	0	17	192	247	251	240	58	12	0	0	2	0	13	0	2	1	0	0	0	0	0	
0	0	0	0	0	0	0	0	38	240	255	242	98	10	0	4	0	3	3	0	13	0	0	7	0	0	0	0	
0	0	0	0	0	0	0	0	49	248	250	249	87	0	18	0	6	0	4	8	0	24	0	0	0	0	0	0	
0	0	0	0	0	0	0	0	106	255	255	245	63	13	3	2	3	0	9	10	0	3	0	1	0	0	0	0	
0	0	0	0	0	0	0	0	195	227	255	185	0	9	8	0	6	0	0	0	9	0	15	0	0	0	0	0	
0	0	0	0	0	0	0	0	170	255	224	181	8	0	0	32	61	96	130	96	68	1	0	5	0	0	0	0	
0	0	0	0	0	0	0	0	175	255	255	169	15	3	35	183	255	245	255	248	225	192	36	0	0	0	0	0	
0	0	0	0	0	0	0	0	189	247	247	171	10	0	255	241	255	249	248	255	252	252	139	5	0	0	0	0	
0	0	0	0	0	0	0	0	122	255	255	218	37	200	243	255	253	255	208	237	250	245	255	37	0	0	0	0	
0	0	0	0	0	0	0	0	38	255	247	254	243	246	255	255	184	24	26	26	65	249	252	34	0	0	0	0	
0	0	0	0	0	0	0	0	31	243	255	249	255	255	240	180	30	0	3	9	44	247	185	11	0	0	0	0	
0	0	0	0	0	0	0	0	23	99	255	255	234	250	255	33	0	0	4	0	107	249	147	0	0	0	0	0	
0	0	0	0	0	0	0	0	0	15	171	251	255	250	200	2	0	5	1	141	249	255	84	0	0	0	0	0	
0	0	0	0	0	0	0	0	0	0	82	235	239	255	243	231	114	141	206	247	229	21	0	23	0	0	0	0	
0	0	0	0	0	0	0	0	0	8	1	65	190	250	249	255	246	255	253	206	109	1	0	0	0	0	0	0	
0	0	0	0	0	0	0	0	0	0	14	0	15	106	255	247	245	237	183	32	0	0	24	0	0	0	0	0	
0	0	0	0	0	0	0	0	3	15	0	20	0	2	3	0	10	0	10	0	0	18	0	5	0	0	0	0	
0	0	0	0	0	0	0	0	0	0	0	0	0	0	0	0	0	0	0	0	0	0	0	0	0	0	0	0	
0	0	0	0	0	0	0	0	0	0	0	0	0	0	0	0	0	0	0	0	0	0	0	0	0	0	0	0	
0	0	0	0	0	0	0	0	0	0	0	0	0	0	0	0	0	0	0	0	0	0	0	0	0	0	0	0	
0	0	0	0	0	0	0	0	0	0	0	0	0	0	0	0	0	0	0	0	0	0	0	0	0	0	0	0	
