0	0	0	0	0	0	0	0	5	0	0	10	0	0	0	0	0	0	0	0	0	0	0	0	0	0	0	0	
0	0	0	0	0	0	0	0	0	6	9	0	0	10	12	2	0	0	0	0	0	0	0	0	0	0	0	0	
0	0	0	0	0	0	0	0	12	0	8	10	0	179	237	83	0	0	0	0	0	0	0	0	0	0	0	0	
0	0	0	0	0	0	0	0	0	8	0	0	173	245	253	254	0	0	0	0	0	0	0	0	0	0	0	0	
0	0	0	0	0	0	0	0	11	3	2	155	252	249	161	185	0	0	0	0	0	0	0	0	0	0	0	0	
0	0	0	0	0	0	0	0	0	0	41	229	240	167	25	17	0	0	0	0	0	0	0	0	0	0	0	0	
0	0	0	0	0	0	0	0	0	14	181	247	252	19	0	21	0	0	0	0	0	0	0	0	0	0	0	0	
0	0	0	0	0	0	0	0	0	97	238	252	162	17	0	0	0	0	0	0	0	0	0	0	0	0	0	0	
1	3	0	0	3	0	3	0	12	208	255	207	68	4	0	6	0	18	0	0	8	0	0	5	11	0	0	3	
0	5	4	1	0	0	9	1	82	241	255	99	0	0	0	1	0	0	0	11	5	0	12	0	0	11	7	11	
0	4	7	1	0	5	2	0	151	255	238	22	0	13	4	0	7	3	0	0	0	0	99	24	0	0	0	0	
3	0	0	1	0	9	0	12	208	251	179	8	2	18	0	0	0	11	0	0	29	226	235	240	97	12	0	4	
8	0	0	4	0	4	0	93	251	247	90	0	0	0	0	2	0	2	12	28	216	255	255	255	235	15	1	9	
3	0	1	4	0	0	9	203	252	233	24	0	0	0	1	2	9	0	25	231	237	210	20	216	255	0	0	0	
0	4	2	0	0	0	10	255	244	210	3	1	1	0	10	0	0	12	167	255	255	42	97	255	245	15	10	2	
0	8	0	0	5	6	0	255	255	197	1	3	2	0	0	0	0	132	253	213	61	19	162	255	156	4	5	0	
7	0	5	5	0	4	18	254	255	198	12	5	0	1	0	9	13	255	252	178	8	177	248	227	8	5	2	0	
0	0	0	0	7	5	6	246	242	221	0	8	10	0	18	0	49	246	255	149	223	255	212	71	6	4	2	0	
0	8	0	0	5	0	15	255	255	188	9	0	0	5	0	57	176	255	252	255	255	223	113	0	4	2	1	0	
0	7	4	1	0	0	16	195	250	238	214	146	92	111	84	232	237	255	255	240	248	84	0	2	1	0	0	0	
4	0	0	5	0	2	0	42	122	248	255	255	243	253	247	255	255	229	205	139	163	33	7	0	0	0	0	0	
8	0	0	8	0	1	0	0	18	144	154	233	255	254	214	119	71	11	0	10	0	1	14	0	0	0	0	0	
3	2	4	5	0	0	13	4	0	7	0	7	0	0	0	5	0	7	1	4	16	0	0	9	0	0	0	0	
0	2	0	0	6	0	5	0	2	0	0	9	0	4	0	0	2	0	0	0	0	2	5	1	0	0	0	0	
0	0	0	0	0	0	0	0	0	0	0	0	0	0	0	0	0	0	0	0	0	0	0	0	0	0	0	0	
0	0	0	0	0	0	0	0	0	0	0	0	0	0	0	0	0	0	0	0	0	0	0	0	0	0	0	0	
0	0	0	0	0	0	0	0	0	0	0	0	0	0	0	0	0	0	0	0	0	0	0	0	0	0	0	0	
0	0	0	0	0	0	0	0	0	0	0	0	0	0	0	0	0	0	0	0	0	0	0	0	0	0	0	0	
