0	0	0	0	0	0	0	0	4	0	7	7	0	0	9	0	0	3	8	2	0	2	1	0	0	0	0	0	
0	0	0	0	0	0	0	0	2	0	0	9	0	1	0	7	1	0	0	5	5	0	0	20	0	0	0	0	
0	0	0	0	0	0	0	0	4	11	6	0	0	0	0	9	0	14	10	0	0	3	0	0	0	0	0	0	
0	0	0	0	0	0	0	0	0	0	0	0	23	4	13	0	0	3	0	0	6	14	5	0	0	0	0	0	
0	0	0	0	0	0	0	0	6	0	12	1	0	12	128	203	187	100	12	0	0	1	0	2	0	0	0	0	
0	0	0	0	0	0	0	0	0	9	0	11	25	172	245	255	250	235	176	73	0	0	8	0	0	0	0	0	
0	0	0	0	0	0	0	0	0	19	0	0	84	239	255	249	201	55	47	157	138	18	0	19	0	0	0	0	
0	0	0	0	0	0	0	0	6	3	0	23	212	255	248	224	46	0	0	17	0	0	11	0	0	0	0	0	
0	0	0	0	0	0	0	0	0	7	0	146	255	238	240	30	0	0	0	0	0	0	0	0	0	0	0	0	
0	0	0	0	0	0	0	0	5	0	46	233	254	254	75	0	0	0	0	0	0	0	0	0	0	0	0	0	
0	0	0	0	0	0	0	0	1	7	180	252	255	203	10	0	0	0	0	0	0	0	0	0	0	0	0	0	
0	0	0	0	0	0	0	0	3	29	238	252	231	42	0	17	0	0	0	0	0	0	0	0	0	0	0	0	
0	0	0	0	0	0	0	0	3	138	252	252	102	0	0	4	0	0	0	0	0	0	0	0	0	0	0	0	
0	0	0	0	0	0	0	0	18	245	255	195	0	13	17	0	0	0	0	0	0	0	0	0	0	0	0	0	
0	0	0	0	0	0	0	0	36	244	241	149	0	0	0	3	0	0	0	0	0	0	0	0	0	0	0	0	
0	0	0	0	0	0	0	0	14	255	255	153	60	0	2	0	0	0	0	0	0	0	0	0	0	0	0	0	
0	0	0	0	0	0	0	0	38	233	255	255	246	211	65	0	0	2	0	17	0	7	0	5	0	0	0	0	
0	0	0	0	0	0	0	0	0	241	240	220	246	239	255	191	51	8	12	0	10	0	7	0	0	0	0	0	
0	0	0	0	0	0	0	0	19	70	242	173	52	81	181	199	215	185	26	0	14	0	0	10	0	0	0	0	
0	0	0	0	0	0	0	0	0	2	88	230	206	13	19	4	102	220	211	58	12	0	8	0	0	0	0	0	
0	0	0	0	0	0	0	0	18	0	0	87	251	243	88	0	2	67	247	175	0	0	12	0	0	0	0	0	
0	0	0	0	0	0	0	0	0	0	0	5	73	237	252	142	45	10	114	255	93	2	0	0	0	0	0	0	
0	0	0	0	0	0	0	0	0	6	0	10	0	48	164	253	232	213	228	255	151	0	25	0	0	0	0	0	
0	0	0	0	0	0	0	0	4	6	1	0	3	4	0	49	151	141	250	225	92	14	0	4	0	0	0	0	
0	0	0	0	0	0	0	0	0	0	0	0	0	0	0	0	0	0	0	0	0	0	0	0	0	0	0	0	
0	0	0	0	0	0	0	0	0	0	0	0	0	0	0	0	0	0	0	0	0	0	0	0	0	0	0	0	
0	0	0	0	0	0	0	0	0	0	0	0	0	0	0	0	0	0	0	0	0	0	0	0	0	0	0	0	
0	0	0	0	0	0	0	0	0	0	0	0	0	0	0	0	0	0	0	0	0	0	0	0	0	0	0	0	
