0	0	0	0	0	0	0	0	0	3	0	0	13	7	0	2	6	0	6	0	3	15	2	0	0	0	0	0	
0	0	0	0	0	0	0	0	0	7	3	3	0	0	2	5	0	6	8	15	0	0	2	3	0	0	0	0	
0	0	0	0	0	0	0	0	0	6	0	2	23	1	0	0	10	65	237	0	19	3	0	12	0	0	0	0	
0	0	0	0	0	0	0	0	2	6	4	0	0	5	0	5	4	184	201	0	0	6	0	0	0	0	0	0	
0	0	0	0	0	0	0	0	9	0	19	0	0	13	0	0	159	222	39	30	0	11	15	4	0	0	0	0	
0	0	0	0	0	0	0	0	1	0	0	3	20	0	0	110	253	74	7	0	0	0	0	0	0	0	0	0	
0	0	0	0	0	0	0	0	0	12	0	0	0	0	93	249	124	5	0	7	0	1	13	4	0	0	0	0	
0	0	0	0	0	0	0	0	3	0	0	10	0	102	248	165	7	6	0	0	8	0	2	0	0	0	0	0	
0	0	0	0	0	0	0	0	0	0	4	2	58	255	200	21	0	0	0	0	13	0	0	1	0	0	0	0	
0	0	0	0	0	0	0	0	1	0	0	16	217	244	33	12	3	7	0	0	0	0	4	1	0	0	0	0	
0	0	0	0	0	0	0	0	4	7	9	102	255	152	12	0	2	0	0	24	0	0	0	0	0	0	0	0	
0	0	0	0	0	0	0	0	0	17	2	220	244	7	0	0	0	6	2	0	0	8	8	0	0	0	0	0	
0	0	0	0	0	0	0	0	1	0	53	255	131	0	16	3	4	5	1	0	21	1	0	0	0	0	0	0	
0	0	0	0	0	0	0	0	11	0	195	221	1	14	5	0	0	0	0	0	4	0	0	12	0	0	0	0	
0	0	0	0	0	0	0	0	0	58	255	153	12	4	0	74	164	189	160	99	0	11	8	0	0	0	0	0	
0	0	0	0	0	0	0	0	0	99	247	77	0	44	226	251	190	163	180	244	61	4	0	12	0	0	0	0	
0	0	0	0	0	0	0	0	5	146	206	0	118	240	191	77	1	10	0	173	217	2	0	0	0	0	0	0	
0	0	0	0	0	0	0	0	0	199	194	136	255	159	12	0	0	7	0	197	208	0	2	15	0	0	0	0	
0	0	0	0	0	0	0	0	5	162	249	254	142	17	7	9	5	0	22	218	182	1	0	0	0	0	0	0	
0	0	0	0	0	0	0	0	0	99	254	229	55	0	0	0	1	60	242	240	33	4	20	0	0	0	0	0	
0	0	0	0	0	0	0	0	2	68	237	240	159	113	77	108	191	253	249	91	0	13	0	20	0	0	0	0	
0	0	0	0	0	0	0	0	0	0	58	149	215	245	255	255	255	144	37	8	0	3	0	0	0	0	0	0	
0	0	0	0	0	0	0	0	8	13	0	0	16	0	0	0	0	0	0	3	7	0	11	2	0	0	0	0	
0	0	0	0	0	0	0	0	3	0	1	0	0	7	1	6	0	0	13	0	7	2	0	0	0	0	0	0	
0	0	0	0	0	0	0	0	0	0	0	0	0	0	0	0	0	0	0	0	0	0	0	0	0	0	0	0	
0	0	0	0	0	0	0	0	0	0	0	0	0	0	0	0	0	0	0	0	0	0	0	0	0	0	0	0	
0	0	0	0	0	0	0	0	0	0	0	0	0	0	0	0	0	0	0	0	0	0	0	0	0	0	0	0	
0	0	0	0	0	0	0	0	0	0	0	0	0	0	0	0	0	0	0	0	0	0	0	0	0	0	0	0	
