0	0	0	0	0	0	0	0	6	0	8	0	1	0	0	2	0	0	0	0	0	0	0	0	0	0	0	0	
0	0	0	0	0	0	0	0	0	9	0	12	0	0	30	0	0	0	0	0	0	0	0	0	0	0	0	0	
0	0	0	0	0	0	0	0	0	5	0	1	0	31	170	15	0	0	0	0	0	0	0	0	0	0	0	0	
0	0	0	0	0	0	0	0	10	6	4	2	2	169	253	46	0	0	0	0	0	0	0	0	0	0	0	0	
0	0	0	0	0	0	0	0	0	0	0	0	29	248	135	4	0	0	0	0	0	0	0	0	0	0	0	0	
0	0	0	0	0	0	0	0	11	3	6	0	182	251	46	5	0	0	0	0	0	0	0	0	0	0	0	0	
0	0	0	0	0	0	0	0	7	0	0	22	253	127	8	0	0	0	0	0	0	0	0	0	0	0	0	0	
0	0	0	0	0	0	0	0	0	8	15	143	230	25	4	0	0	0	0	0	0	0	0	0	0	0	0	0	
0	0	0	0	0	0	0	0	0	0	36	255	103	9	4	0	4	0	0	2	0	0	10	0	0	0	0	0	
0	0	0	0	0	0	0	0	2	0	90	247	21	0	0	2	1	0	1	16	0	0	6	0	0	0	0	0	
0	0	0	0	0	0	0	0	0	0	230	136	16	18	0	1	7	15	0	0	10	0	0	16	0	0	0	0	
0	0	0	0	0	0	0	0	15	79	223	35	0	0	3	9	1	0	0	3	0	12	9	0	0	0	0	0	
0	0	0	0	0	0	0	0	0	78	222	6	2	0	22	78	197	213	128	36	0	0	0	11	0	0	0	0	
0	0	0	0	0	0	0	0	10	177	224	0	4	62	242	255	255	255	255	187	22	3	12	0	0	0	0	0	
0	0	0	0	0	0	0	0	0	185	223	1	12	185	248	255	244	247	255	252	74	2	0	6	0	0	0	0	
0	0	0	0	0	0	0	0	4	169	225	0	166	245	255	253	128	97	187	255	77	0	0	2	0	0	0	0	
0	0	0	0	0	0	0	0	5	87	246	71	240	254	199	94	0	0	87	241	76	12	0	5	0	0	0	0	
0	0	0	0	0	0	0	0	0	76	250	234	237	96	7	2	10	7	208	255	47	0	7	0	0	0	0	0	
0	0	0	0	0	0	0	0	10	73	250	255	249	107	44	29	53	235	253	65	12	0	0	13	0	0	0	0	
0	0	0	0	0	0	0	0	0	0	209	230	255	255	238	255	255	249	235	27	0	14	0	0	0	0	0	0	
0	0	0	0	0	0	0	0	21	0	20	234	255	239	252	254	216	156	48	0	10	0	19	13	0	0	0	0	
0	0	0	0	0	0	0	0	0	0	4	35	89	200	153	68	0	0	4	0	0	13	0	0	0	0	0	0	
0	0	0	0	0	0	0	0	10	0	12	0	4	12	20	0	0	7	2	13	4	0	3	10	0	0	0	0	
0	0	0	0	0	0	0	0	0	16	0	5	10	0	0	0	13	0	10	0	0	13	0	0	0	0	0	0	
0	0	0	0	0	0	0	0	0	0	0	0	0	0	0	0	0	0	0	0	0	0	0	0	0	0	0	0	
0	0	0	0	0	0	0	0	0	0	0	0	0	0	0	0	0	0	0	0	0	0	0	0	0	0	0	0	
0	0	0	0	0	0	0	0	0	0	0	0	0	0	0	0	0	0	0	0	0	0	0	0	0	0	0	0	
0	0	0	0	0	0	0	0	0	0	0	0	0	0	0	0	0	0	0	0	0	0	0	0	0	0	0	0	
