0	0	0	0	0	0	0	0	3	0	15	0	2	2	0	5	7	0	0	4	0	0	0	8	0	0	0	0	
0	0	0	0	0	0	0	0	0	1	0	13	11	0	12	0	0	0	0	0	0	21	9	0	0	0	0	0	
0	0	0	0	0	0	0	0	17	2	0	0	0	13	0	0	8	11	11	0	13	0	0	18	0	0	0	0	
0	0	0	0	0	0	0	0	0	0	8	8	6	0	27	255	245	51	0	0	0	8	11	0	0	0	0	0	
0	0	0	0	0	0	0	0	10	0	11	0	0	89	231	247	255	88	27	0	0	0	3	9	0	0	0	0	
0	0	0	0	0	0	0	0	0	6	11	0	139	238	222	203	243	2	0	14	0	0	24	0	0	0	0	0	
0	0	0	0	0	0	0	0	5	0	0	17	209	255	64	53	217	14	0	0	11	0	0	5	0	0	0	0	
0	0	0	0	0	0	0	0	7	0	0	153	255	127	0	167	93	0	21	0	0	0	0	0	0	0	0	0	
0	0	0	0	0	0	0	0	0	13	0	116	255	61	0	61	72	5	0	0	10	0	0	3	0	0	0	0	
0	0	0	0	0	0	0	0	0	0	8	230	255	10	1	0	0	0	5	12	0	0	0	6	0	0	0	0	
0	0	0	0	0	0	0	0	1	0	83	255	201	0	3	0	13	8	2	0	0	14	0	0	0	0	0	0	
0	0	0	0	0	0	0	0	5	0	95	248	120	15	0	10	0	0	0	4	0	12	0	0	0	0	0	0	
0	0	0	0	0	0	0	0	0	19	132	255	62	0	0	7	6	0	16	10	2	0	0	10	0	0	0	0	
0	0	0	0	0	0	0	0	0	13	194	222	15	44	59	44	52	2	0	0	9	4	2	0	0	0	0	0	
0	0	0	0	0	0	0	0	12	0	232	245	196	255	255	252	255	197	118	17	0	0	11	5	0	0	0	0	
0	0	0	0	0	0	0	0	0	17	213	253	234	81	77	103	144	232	255	153	13	0	0	0	0	0	0	0	
0	0	0	0	0	0	0	0	0	137	244	240	162	0	0	14	0	69	255	234	43	5	0	0	0	0	0	0	
0	0	0	0	0	0	0	0	1	147	255	255	223	0	11	0	0	14	178	255	48	0	0	3	0	0	0	0	
0	0	0	0	0	0	0	0	0	33	166	246	246	129	3	7	11	0	105	255	45	0	9	0	0	0	0	0	
0	0	0	0	0	0	0	0	0	0	8	176	254	242	80	0	0	15	169	255	41	6	7	0	0	0	0	0	
0	0	0	0	0	0	0	0	10	0	18	33	221	255	224	88	6	92	250	229	22	0	0	19	0	0	0	0	
0	0	0	0	0	0	0	0	0	0	0	6	43	237	233	255	255	246	254	130	10	4	0	4	0	0	0	0	
0	0	0	0	0	0	0	0	5	8	0	0	9	33	154	193	213	147	75	0	0	16	0	5	0	0	0	0	
0	0	0	0	0	0	0	0	2	0	12	4	0	0	0	9	0	8	0	0	0	7	0	3	0	0	0	0	
0	0	0	0	0	0	0	0	0	0	0	0	0	0	0	0	0	0	0	0	0	0	0	0	0	0	0	0	
0	0	0	0	0	0	0	0	0	0	0	0	0	0	0	0	0	0	0	0	0	0	0	0	0	0	0	0	
0	0	0	0	0	0	0	0	0	0	0	0	0	0	0	0	0	0	0	0	0	0	0	0	0	0	0	0	
0	0	0	0	0	0	0	0	0	0	0	0	0	0	0	0	0	0	0	0	0	0	0	0	0	0	0	0	
