0	0	0	0	0	0	0	0	3	0	0	0	2	0	0	6	0	12	0	4	1	0	2	1	0	0	0	0	
0	0	0	0	0	0	0	0	0	5	6	2	0	0	0	0	22	0	0	23	0	0	6	5	0	0	0	0	
0	0	0	0	0	0	0	0	0	0	3	0	0	3	3	0	0	0	12	0	9	12	0	0	0	0	0	0	
0	0	0	0	0	0	0	0	2	1	0	0	0	2	2	0	14	10	0	38	241	162	14	0	0	0	0	0	
0	0	0	0	0	0	0	0	39	14	0	0	3	0	0	0	0	0	0	135	255	106	0	17	0	0	0	0	
0	0	0	0	0	0	0	0	41	9	0	0	5	0	0	3	0	15	97	237	143	31	0	0	0	0	0	0	
0	0	0	0	0	0	0	0	12	0	0	0	3	0	0	3	6	138	250	229	40	0	0	0	0	0	0	0	
0	0	0	0	0	0	0	0	0	0	3	4	3	0	0	0	143	244	221	34	0	5	0	5	0	0	0	0	
0	0	0	0	0	0	0	0	0	4	13	0	0	0	0	131	255	222	45	0	10	0	14	1	0	0	0	0	
0	0	0	0	0	0	0	0	0	0	0	0	0	15	59	242	221	117	0	0	7	0	3	0	0	0	0	0	
0	0	0	0	0	0	0	0	2	8	0	8	0	6	247	236	102	2	0	8	0	4	0	1	0	0	0	0	
0	0	0	0	0	0	0	0	5	0	6	11	0	170	255	122	5	0	17	14	0	5	0	3	0	0	0	0	
0	0	0	0	0	0	0	0	4	0	0	5	173	255	174	23	2	2	7	0	0	7	2	0	0	0	0	0	
0	0	0	0	0	0	0	0	2	9	0	135	254	233	22	13	0	11	0	0	9	3	0	4	0	0	0	0	
0	0	0	0	0	0	0	0	0	11	78	236	221	30	4	0	0	0	2	5	10	0	0	10	0	0	0	0	
0	0	0	0	0	0	0	0	7	2	212	255	129	18	0	12	6	0	9	0	0	5	0	0	0	0	0	0	
0	0	0	0	0	0	0	0	0	101	245	186	5	40	202	13	6	8	0	0	6	0	0	4	0	0	0	0	
0	0	0	0	0	0	0	0	25	229	254	78	0	81	242	116	0	0	4	1	0	3	1	0	0	0	0	0	
0	0	0	0	0	0	0	0	55	243	234	15	0	16	151	224	29	0	4	1	0	7	0	0	0	0	0	0	
0	0	0	0	0	0	0	0	19	255	248	0	9	0	72	247	105	1	0	1	0	7	0	7	0	0	0	0	
0	0	0	0	0	0	0	0	2	193	253	105	4	4	205	255	105	1	0	1	0	7	0	7	0	0	0	0	
0	0	0	0	0	0	0	0	11	30	241	246	177	200	248	255	29	0	4	1	0	7	0	0	0	0	0	0	
0	0	0	0	0	0	0	0	2	11	99	255	252	233	253	55	0	0	4	1	0	3	1	0	0	0	0	0	
0	0	0	0	0	0	0	0	0	9	0	0	6	5	0	0	6	8	0	0	6	0	0	4	0	0	0	0	
0	0	0	0	0	0	0	0	0	0	0	0	0	0	0	0	0	0	0	0	0	0	0	0	0	0	0	0	
0	0	0	0	0	0	0	0	0	0	0	0	0	0	0	0	0	0	0	0	0	0	0	0	0	0	0	0	
0	0	0	0	0	0	0	0	0	0	0	0	0	0	0	0	0	0	0	0	0	0	0	0	0	0	0	0	
0	0	0	0	0	0	0	0	0	0	0	0	0	0	0	0	0	0	0	0	0	0	0	0	0	0	0	0	
