0	0	0	0	0	0	0	0	0	7	0	17	0	0	6	0	5	4	0	0	8	0	0	9	0	0	0	0	
0	0	0	0	0	0	0	0	8	0	0	0	6	3	0	9	0	8	5	4	0	0	8	0	0	0	0	0	
0	0	0	0	0	0	0	0	2	0	12	0	0	0	4	3	41	215	132	0	0	5	0	7	0	0	0	0	
0	0	0	0	0	0	0	0	0	0	8	7	0	0	23	0	193	255	121	0	5	0	0	5	0	0	0	0	
0	0	0	0	0	0	0	0	5	0	0	0	0	11	0	17	255	255	103	0	14	0	0	0	0	0	0	0	
0	0	0	0	0	0	0	0	2	1	4	0	3	9	0	147	250	249	107	0	6	7	0	11	0	0	0	0	
0	0	0	0	0	0	0	0	0	8	9	0	0	0	63	248	255	70	0	7	0	0	10	0	0	0	0	0	
0	0	0	0	0	0	0	0	0	10	0	8	0	1	188	255	221	27	0	11	2	3	0	0	0	0	0	0	
0	0	0	0	0	0	0	0	5	0	11	0	1	100	247	255	156	1	9	0	5	0	13	0	0	0	0	0	
0	0	0	0	0	0	0	0	1	16	11	0	0	179	255	245	1	0	0	0	0	0	0	11	0	0	0	0	
0	0	0	0	0	0	0	0	1	0	0	6	98	255	255	201	20	7	0	3	0	6	5	4	0	0	0	0	
0	0	0	0	0	0	0	0	7	0	1	24	182	237	248	168	0	0	10	6	6	0	9	0	0	0	0	0	
0	0	0	0	0	0	0	0	0	12	8	80	239	255	189	2	107	103	41	0	9	7	8	1	0	0	0	0	
0	0	0	0	0	0	0	0	10	0	6	238	255	246	220	252	240	255	237	141	0	0	0	4	0	0	0	0	
0	0	0	0	0	0	0	0	0	14	114	255	242	255	246	255	255	237	255	208	6	0	6	0	0	0	0	0	
0	0	0	0	0	0	0	0	5	12	215	255	255	243	255	243	121	121	246	253	113	18	0	7	0	0	0	0	
0	0	0	0	0	0	0	0	12	24	244	253	255	240	152	44	0	8	233	254	142	0	1	0	0	0	0	0	
0	0	0	0	0	0	0	0	0	62	255	255	218	121	6	0	8	56	240	252	114	3	0	0	0	0	0	0	
0	0	0	0	0	0	0	0	14	134	252	239	100	0	0	0	140	211	255	194	21	0	0	12	0	0	0	0	
0	0	0	0	0	0	0	0	0	74	254	255	236	174	122	237	250	255	237	125	0	3	0	0	0	0	0	0	
0	0	0	0	0	0	0	0	0	39	235	254	230	255	255	245	255	158	58	12	0	0	0	19	0	0	0	0	
0	0	0	0	0	0	0	0	0	0	22	151	255	241	245	149	91	22	0	0	20	7	0	0	0	0	0	0	
0	0	0	0	0	0	0	0	12	0	8	0	0	9	15	0	4	4	0	0	0	0	6	1	0	0	0	0	
0	0	0	0	0	0	0	0	0	12	0	7	6	0	0	14	0	3	0	12	0	5	3	0	0	0	0	0	
0	0	0	0	0	0	0	0	0	0	0	0	0	0	0	0	0	0	0	0	0	0	0	0	0	0	0	0	
0	0	0	0	0	0	0	0	0	0	0	0	0	0	0	0	0	0	0	0	0	0	0	0	0	0	0	0	
0	0	0	0	0	0	0	0	0	0	0	0	0	0	0	0	0	0	0	0	0	0	0	0	0	0	0	0	
0	0	0	0	0	0	0	0	0	0	0	0	0	0	0	0	0	0	0	0	0	0	0	0	0	0	0	0	
