0	0	0	0	0	0	0	0	0	7	0	3	0	11	0	5	0	0	0	0	0	0	0	0	0	0	0	0	
0	0	0	0	0	0	0	0	0	10	0	0	0	0	12	0	0	0	0	0	0	0	0	0	0	0	0	0	
0	0	0	0	0	0	0	0	1	0	0	178	161	17	0	0	0	0	0	0	0	0	0	0	0	0	0	0	
0	0	0	0	0	0	0	0	3	0	7	145	218	39	18	0	0	0	0	0	0	0	0	0	0	0	0	0	
0	0	0	0	0	0	0	0	0	7	0	189	255	125	0	7	0	0	0	0	0	0	0	0	0	0	0	0	
0	0	0	0	0	0	0	0	0	4	16	139	252	136	10	0	0	0	0	0	0	0	0	0	0	0	0	0	
0	0	0	0	0	0	0	0	7	0	3	233	255	124	0	11	0	0	0	0	0	0	0	0	0	0	0	0	
0	0	0	0	0	0	0	0	0	9	50	255	250	117	4	0	0	0	0	0	0	0	0	0	0	0	0	0	
0	0	0	0	0	0	0	0	0	35	189	255	227	21	4	0	0	5	0	4	0	6	0	2	0	0	0	0	
0	0	0	0	0	0	0	0	9	58	249	250	168	0	1	17	5	0	0	1	0	12	11	0	0	0	0	0	
0	0	0	0	0	0	0	0	0	55	255	255	100	0	1	0	9	0	0	4	3	0	0	1	0	0	0	0	
0	0	0	0	0	0	0	0	6	146	255	227	38	5	0	8	0	36	13	1	1	0	0	10	0	0	0	0	
0	0	0	0	0	0	0	0	16	255	251	139	2	5	84	180	238	255	197	113	12	0	0	0	0	0	0	0	
0	0	0	0	0	0	0	0	16	255	255	103	5	22	238	255	225	235	245	240	89	0	0	11	0	0	0	0	
0	0	0	0	0	0	0	0	29	238	255	92	10	20	255	186	39	49	134	253	225	31	0	0	0	0	0	0	
0	0	0	0	0	0	0	0	13	255	244	39	4	7	187	144	8	0	0	101	255	92	0	4	0	0	0	0	
0	0	0	0	0	0	0	0	24	249	251	4	0	2	3	10	0	10	0	1	228	208	15	10	0	0	0	0	
0	0	0	0	0	0	0	0	12	186	255	114	20	0	7	9	23	0	15	96	247	254	87	0	0	0	0	0	
0	0	0	0	0	0	0	0	0	53	220	255	169	73	58	68	71	95	183	245	255	255	139	0	0	0	0	0	
0	0	0	0	0	0	0	0	0	14	140	255	251	255	255	242	254	255	246	240	255	232	121	3	0	0	0	0	
0	0	0	0	0	0	0	0	10	0	23	155	229	255	232	255	246	253	251	255	255	78	0	3	0	0	0	0	
0	0	0	0	0	0	0	0	0	10	0	2	76	159	157	185	242	254	194	63	43	5	13	0	0	0	0	0	
0	0	0	0	0	0	0	0	6	7	2	3	8	6	0	2	12	0	11	4	7	0	0	0	0	0	0	0	
0	0	0	0	0	0	0	0	9	0	5	3	0	2	4	0	3	0	0	0	0	4	0	0	0	0	0	0	
0	0	0	0	0	0	0	0	0	0	0	0	0	0	0	0	0	0	0	0	0	0	0	0	0	0	0	0	
0	0	0	0	0	0	0	0	0	0	0	0	0	0	0	0	0	0	0	0	0	0	0	0	0	0	0	0	
0	0	0	0	0	0	0	0	0	0	0	0	0	0	0	0	0	0	0	0	0	0	0	0	0	0	0	0	
0	0	0	0	0	0	0	0	0	0	0	0	0	0	0	0	0	0	0	0	0	0	0	0	0	0	0	0	
