0	0	0	0	0	0	0	0	0	0	5	1	0	4	5	0	0	19	0	0	4	3	0	7	0	0	0	0	
0	0	0	0	0	0	0	0	5	0	0	6	3	0	1	5	0	1	1	5	0	0	14	0	0	0	0	0	
0	0	0	0	0	0	0	0	7	0	0	2	1	0	0	0	10	1	0	10	0	18	0	12	0	0	0	0	
0	0	0	0	0	0	0	0	0	6	3	0	0	2	0	0	0	83	236	255	79	0	4	12	0	0	0	0	
0	0	0	0	0	0	0	0	0	3	1	0	5	2	2	16	61	255	255	253	72	15	8	0	0	0	0	0	
0	0	0	0	0	0	0	0	5	0	0	5	4	0	3	72	221	244	246	211	44	0	0	21	0	0	0	0	
0	0	0	0	0	0	0	0	7	1	0	3	0	0	45	166	255	255	233	3	12	0	0	0	0	0	0	0	
0	0	0	0	0	0	0	0	0	6	3	0	0	11	115	255	250	237	38	9	0	4	2	1	0	0	0	0	
0	0	0	0	0	0	0	0	0	10	9	0	11	78	224	255	255	145	1	0	3	0	0	0	0	0	0	0	
0	0	0	0	0	0	0	0	0	0	0	23	0	233	252	255	191	44	0	0	0	0	11	9	0	0	0	0	
0	0	0	0	0	0	0	0	1	2	4	9	191	255	255	204	96	0	7	7	3	0	1	0	0	0	0	0	
0	0	0	0	0	0	0	0	3	0	0	117	255	238	251	71	0	0	4	0	9	8	0	0	0	0	0	0	
0	0	0	0	0	0	0	0	0	8	32	209	252	255	174	0	0	22	0	0	0	6	5	4	0	0	0	0	
0	0	0	0	0	0	0	0	0	10	112	255	243	255	17	0	0	4	0	23	0	0	10	0	0	0	0	0	
0	0	0	0	0	0	0	0	13	0	231	254	242	84	0	6	2	0	0	8	0	0	4	0	0	0	0	0	
0	0	0	0	0	0	0	0	0	150	255	253	208	5	9	88	88	90	67	0	4	6	0	9	0	0	0	0	
0	0	7	5	0	0	5	7	34	243	255	245	192	253	237	254	255	255	235	96	0	2	0	0	0	0	0	0	
3	0	0	0	4	0	0	0	214	244	250	250	255	245	248	255	241	247	255	237	0	9	0	0	0	0	0	0	
3	1	0	0	11	0	0	10	229	255	221	120	215	232	255	252	255	250	238	170	13	7	0	5	0	0	0	0	
0	8	0	0	7	0	9	60	255	238	143	6	3	95	228	255	247	255	206	13	0	1	2	0	0	0	0	0	
0	9	2	0	3	0	14	72	243	255	181	141	217	255	253	247	203	110	18	6	3	14	0	0	0	0	0	0	
1	4	0	0	5	0	3	32	238	253	255	235	255	240	201	88	14	0	0	14	0	5	8	3	0	0	0	0	
4	0	0	0	3	0	0	1	201	247	255	191	147	25	0	0	4	0	0	5	16	0	0	0	0	0	0	0	
2	0	1	3	0	0	5	0	0	4	2	0	9	0	9	0	0	4	9	2	0	0	10	0	0	0	0	0	
0	0	0	0	0	0	0	0	0	0	0	0	0	0	0	0	0	0	0	0	0	0	0	0	0	0	0	0	
0	0	0	0	0	0	0	0	0	0	0	0	0	0	0	0	0	0	0	0	0	0	0	0	0	0	0	0	
0	0	0	0	0	0	0	0	0	0	0	0	0	0	0	0	0	0	0	0	0	0	0	0	0	0	0	0	
0	0	0	0	0	0	0	0	0	0	0	0	0	0	0	0	0	0	0	0	0	0	0	0	0	0	0	0	
