0	0	0	0	0	0	0	0	0	5	4	0	0	2	0	0	11	0	0	17	0	12	0	1	0	0	0	0	
0	0	0	0	0	0	0	0	5	2	0	0	6	0	10	1	1	15	5	10	0	0	0	3	0	0	0	0	
0	0	0	0	0	0	0	0	0	1	0	0	11	0	2	0	79	239	64	0	3	6	20	0	0	0	0	0	
0	0	0	0	0	0	0	0	0	11	0	0	5	0	0	47	235	255	88	14	0	4	0	0	0	0	0	0	
0	0	0	0	0	0	0	0	3	12	0	0	0	4	0	151	239	213	2	0	19	0	0	4	0	0	0	0	
0	0	0	0	0	0	0	0	3	0	0	11	4	0	5	200	255	91	14	0	0	23	5	0	0	0	0	0	
0	0	0	0	0	0	0	0	0	0	0	11	3	0	95	223	221	49	0	4	10	0	0	11	0	0	0	0	
0	0	0	0	0	0	0	0	4	3	6	0	0	32	225	255	126	0	6	3	0	2	9	0	0	0	0	0	
0	0	0	0	0	0	0	0	5	0	0	5	2	129	255	170	35	0	3	6	0	9	0	0	0	0	0	0	
0	0	0	0	0	0	0	0	0	8	9	0	29	255	228	93	18	0	13	0	0	0	1	11	0	0	0	0	
0	0	0	0	0	0	0	0	15	0	0	6	215	243	153	0	0	0	9	0	14	5	0	0	0	0	0	0	
0	0	0	0	0	0	0	0	0	5	0	77	246	233	59	0	9	3	2	0	0	0	1	0	0	0	0	0	
0	0	0	0	0	0	0	0	1	9	15	241	255	130	0	0	5	11	14	37	4	2	20	0	0	0	0	0	
0	0	0	0	0	0	0	0	6	0	213	252	143	36	0	28	157	227	255	244	101	0	0	0	0	0	0	0	
0	0	0	0	0	0	0	0	0	82	252	225	14	0	105	224	255	224	191	227	222	45	7	0	0	0	0	0	
0	0	0	0	0	0	0	0	5	224	253	136	11	191	245	255	140	31	0	130	255	46	0	7	0	0	0	0	
0	0	0	0	0	0	0	0	145	255	233	40	198	252	225	81	15	4	0	146	255	35	3	3	0	0	0	0	
0	0	0	0	0	0	0	0	146	255	189	125	255	236	80	0	5	0	6	174	243	59	3	0	0	0	0	0	
0	0	0	0	0	0	0	0	197	249	229	242	242	88	2	0	2	1	107	255	141	0	0	1	0	0	0	0	
0	0	0	0	0	0	0	0	166	255	254	255	168	0	0	20	0	60	203	255	74	0	12	0	0	0	0	0	
0	0	0	0	0	0	0	0	93	240	255	255	37	0	6	0	12	202	255	149	20	0	0	3	0	0	0	0	
0	0	0	0	0	0	0	0	0	206	245	250	173	125	92	119	218	255	164	7	0	4	0	0	0	0	0	0	
0	0	0	0	0	0	0	0	0	12	6	1	10	0	0	3	2	0	0	7	3	10	6	0	0	0	0	0	
0	0	0	0	0	0	0	0	0	0	0	8	0	6	4	0	0	9	0	7	0	4	0	3	0	0	0	0	
0	0	0	0	0	0	0	0	0	0	0	0	0	0	0	0	0	0	0	0	0	0	0	0	0	0	0	0	
0	0	0	0	0	0	0	0	0	0	0	0	0	0	0	0	0	0	0	0	0	0	0	0	0	0	0	0	
0	0	0	0	0	0	0	0	0	0	0	0	0	0	0	0	0	0	0	0	0	0	0	0	0	0	0	0	
0	0	0	0	0	0	0	0	0	0	0	0	0	0	0	0	0	0	0	0	0	0	0	0	0	0	0	0	
