0	0	0	0	0	0	0	0	1	3	0	0	1	9	0	0	0	1	3	0	0	0	11	0	0	0	0	0	
0	0	0	0	0	0	0	0	0	0	1	0	0	0	0	4	0	1	0	12	2	0	0	13	0	0	0	0	
0	0	0	0	0	0	0	0	0	9	3	0	14	0	19	0	3	1	9	0	7	0	1	0	0	0	0	0	
0	0	0	0	0	0	0	0	0	2	0	0	12	0	0	15	147	232	241	193	0	12	0	3	0	0	0	0	
0	0	0	0	0	0	0	0	5	0	0	5	0	15	0	141	249	244	255	194	2	0	6	0	0	0	0	0	
0	0	0	0	0	0	0	0	6	11	0	5	6	0	97	254	255	171	162	202	12	10	0	1	0	0	0	0	
0	0	0	0	0	0	0	0	0	1	0	0	15	25	218	253	217	33	0	2	0	0	7	5	0	0	0	0	
0	0	0	0	0	0	0	0	8	0	19	4	0	203	255	227	67	0	16	0	4	2	6	0	0	0	0	0	
0	0	0	0	0	0	0	0	0	1	3	0	90	247	249	139	0	0	0	0	0	0	0	0	0	0	0	0	
0	0	0	0	0	0	0	0	7	0	1	9	240	250	250	2	0	0	0	0	0	0	0	0	0	0	0	0	
0	0	0	0	0	0	0	0	2	0	0	105	241	255	142	0	0	0	0	0	0	0	0	0	0	0	0	0	
0	0	0	0	0	0	0	0	0	0	36	211	247	156	10	0	0	0	0	0	0	0	0	0	0	0	0	0	
0	0	0	0	0	0	0	0	1	9	66	249	255	55	0	0	0	0	0	0	0	0	0	0	0	0	0	0	
0	0	0	0	0	0	0	0	1	1	110	253	245	65	4	19	0	0	0	0	0	0	0	0	0	0	0	0	
0	0	0	0	0	0	0	0	0	0	213	250	223	41	0	0	0	0	0	0	0	0	0	0	0	0	0	0	
0	0	0	0	0	0	0	0	0	8	204	241	167	0	6	4	0	0	0	0	0	0	0	0	0	0	0	0	
0	0	0	0	0	0	0	0	12	0	195	255	100	0	11	33	20	113	84	0	0	4	0	5	0	0	0	0	
0	0	0	0	0	0	0	0	0	4	188	255	212	53	144	237	255	235	236	91	9	5	0	9	0	0	0	0	
0	0	0	0	0	0	0	0	0	8	201	254	226	240	253	255	255	255	255	198	0	0	7	0	0	0	0	0	
0	0	0	0	0	0	0	0	3	0	170	236	255	255	230	239	122	230	249	216	0	0	23	0	0	0	0	0	
0	0	0	0	0	0	0	0	0	2	72	248	240	255	255	157	187	250	255	115	5	1	0	2	0	0	0	0	
0	0	0	0	0	0	0	0	15	0	0	86	255	235	252	245	250	255	150	24	0	0	0	5	0	0	0	0	
0	0	0	0	0	0	0	0	0	1	3	0	49	157	197	238	137	151	13	8	1	0	4	7	0	0	0	0	
0	0	0	0	0	0	0	0	0	7	0	13	0	0	0	5	0	0	0	0	3	3	0	0	0	0	0	0	
0	0	0	0	0	0	0	0	0	0	0	0	0	0	0	0	0	0	0	0	0	0	0	0	0	0	0	0	
0	0	0	0	0	0	0	0	0	0	0	0	0	0	0	0	0	0	0	0	0	0	0	0	0	0	0	0	
0	0	0	0	0	0	0	0	0	0	0	0	0	0	0	0	0	0	0	0	0	0	0	0	0	0	0	0	
0	0	0	0	0	0	0	0	0	0	0	0	0	0	0	0	0	0	0	0	0	0	0	0	0	0	0	0	
