0	0	0	0	0	0	0	0	0	0	1	0	4	10	0	0	0	0	0	0	0	0	0	0	0	0	0	0	
0	0	0	0	0	0	0	0	3	4	2	20	4	0	7	0	0	0	0	0	0	0	0	0	0	0	0	0	
0	0	0	0	0	0	0	0	5	0	5	0	7	81	243	152	0	0	0	0	0	0	0	0	0	0	0	0	
0	0	0	0	0	0	0	0	0	6	11	18	11	214	220	36	0	0	0	0	0	0	0	0	0	0	0	0	
0	0	0	0	0	0	0	0	4	0	0	2	83	255	112	0	0	0	0	0	0	0	0	0	0	0	0	0	
0	0	0	0	0	0	0	0	0	3	16	0	227	249	38	7	0	0	0	0	0	0	0	0	0	0	0	0	
0	0	0	0	0	0	0	0	0	18	0	12	231	182	0	6	0	0	0	0	0	0	0	0	0	0	0	0	
0	0	0	0	0	0	0	0	5	0	0	61	254	97	15	0	0	0	0	0	0	0	0	0	0	0	0	0	
0	0	0	0	0	0	0	0	5	1	0	145	255	66	7	0	4	2	0	6	10	0	5	1	0	0	0	0	
0	0	0	0	0	0	0	0	0	0	0	198	245	44	4	0	1	10	0	3	0	0	7	5	0	0	0	0	
0	0	0	0	0	0	0	0	5	9	12	244	190	8	0	0	0	2	0	3	7	4	4	0	0	0	0	0	
0	0	0	0	0	0	0	0	0	2	43	244	99	0	0	0	9	5	0	0	0	1	7	3	0	0	0	0	
0	0	0	0	0	0	0	0	0	8	131	251	48	6	2	3	0	0	5	7	3	0	0	6	0	0	0	0	
0	0	0	0	0	0	0	0	0	26	229	250	21	1	0	0	8	1	6	1	4	10	0	0	0	0	0	0	
0	0	0	0	0	0	0	0	0	20	255	209	0	0	33	84	144	124	85	10	0	4	6	9	0	0	0	0	
0	0	0	0	0	0	0	0	7	14	255	186	10	15	150	255	249	255	246	112	8	0	0	1	0	0	0	0	
0	0	0	0	0	0	0	0	4	32	241	205	18	224	236	145	83	75	142	255	24	8	0	6	0	0	0	0	
0	0	0	0	0	0	0	0	0	0	210	249	135	253	122	0	6	0	166	255	13	0	14	5	0	0	0	0	
0	0	0	0	0	0	0	0	1	23	159	254	67	100	0	3	0	98	255	182	12	0	0	0	0	0	0	0	
0	0	0	0	0	0	0	0	1	0	82	255	197	27	0	30	100	232	240	40	0	5	0	0	0	0	0	0	
0	0	0	0	0	0	0	0	0	6	0	186	233	228	232	236	255	241	130	2	0	0	4	0	0	0	0	0	
0	0	0	0	0	0	0	0	3	0	0	2	163	254	255	177	115	67	0	0	1	0	11	2	0	0	0	0	
0	0	0	0	0	0	0	0	0	1	2	0	0	3	0	1	0	11	0	0	12	0	0	0	0	0	0	0	
0	0	0	0	0	0	0	0	0	7	0	4	2	0	5	0	3	0	4	0	0	0	0	7	0	0	0	0	
0	0	0	0	0	0	0	0	0	0	0	0	0	0	0	0	0	0	0	0	0	0	0	0	0	0	0	0	
0	0	0	0	0	0	0	0	0	0	0	0	0	0	0	0	0	0	0	0	0	0	0	0	0	0	0	0	
0	0	0	0	0	0	0	0	0	0	0	0	0	0	0	0	0	0	0	0	0	0	0	0	0	0	0	0	
0	0	0	0	0	0	0	0	0	0	0	0	0	0	0	0	0	0	0	0	0	0	0	0	0	0	0	0	
