0	0	0	0	0	0	0	0	0	15	0	7	0	3	0	12	0	0	0	0	0	0	0	0	0	0	0	0	
0	0	0	0	0	0	0	0	3	0	0	0	15	13	0	0	0	0	0	0	0	0	0	0	0	0	0	0	
0	0	0	0	0	0	0	0	4	15	0	21	157	238	91	5	0	0	0	0	0	0	0	0	0	0	0	0	
0	0	0	0	0	0	0	0	0	9	0	0	223	255	110	0	0	0	0	0	0	0	0	0	0	0	0	0	
0	0	0	0	0	0	0	0	0	5	5	170	251	255	65	0	0	0	0	0	0	0	0	0	0	0	0	0	
0	0	0	0	0	0	0	0	7	0	0	253	82	178	12	4	0	0	0	0	0	0	0	0	0	0	0	0	
0	0	0	0	0	0	0	0	0	17	199	224	25	57	14	0	0	0	0	0	0	0	0	0	0	0	0	0	
0	0	0	0	0	0	0	0	3	14	255	97	0	0	8	0	0	0	0	0	0	0	0	0	0	0	0	0	
0	1	0	3	4	0	1	0	0	176	233	8	0	8	0	5	0	0	4	5	0	11	0	5	0	0	0	0	
0	2	0	1	3	0	0	0	53	240	86	4	8	0	0	0	9	0	0	0	0	0	0	1	0	0	0	0	
0	4	1	0	2	1	0	0	80	239	31	0	0	10	18	0	2	0	0	2	11	0	8	0	0	0	0	0	
0	4	4	0	1	2	0	12	110	112	5	12	2	0	0	0	0	0	1	13	0	0	1	0	0	0	0	0	
0	3	6	0	1	2	0	35	141	53	0	0	9	0	0	18	8	2	0	5	0	20	8	6	0	0	0	0	
0	0	7	0	2	1	0	66	38	0	8	0	0	13	0	45	165	207	196	174	76	52	0	1	0	0	0	0	
1	0	6	0	4	0	2	96	68	0	13	0	0	11	83	220	250	255	245	251	254	242	64	0	0	0	0	0	
2	0	5	0	5	0	5	114	20	11	0	2	8	0	217	200	52	71	113	150	236	255	76	6	0	0	0	0	
0	0	9	0	5	0	0	91	100	2	9	0	0	149	240	35	0	0	18	0	34	255	145	3	0	0	0	0	
1	0	8	0	1	0	6	98	102	0	0	20	0	160	158	0	4	0	1	3	101	255	174	0	0	0	0	0	
1	0	7	0	1	0	4	82	199	53	0	0	107	80	0	3	0	14	0	108	252	165	9	4	0	0	0	0	
0	0	6	0	6	0	0	40	226	240	168	78	239	120	32	55	158	101	117	220	108	22	4	7	0	0	0	0	
0	0	1	0	9	1	0	8	99	255	239	255	253	255	248	207	221	119	37	39	0	4	0	0	0	0	0	0	
3	2	0	0	4	4	0	2	0	78	158	178	194	78	150	35	79	13	4	0	9	0	0	22	0	0	0	0	
1	4	0	0	0	1	4	2	0	27	0	5	0	0	12	0	0	0	7	0	9	3	0	0	0	0	0	0	
0	4	1	0	0	0	3	0	1	0	8	0	3	14	0	12	3	7	0	7	0	0	2	6	0	0	0	0	
0	0	0	0	0	0	0	0	0	0	0	0	0	0	0	0	0	0	0	0	0	0	0	0	0	0	0	0	
0	0	0	0	0	0	0	0	0	0	0	0	0	0	0	0	0	0	0	0	0	0	0	0	0	0	0	0	
0	0	0	0	0	0	0	0	0	0	0	0	0	0	0	0	0	0	0	0	0	0	0	0	0	0	0	0	
0	0	0	0	0	0	0	0	0	0	0	0	0	0	0	0	0	0	0	0	0	0	0	0	0	0	0	0	
