0	0	0	0	0	0	0	0	0	9	0	0	0	14	0	0	0	0	0	0	0	0	0	0	0	0	0	0	
0	0	0	0	0	0	0	0	0	5	6	16	8	0	5	7	0	0	0	0	0	0	0	0	0	0	0	0	
0	0	0	0	0	0	0	0	15	0	7	142	148	17	0	0	0	0	0	0	0	0	0	0	0	0	0	0	
0	0	0	0	0	0	0	0	0	0	30	255	252	38	0	11	0	0	0	0	0	0	0	0	0	0	0	0	
0	0	0	0	0	0	0	0	8	2	0	193	255	64	3	0	0	0	0	0	0	0	0	0	0	0	0	0	
0	0	0	0	0	0	0	0	0	0	8	178	255	15	0	10	0	0	0	0	0	0	0	0	0	0	0	0	
0	0	0	0	0	0	0	0	11	0	8	217	243	18	0	0	0	0	0	0	0	0	0	0	0	0	0	0	
0	0	0	0	0	0	0	0	0	6	25	240	158	9	0	6	0	0	0	0	0	0	0	0	0	0	0	0	
0	0	0	0	0	0	0	0	0	4	113	254	77	0	16	0	6	4	14	141	158	28	10	0	0	0	0	0	
0	0	0	0	0	0	0	0	13	0	190	255	27	16	0	4	0	95	226	254	255	225	20	9	0	0	0	0	
0	0	0	0	0	0	0	0	0	15	255	211	17	0	0	5	144	255	241	162	44	246	137	11	0	0	0	0	
0	0	0	0	0	0	0	0	12	103	230	85	16	2	0	51	241	219	126	22	0	128	255	0	0	0	0	0	
0	0	0	0	0	0	0	0	0	154	255	59	0	0	28	201	242	64	11	0	15	71	255	42	0	0	0	0	
0	0	0	0	0	0	0	0	0	169	234	34	6	0	159	247	111	0	0	27	0	118	236	11	0	0	0	0	
0	0	0	0	0	0	0	0	13	220	199	0	0	19	255	195	15	0	9	0	0	173	227	2	0	0	0	0	
0	0	0	0	0	0	0	0	19	249	156	7	0	199	240	41	0	11	0	8	46	233	65	5	0	0	0	0	
0	0	0	0	0	0	0	0	70	255	117	0	27	242	179	0	2	0	0	24	192	196	0	1	0	0	0	0	
0	0	0	0	0	0	0	0	152	246	88	2	140	248	45	0	0	7	15	200	250	64	0	2	0	0	0	0	
0	0	0	0	0	0	0	0	130	255	78	0	202	232	1	9	0	128	228	221	70	0	24	0	0	0	0	0	
0	0	0	0	0	0	0	0	136	243	162	19	201	255	47	63	203	243	195	29	0	18	0	4	0	0	0	0	
0	0	0	0	0	0	0	0	2	183	238	212	252	249	249	255	202	100	15	0	7	5	0	3	0	0	0	0	
0	0	0	0	0	0	0	0	1	21	133	200	252	251	166	72	0	5	4	0	3	0	0	11	0	0	0	0	
0	0	0	0	0	0	0	0	0	0	1	5	0	0	24	0	20	0	13	1	0	12	18	0	0	0	0	0	
0	0	0	0	0	0	0	0	9	0	0	0	9	10	0	4	0	1	0	10	13	0	0	7	0	0	0	0	
0	0	0	0	0	0	0	0	0	0	0	0	0	0	0	0	0	0	0	0	0	0	0	0	0	0	0	0	
0	0	0	0	0	0	0	0	0	0	0	0	0	0	0	0	0	0	0	0	0	0	0	0	0	0	0	0	
0	0	0	0	0	0	0	0	0	0	0	0	0	0	0	0	0	0	0	0	0	0	0	0	0	0	0	0	
0	0	0	0	0	0	0	0	0	0	0	0	0	0	0	0	0	0	0	0	0	0	0	0	0	0	0	0	
