0	0	0	0	0	0	0	0	5	0	3	1	0	5	0	9	0	0	0	0	0	0	0	0	0	0	0	0	
0	0	0	0	0	0	0	0	0	5	0	0	19	13	0	0	0	0	0	0	0	0	0	0	0	0	0	0	
0	0	0	0	0	0	0	0	6	0	24	0	0	0	8	11	0	0	0	0	0	0	0	0	0	0	0	0	
0	0	0	0	0	0	0	0	3	5	0	15	0	5	71	160	0	0	0	0	0	0	0	0	0	0	0	0	
0	0	0	0	0	0	0	0	2	0	16	0	15	47	239	101	0	0	0	0	0	0	0	0	0	0	0	0	
0	0	0	0	0	0	0	0	0	1	8	1	6	205	183	0	0	0	0	0	0	0	0	0	0	0	0	0	
0	0	0	0	0	0	0	0	0	0	0	13	194	212	9	19	0	0	0	0	0	0	0	0	0	0	0	0	
0	0	0	0	0	0	0	0	0	7	6	57	255	88	0	0	0	0	0	0	0	0	0	0	0	0	0	0	
0	0	0	0	0	0	0	0	5	0	0	157	200	8	0	1	6	0	0	8	5	0	15	0	0	0	0	0	
0	0	0	0	0	0	0	0	0	6	0	254	181	0	3	0	0	24	1	0	14	0	0	10	0	0	0	0	
0	0	0	0	0	0	0	0	2	0	94	255	120	0	9	0	141	214	146	11	0	15	0	0	0	0	0	0	
0	0	0	0	0	0	0	0	8	0	191	251	67	3	1	1	148	144	159	95	6	0	0	0	0	0	0	0	
0	0	0	0	0	0	0	0	0	15	197	255	47	2	0	6	12	0	110	106	4	0	2	5	0	0	0	0	
0	0	0	0	0	0	0	0	0	2	199	202	15	10	0	8	0	11	151	78	0	7	4	0	0	0	0	0	
0	0	0	0	0	0	0	0	4	0	176	151	0	12	0	1	0	0	166	91	11	0	0	5	0	0	0	0	
0	0	0	0	0	0	0	0	8	6	93	208	0	0	11	0	3	3	198	85	0	4	11	0	0	0	0	0	
0	0	0	0	0	0	0	0	0	0	110	192	0	17	0	7	0	44	252	0	0	3	0	2	0	0	0	0	
0	0	0	0	0	0	0	0	1	12	94	229	0	0	2	0	32	216	172	6	2	0	3	6	0	0	0	0	
0	0	0	0	0	0	0	0	14	0	112	211	19	6	0	9	77	255	51	0	3	0	2	0	0	0	0	0	
0	0	0	0	0	0	0	0	0	9	113	224	47	10	1	12	189	166	3	0	10	0	12	0	0	0	0	0	
0	0	0	0	0	0	0	0	0	0	94	255	77	0	0	184	247	64	8	0	0	0	4	3	0	0	0	0	
0	0	0	0	0	0	0	0	1	8	0	224	252	105	187	252	133	4	0	0	0	0	0	0	0	0	0	0	
0	0	0	0	0	0	0	0	1	0	0	81	255	251	242	88	15	0	1	7	7	9	5	0	0	0	0	0	
0	0	0	0	0	0	0	0	2	0	0	9	0	0	9	1	0	0	8	0	0	0	11	0	0	0	0	0	
0	0	0	0	0	0	0	0	0	0	0	0	0	0	0	0	0	0	0	0	0	0	0	0	0	0	0	0	
0	0	0	0	0	0	0	0	0	0	0	0	0	0	0	0	0	0	0	0	0	0	0	0	0	0	0	0	
0	0	0	0	0	0	0	0	0	0	0	0	0	0	0	0	0	0	0	0	0	0	0	0	0	0	0	0	
0	0	0	0	0	0	0	0	0	0	0	0	0	0	0	0	0	0	0	0	0	0	0	0	0	0	0	0	
