0	0	0	0	0	0	0	0	0	1	0	1	8	0	0	2	7	2	0	9	2	0	8	0	0	0	0	0	
0	0	0	0	0	0	0	0	0	7	7	0	0	0	6	3	0	6	3	0	1	0	7	0	0	0	0	0	
0	0	0	0	0	0	0	0	0	0	4	2	0	5	2	0	8	14	0	0	0	3	0	11	0	0	0	0	
0	0	0	0	0	0	0	0	5	0	0	2	0	2	1	0	0	0	157	255	62	14	3	0	0	0	0	0	
0	0	0	0	0	0	0	0	0	0	8	0	0	0	1	16	15	52	235	251	91	0	5	0	0	0	0	0	
0	0	0	0	0	0	0	0	0	0	11	0	0	13	0	0	65	192	255	234	0	2	0	6	0	0	0	0	
0	0	0	0	0	0	0	0	3	0	3	0	13	11	0	38	183	255	205	29	22	0	2	0	0	0	0	0	
0	0	0	0	0	0	0	0	8	0	3	0	2	0	16	178	248	253	94	0	0	11	0	2	0	0	0	0	
0	0	0	0	0	0	0	0	2	0	0	2	0	1	11	244	255	124	4	0	8	0	0	3	0	0	0	0	
0	0	0	0	0	0	0	0	0	10	3	0	0	73	217	255	157	15	0	4	0	17	0	0	0	0	0	0	
0	0	0	0	0	0	0	0	3	0	0	13	11	199	246	230	68	0	6	8	0	1	0	10	0	0	0	0	
0	0	0	0	0	0	0	0	11	0	8	8	71	229	255	43	0	5	0	6	11	0	0	6	0	0	0	0	
0	0	0	0	0	0	0	0	0	9	0	0	199	255	170	0	3	20	0	0	14	0	2	0	0	0	0	0	
0	0	0	0	0	0	0	0	20	0	5	90	255	246	58	11	0	0	5	3	0	2	8	4	0	0	0	0	
0	0	0	0	0	0	0	0	0	15	0	88	255	90	0	1	11	0	10	10	0	5	6	0	0	0	0	0	
0	0	0	0	0	0	0	0	13	1	0	190	248	106	51	200	199	162	21	0	10	0	8	0	0	0	0	0	
0	0	0	0	0	0	0	0	0	16	6	229	246	212	255	247	255	231	95	12	0	5	9	0	0	0	0	0	
0	0	0	0	0	0	0	0	0	3	112	255	255	252	233	255	253	255	68	0	3	11	0	0	0	0	0	0	
0	0	0	0	0	0	0	0	3	10	255	234	245	175	142	7	87	249	73	2	0	0	0	11	0	0	0	0	
0	0	0	0	0	0	0	0	15	157	249	255	204	28	0	39	200	255	89	9	4	0	0	0	0	0	0	0	
0	0	0	0	0	0	0	0	12	196	194	255	230	78	96	215	255	148	8	0	5	0	5	2	0	0	0	0	
0	0	0	0	0	0	0	0	5	13	0	200	255	254	241	255	193	41	7	12	5	0	0	0	0	0	0	0	
0	0	0	0	0	0	0	0	0	0	9	36	219	251	251	199	76	0	0	0	0	10	9	0	0	0	0	0	
0	0	0	0	0	0	0	0	3	0	0	13	0	7	0	0	3	0	3	14	0	1	0	11	0	0	0	0	
0	0	0	0	0	0	0	0	0	0	0	0	0	0	0	0	0	0	0	0	0	0	0	0	0	0	0	0	
0	0	0	0	0	0	0	0	0	0	0	0	0	0	0	0	0	0	0	0	0	0	0	0	0	0	0	0	
0	0	0	0	0	0	0	0	0	0	0	0	0	0	0	0	0	0	0	0	0	0	0	0	0	0	0	0	
0	0	0	0	0	0	0	0	0	0	0	0	0	0	0	0	0	0	0	0	0	0	0	0	0	0	0	0	
