0	0	0	0	0	0	0	0	0	0	8	5	0	0	6	0	0	4	0	0	0	2	0	0	0	0	0	0	
0	0	0	0	0	0	0	0	0	0	6	0	0	1	0	0	20	0	0	9	8	0	0	0	0	0	0	0	
0	0	0	0	0	0	0	0	0	6	2	0	0	3	0	33	212	43	13	0	0	0	1	3	0	0	0	0	
0	0	0	0	0	0	0	0	0	7	0	0	5	1	0	93	255	30	0	0	4	4	0	0	0	0	0	0	
0	0	0	0	0	0	0	0	0	3	0	4	8	0	0	158	246	0	0	0	3	0	0	3	0	0	0	0	
0	0	0	0	0	0	0	0	2	0	0	8	2	0	9	208	240	21	4	0	0	0	0	6	0	0	0	0	
0	0	0	0	0	0	0	0	1	0	0	5	0	2	33	243	152	3	0	0	1	12	0	0	0	0	0	0	
0	0	0	0	0	0	0	0	0	1	0	2	0	19	57	255	79	0	2	4	0	0	0	9	0	0	0	0	
0	0	0	0	0	0	0	0	10	0	0	6	4	0	185	232	6	2	4	0	1	0	0	15	0	0	0	0	
0	0	0	0	0	0	0	0	0	6	10	0	5	40	241	98	9	0	4	3	4	13	0	0	0	0	0	0	
0	0	0	0	0	0	0	0	0	15	0	18	0	192	255	23	0	0	5	0	0	0	0	12	0	0	0	0	
0	0	0	0	0	0	0	0	12	0	1	0	56	250	168	2	8	0	4	15	9	1	0	0	0	0	0	0	
0	0	0	0	0	0	0	0	0	0	11	0	175	235	55	9	0	4	65	115	100	38	0	5	0	0	0	0	
0	0	0	0	0	0	0	0	0	3	0	51	255	174	0	0	15	217	186	90	188	161	2	0	0	0	0	0	
0	0	0	0	0	0	0	0	12	0	11	109	255	42	11	42	238	131	29	0	15	28	3	0	0	0	0	0	
0	0	0	0	0	0	0	0	0	2	27	228	166	7	71	227	104	8	0	7	0	0	0	0	0	0	0	0	
0	0	0	0	0	0	0	0	0	0	101	255	57	47	245	110	4	4	6	53	9	0	3	0	0	0	0	0	
0	0	0	0	0	0	0	0	0	13	190	164	20	213	173	6	7	53	171	43	0	0	11	0	0	0	0	0	
0	0	0	0	0	0	0	0	3	0	191	200	150	247	15	26	125	224	28	0	2	10	0	6	0	0	0	0	
0	0	0	0	0	0	0	0	0	0	123	245	237	255	192	255	176	14	23	0	0	0	10	0	0	0	0	0	
0	0	0	0	0	0	0	0	1	18	6	145	255	242	145	91	14	0	0	26	0	0	5	0	0	0	0	0	
0	0	0	0	0	0	0	0	0	0	0	15	118	235	173	0	0	10	0	0	0	0	0	0	0	0	0	0	
0	0	0	0	0	0	0	0	0	2	9	0	0	17	0	0	0	0	14	0	2	0	0	9	0	0	0	0	
0	0	0	0	0	0	0	0	3	7	0	17	0	1	10	3	4	7	0	0	4	3	0	0	0	0	0	0	
0	0	0	0	0	0	0	0	0	0	0	0	0	0	0	0	0	0	0	0	0	0	0	0	0	0	0	0	
0	0	0	0	0	0	0	0	0	0	0	0	0	0	0	0	0	0	0	0	0	0	0	0	0	0	0	0	
0	0	0	0	0	0	0	0	0	0	0	0	0	0	0	0	0	0	0	0	0	0	0	0	0	0	0	0	
0	0	0	0	0	0	0	0	0	0	0	0	0	0	0	0	0	0	0	0	0	0	0	0	0	0	0	0	
