0	0	0	0	0	0	0	0	3	0	0	0	4	0	8	0	0	0	0	0	0	0	0	0	0	0	0	0	
0	0	0	0	0	0	0	0	0	8	0	2	0	0	0	2	0	0	0	0	0	0	0	0	0	0	0	0	
0	0	0	0	0	0	0	0	2	0	37	255	255	139	0	7	0	0	0	0	0	0	0	0	0	0	0	0	
0	0	0	0	0	0	0	0	0	15	22	244	250	236	20	0	0	0	0	0	0	0	0	0	0	0	0	0	
0	0	0	0	0	0	0	0	4	3	2	255	255	236	0	2	0	0	0	0	0	0	0	0	0	0	0	0	
0	0	0	0	0	0	0	0	0	6	34	255	248	235	6	0	0	0	0	0	0	0	0	0	0	0	0	0	
0	0	0	0	0	0	0	0	1	5	92	253	252	189	18	0	0	0	0	0	0	0	0	0	0	0	0	0	
0	0	0	0	0	0	0	0	0	0	149	255	250	106	0	10	0	0	0	0	0	0	0	0	0	0	0	0	
0	0	0	0	0	0	0	0	4	37	232	250	255	38	1	0	7	0	9	0	0	8	0	2	0	0	0	0	
0	0	0	0	0	0	0	0	0	62	255	255	255	42	12	0	0	15	0	0	13	0	26	0	0	0	0	0	
0	0	0	0	0	0	0	0	15	79	241	246	247	38	4	0	9	0	0	7	0	5	0	0	0	0	0	0	
0	0	0	0	0	0	0	0	0	149	255	254	255	232	232	187	150	196	161	100	32	0	9	5	0	0	0	0	
0	0	0	0	0	0	0	0	0	162	234	249	255	242	255	255	252	255	252	246	248	75	0	5	0	0	0	0	
0	0	0	0	0	0	0	0	9	227	255	246	246	255	255	232	255	246	255	255	241	253	128	0	0	0	0	0	
0	0	0	0	0	0	0	0	85	242	252	255	246	138	114	116	166	211	193	255	252	255	247	0	0	0	0	0	
0	0	0	0	0	0	0	0	94	247	255	252	203	14	0	6	0	16	15	48	255	241	255	3	0	0	0	0	
0	0	0	0	0	0	0	0	93	241	255	242	131	16	0	0	8	0	2	9	255	255	235	5	0	0	0	0	
0	0	0	0	0	0	0	0	77	255	236	255	237	11	0	12	0	11	148	185	249	252	106	0	0	0	0	0	
0	0	0	0	0	0	0	0	4	132	251	255	238	205	49	52	150	218	248	255	229	148	4	0	0	0	0	0	
0	0	0	0	0	0	0	0	0	15	196	255	255	249	253	255	255	255	251	254	255	9	0	1	0	0	0	0	
0	0	0	0	0	0	0	0	0	21	38	213	255	243	251	255	252	252	235	176	15	7	5	4	0	0	0	0	
0	0	0	0	0	0	0	0	0	0	0	23	166	246	255	252	254	118	69	12	0	0	1	0	0	0	0	0	
0	0	0	0	0	0	0	0	0	11	0	8	0	0	4	0	0	11	0	0	0	1	0	3	0	0	0	0	
0	0	0	0	0	0	0	0	0	0	6	3	0	0	2	0	2	0	0	9	0	9	5	0	0	0	0	0	
0	0	0	0	0	0	0	0	0	0	0	0	0	0	0	0	0	0	0	0	0	0	0	0	0	0	0	0	
0	0	0	0	0	0	0	0	0	0	0	0	0	0	0	0	0	0	0	0	0	0	0	0	0	0	0	0	
0	0	0	0	0	0	0	0	0	0	0	0	0	0	0	0	0	0	0	0	0	0	0	0	0	0	0	0	
0	0	0	0	0	0	0	0	0	0	0	0	0	0	0	0	0	0	0	0	0	0	0	0	0	0	0	0	
