0	0	0	0	0	0	0	0	12	0	0	10	0	1	11	0	0	0	0	0	2	3	2	1	0	0	0	0	
0	0	0	0	0	0	0	0	0	8	0	9	0	25	0	3	13	7	1	0	3	4	2	0	0	0	0	0	
0	0	0	0	0	0	0	0	0	0	8	5	15	95	176	247	21	10	0	0	1	5	2	0	0	0	0	0	
0	0	0	0	0	0	0	0	1	8	0	0	172	235	255	255	11	4	0	0	0	2	1	0	0	0	0	0	
0	0	0	0	0	0	0	0	6	0	0	106	254	249	190	33	0	0	0	0	0	0	0	2	0	0	0	0	
0	0	0	0	0	0	0	0	0	26	31	255	237	165	17	6	0	1	5	4	0	0	0	1	0	0	0	0	
0	0	0	0	0	0	0	0	15	0	180	255	225	17	0	0	0	1	3	4	2	0	0	0	0	0	0	0	
0	0	0	0	0	0	0	0	0	64	255	248	106	11	0	13	0	0	0	0	2	3	2	0	0	0	0	0	
0	0	0	0	0	0	0	0	0	71	243	246	35	2	0	15	7	0	0	3	0	0	0	4	0	0	0	0	
0	0	0	0	0	0	0	0	6	149	255	201	6	7	5	0	0	0	0	0	2	15	11	0	0	0	0	0	
0	0	0	0	0	0	0	0	8	175	248	144	0	0	7	0	9	2	0	3	1	0	0	6	0	0	0	0	
0	0	0	0	0	0	0	0	0	164	250	103	23	0	4	4	0	4	13	0	0	0	3	0	0	0	0	0	
0	0	0	0	0	0	0	0	4	182	255	1	0	8	43	33	29	3	0	4	11	2	0	5	0	0	0	0	
0	0	0	0	0	0	0	0	1	164	252	28	78	184	254	255	199	121	37	0	0	0	0	1	0	0	0	0	
0	0	0	0	0	0	0	0	1	157	255	179	220	255	254	229	255	255	182	62	1	12	12	0	0	0	0	0	
0	0	0	0	0	0	0	0	4	164	255	250	252	243	166	93	195	225	255	230	118	3	0	17	0	0	0	0	
0	0	0	0	0	0	0	0	0	124	255	238	255	148	3	0	2	26	192	255	230	11	2	0	0	0	0	0	
0	0	0	0	0	0	0	0	3	68	249	255	246	237	218	179	154	157	184	240	255	116	22	5	0	0	0	0	
0	0	0	0	0	0	0	0	0	58	237	255	255	253	251	243	246	240	255	255	233	250	183	0	0	0	0	0	
0	0	0	0	0	0	0	0	4	14	158	235	255	253	255	255	255	255	247	255	237	128	15	0	0	0	0	0	
0	0	0	0	0	0	0	0	7	0	11	83	236	255	229	255	255	246	250	186	68	0	0	2	0	0	0	0	
0	0	0	0	0	0	0	0	6	0	9	15	37	126	221	255	181	84	37	5	7	0	5	1	0	0	0	0	
0	0	0	0	0	0	0	0	1	8	5	0	0	13	0	0	4	0	2	0	5	0	0	11	0	0	0	0	
0	0	0	0	0	0	0	0	0	4	1	0	2	7	0	5	5	0	9	0	0	14	6	0	0	0	0	0	
0	0	0	0	0	0	0	0	0	0	0	0	0	0	0	0	0	0	0	0	0	0	0	0	0	0	0	0	
0	0	0	0	0	0	0	0	0	0	0	0	0	0	0	0	0	0	0	0	0	0	0	0	0	0	0	0	
0	0	0	0	0	0	0	0	0	0	0	0	0	0	0	0	0	0	0	0	0	0	0	0	0	0	0	0	
0	0	0	0	0	0	0	0	0	0	0	0	0	0	0	0	0	0	0	0	0	0	0	0	0	0	0	0	
