0	0	0	0	0	0	0	0	0	6	8	0	13	0	2	0	0	0	0	0	0	0	0	0	0	0	0	0	
0	0	0	0	0	0	0	0	6	0	6	5	0	8	12	0	0	0	0	0	0	0	0	0	0	0	0	0	
0	0	0	0	0	0	0	0	0	0	1	5	0	118	162	19	0	0	0	0	0	0	0	0	0	0	0	0	
0	0	0	0	0	0	0	0	0	11	0	0	1	155	233	0	0	0	0	0	0	0	0	0	0	0	0	0	
0	0	0	0	0	0	0	0	4	0	0	3	0	151	165	0	0	0	0	0	0	0	0	0	0	0	0	0	
0	0	0	0	0	0	0	0	0	0	0	14	43	234	103	14	0	0	0	0	0	0	0	0	0	0	0	0	
0	0	0	0	0	0	0	0	2	3	0	16	144	255	59	0	0	0	0	0	0	0	0	0	0	0	0	0	
0	0	0	0	0	0	0	0	0	10	0	38	252	228	44	0	0	0	0	0	0	0	0	0	0	0	0	0	
0	0	0	0	0	0	0	0	2	4	0	176	255	120	0	7	0	11	0	0	3	14	0	3	0	0	0	0	
0	0	0	0	0	0	0	0	0	0	54	234	249	57	0	0	3	0	0	18	0	9	0	0	0	0	0	0	
0	0	0	0	0	0	0	0	0	0	144	255	149	0	33	0	5	0	15	0	8	5	5	1	0	0	0	0	
0	0	0	0	0	0	0	0	0	43	209	255	97	0	5	0	83	91	93	10	0	0	1	3	0	0	0	0	
0	0	0	0	0	0	0	0	0	76	255	229	11	78	197	255	255	255	246	236	44	9	4	0	0	0	0	0	
0	0	0	0	0	0	0	0	21	189	232	82	22	228	240	233	221	200	158	248	79	0	0	10	0	0	0	0	
0	0	0	0	0	0	0	0	0	231	255	91	56	249	182	20	0	2	13	224	165	13	0	0	0	0	0	0	
0	0	0	0	0	0	0	0	2	249	223	20	0	126	102	2	7	0	0	242	105	0	9	3	0	0	0	0	
0	0	0	0	0	0	0	0	5	225	236	14	0	5	12	1	8	0	36	249	49	0	5	0	0	0	0	0	
0	0	0	0	0	0	0	0	0	255	243	51	0	0	0	0	0	1	138	229	54	10	0	16	0	0	0	0	
0	0	0	0	0	0	0	0	2	232	240	116	15	9	0	0	0	59	255	175	0	9	12	0	0	0	0	0	
0	0	0	0	0	0	0	0	3	120	255	236	90	56	0	10	85	226	239	39	0	0	0	0	0	0	0	0	
0	0	0	0	0	0	0	0	0	11	162	248	246	255	217	211	240	251	129	0	17	10	0	13	0	0	0	0	
0	0	0	0	0	0	0	0	6	0	7	95	214	248	255	235	150	50	15	0	0	0	0	0	0	0	0	0	
0	0	0	0	0	0	0	0	0	16	0	0	21	0	4	0	0	0	4	0	7	16	0	14	0	0	0	0	
0	0	0	0	0	0	0	0	4	0	3	7	0	0	6	4	0	0	3	3	0	0	9	0	0	0	0	0	
0	0	0	0	0	0	0	0	0	0	0	0	0	0	0	0	0	0	0	0	0	0	0	0	0	0	0	0	
0	0	0	0	0	0	0	0	0	0	0	0	0	0	0	0	0	0	0	0	0	0	0	0	0	0	0	0	
0	0	0	0	0	0	0	0	0	0	0	0	0	0	0	0	0	0	0	0	0	0	0	0	0	0	0	0	
0	0	0	0	0	0	0	0	0	0	0	0	0	0	0	0	0	0	0	0	0	0	0	0	0	0	0	0	
