0	0	0	0	0	0	0	0	0	4	3	0	0	6	0	8	3	0	0	5	0	6	5	0	0	0	0	0	
0	0	0	0	0	0	0	0	4	0	0	11	9	0	1	0	7	0	22	1	8	2	0	0	0	0	0	0	
0	0	0	0	0	0	0	0	2	0	0	6	0	5	0	0	0	15	0	1	0	0	0	9	0	0	0	0	
0	0	0	0	0	0	0	0	14	0	18	0	4	10	5	255	255	234	60	3	0	5	10	0	0	0	0	0	
0	0	0	0	0	0	0	0	0	0	19	0	1	23	243	255	245	234	204	7	2	0	0	7	0	0	0	0	
0	0	0	0	0	0	0	0	9	13	0	1	86	237	245	250	255	246	187	7	0	9	0	0	0	0	0	0	
0	0	0	0	0	0	0	0	0	0	19	27	173	249	255	141	30	89	22	6	0	1	5	3	0	0	0	0	
0	0	0	0	0	0	0	0	9	0	7	225	255	245	144	0	0	12	0	1	6	12	0	0	0	0	0	0	
0	2	5	0	0	1	1	0	0	0	179	237	255	127	10	3	0	7	0	0	1	0	9	0	0	0	0	0	
1	5	4	0	0	1	1	0	0	37	241	255	179	0	0	1	0	13	3	0	4	0	0	4	0	0	0	0	
4	4	1	0	0	2	3	0	14	117	234	206	50	0	14	4	7	0	0	0	8	7	0	2	0	0	0	0	
0	0	0	0	1	4	3	1	7	202	255	140	0	0	2	0	0	0	5	6	0	0	0	21	0	0	0	0	
0	0	0	1	2	1	0	0	111	255	255	28	12	5	1	9	2	0	4	0	0	11	5	0	0	0	0	0	
0	0	2	4	1	0	0	0	173	255	196	24	167	251	246	255	250	255	133	11	13	1	0	8	0	0	0	0	
1	1	3	4	0	0	2	12	177	248	212	158	238	255	246	252	246	250	255	216	54	0	31	0	0	0	0	0	
0	0	1	2	0	0	11	27	251	243	251	249	247	103	96	97	172	250	241	255	213	39	0	7	0	0	0	0	
0	0	2	5	0	0	10	34	255	255	238	240	127	0	4	0	19	91	225	255	254	74	0	4	0	0	0	0	
0	0	1	4	0	0	7	26	226	255	255	135	0	3	0	12	0	0	190	226	253	176	10	0	0	0	0	0	
1	0	0	3	0	0	2	15	203	233	250	52	7	0	0	0	0	8	165	255	255	112	3	5	0	0	0	0	
3	0	0	1	0	0	0	4	153	255	255	160	57	7	9	59	93	213	219	250	248	66	0	0	0	0	0	0	
3	0	0	0	1	0	0	0	47	220	241	255	229	221	210	223	255	241	255	233	115	6	4	2	0	0	0	0	
2	0	0	0	0	0	0	0	11	126	204	244	249	255	248	255	228	255	213	56	0	6	0	7	0	0	0	0	
0	0	0	0	0	0	0	0	0	0	5	104	131	245	227	255	144	136	55	0	5	8	0	1	0	0	0	0	
0	1	1	0	0	0	2	2	3	0	2	5	0	7	15	0	0	0	1	0	0	0	0	7	0	0	0	0	
0	0	0	0	0	0	0	0	0	0	0	0	0	0	0	0	0	0	0	0	0	0	0	0	0	0	0	0	
0	0	0	0	0	0	0	0	0	0	0	0	0	0	0	0	0	0	0	0	0	0	0	0	0	0	0	0	
0	0	0	0	0	0	0	0	0	0	0	0	0	0	0	0	0	0	0	0	0	0	0	0	0	0	0	0	
0	0	0	0	0	0	0	0	0	0	0	0	0	0	0	0	0	0	0	0	0	0	0	0	0	0	0	0	
