0	0	0	0	0	0	0	0	4	0	7	0	11	0	0	0	1	6	0	0	0	12	0	3	0	0	0	0	
0	0	0	0	0	0	0	0	5	0	11	0	0	0	4	6	2	3	0	7	12	0	14	0	0	0	0	0	
0	0	0	0	0	0	0	0	4	0	10	0	0	1	7	0	6	194	255	84	3	0	0	18	0	0	0	0	
0	0	0	0	0	0	0	0	2	0	1	0	4	9	0	0	144	228	244	186	0	9	0	0	0	0	0	0	
0	0	0	0	0	0	0	0	0	0	0	0	5	0	3	95	255	255	255	54	0	0	13	0	0	0	0	0	
0	0	0	0	0	0	0	0	0	0	0	7	0	0	63	227	248	255	38	0	13	0	7	13	0	0	0	0	
0	0	0	0	0	0	0	0	0	0	1	2	2	81	173	255	241	118	15	14	0	0	0	0	0	0	0	0	
0	0	0	0	0	0	0	0	0	1	1	0	21	192	255	240	145	0	0	7	0	5	7	0	0	0	0	0	
0	6	0	1	6	0	0	0	0	4	0	3	173	242	255	154	0	3	0	1	2	0	0	6	0	0	0	0	
2	0	0	2	1	0	0	0	14	0	5	173	226	255	206	0	9	5	0	0	0	3	4	0	0	0	0	0	
4	0	0	4	0	0	0	1	0	16	144	231	251	185	19	3	0	0	12	5	0	0	1	0	0	0	0	0	
3	0	4	3	0	6	3	0	0	91	234	255	239	40	6	6	11	0	0	0	0	3	6	0	0	0	0	0	
0	0	11	0	0	10	0	0	28	231	249	255	8	12	0	96	97	103	108	108	58	0	0	3	0	0	0	0	
1	0	12	0	0	3	0	24	171	248	243	127	8	134	255	255	253	255	243	255	180	24	0	2	0	0	0	0	
3	0	6	0	2	0	0	90	240	255	219	14	118	239	246	243	254	221	153	249	249	73	11	0	0	0	0	0	
3	0	0	0	9	0	9	151	254	240	17	0	202	252	222	70	0	9	8	203	253	56	0	0	0	0	0	0	
0	0	5	0	8	0	48	234	248	88	0	59	234	255	142	2	0	11	165	244	252	55	0	0	0	0	0	0	
11	0	7	0	0	20	111	251	217	1	1	171	255	249	163	0	0	102	243	255	189	0	0	8	0	0	0	0	
3	0	4	3	0	0	83	255	237	91	6	140	255	248	152	60	183	255	255	220	71	0	0	5	0	0	0	0	
0	1	3	3	7	0	22	174	255	255	191	205	238	255	255	254	254	235	237	84	11	2	0	5	0	0	0	0	
4	0	4	0	0	4	17	22	116	252	255	255	246	249	255	255	242	211	31	11	0	0	35	0	0	0	0	0	
0	1	0	0	2	9	0	0	7	65	166	255	237	204	157	48	23	0	21	0	12	0	2	0	0	0	0	0	
0	10	0	0	18	0	0	14	0	0	0	0	20	3	0	7	2	0	0	5	1	4	0	0	0	0	0	0	
2	0	1	3	0	1	13	0	5	0	15	0	0	0	4	0	0	9	0	2	5	0	13	0	0	0	0	0	
0	0	0	0	0	0	0	0	0	0	0	0	0	0	0	0	0	0	0	0	0	0	0	0	0	0	0	0	
0	0	0	0	0	0	0	0	0	0	0	0	0	0	0	0	0	0	0	0	0	0	0	0	0	0	0	0	
0	0	0	0	0	0	0	0	0	0	0	0	0	0	0	0	0	0	0	0	0	0	0	0	0	0	0	0	
0	0	0	0	0	0	0	0	0	0	0	0	0	0	0	0	0	0	0	0	0	0	0	0	0	0	0	0	
