0	0	0	0	0	0	0	0	0	10	0	0	0	0	1	4	6	0	0	4	15	1	0	8	0	0	0	0	
0	0	0	0	0	0	0	0	0	5	0	0	3	0	0	1	0	5	0	0	0	13	0	0	0	0	0	0	
0	0	0	0	0	0	0	0	0	0	2	4	2	0	0	3	0	0	27	0	8	1	0	22	0	0	0	0	
0	0	0	0	0	0	0	0	1	0	0	0	0	6	0	0	33	231	236	207	6	0	4	0	0	0	0	0	
0	0	0	0	0	0	0	0	1	0	2	0	0	8	0	0	186	242	245	211	0	6	9	7	0	0	0	0	
0	0	0	0	0	0	0	0	0	0	8	0	2	0	0	38	227	254	215	69	0	8	0	0	0	0	0	0	
0	0	0	0	0	0	0	0	1	0	7	0	4	0	15	145	255	239	0	0	8	0	4	7	0	0	0	0	
0	0	0	0	0	0	0	0	2	0	2	0	4	0	50	249	250	118	4	12	0	12	0	0	0	0	0	0	
0	0	0	0	0	0	0	0	0	0	10	2	0	1	182	253	246	15	0	0	2	6	0	0	0	0	0	0	
0	0	0	0	0	0	0	0	0	18	0	0	6	79	255	255	130	0	11	9	0	0	3	6	0	0	0	0	
0	0	0	0	0	0	0	0	12	0	0	5	37	206	244	217	25	0	3	0	0	0	1	0	0	0	0	0	
0	0	0	0	0	0	0	0	0	24	13	0	127	255	240	56	0	0	0	1	6	10	17	0	0	0	0	0	
0	0	0	0	0	0	0	0	4	0	0	48	255	250	144	0	0	11	0	5	0	0	0	0	0	0	0	0	
0	0	0	0	0	0	0	0	1	0	8	131	244	252	40	0	0	6	0	4	5	3	0	5	0	0	0	0	
0	0	0	0	0	0	0	0	4	13	3	247	247	139	0	14	0	12	6	0	0	8	0	0	0	0	0	0	
0	0	0	0	0	0	0	0	0	0	122	245	255	84	12	17	110	160	157	80	0	9	0	0	0	0	0	0	
0	0	0	0	0	0	0	0	0	1	226	237	204	97	222	254	255	244	255	211	14	0	4	5	0	0	0	0	
0	0	0	0	0	0	0	0	0	2	244	255	244	242	255	195	169	255	240	255	149	4	0	5	0	0	0	0	
0	0	0	0	0	0	0	0	11	50	255	246	255	247	121	0	0	4	94	255	152	0	21	0	0	0	0	0	
0	0	0	0	0	0	0	0	2	27	251	252	247	105	46	115	80	150	248	212	71	0	3	5	0	0	0	0	
0	0	0	0	0	0	0	0	0	56	254	252	255	245	255	255	255	218	155	13	0	4	0	0	0	0	0	0	
0	0	0	0	0	0	0	0	13	151	246	206	182	200	175	121	69	0	0	13	8	0	23	0	0	0	0	0	
0	0	0	0	0	0	0	0	9	214	255	99	0	6	6	10	0	7	6	0	0	0	9	0	0	0	0	0	
0	0	0	0	0	0	0	0	0	0	19	0	0	0	0	0	6	0	0	0	3	10	2	0	0	0	0	0	
0	0	0	0	0	0	0	0	0	0	0	0	0	0	0	0	0	0	0	0	0	0	0	0	0	0	0	0	
0	0	0	0	0	0	0	0	0	0	0	0	0	0	0	0	0	0	0	0	0	0	0	0	0	0	0	0	
0	0	0	0	0	0	0	0	0	0	0	0	0	0	0	0	0	0	0	0	0	0	0	0	0	0	0	0	
0	0	0	0	0	0	0	0	0	0	0	0	0	0	0	0	0	0	0	0	0	0	0	0	0	0	0	0	
