0	0	0	0	0	0	0	0	0	6	6	2	4	1	0	0	1	0	3	0	4	1	0	7	0	0	0	0	
0	0	0	0	0	0	0	0	5	0	0	0	3	0	0	5	0	0	7	0	2	4	0	3	0	0	0	0	
0	0	0	0	0	0	0	0	11	0	15	0	0	6	31	0	5	0	4	0	0	6	0	0	0	0	0	0	
0	0	0	0	0	0	0	0	0	12	0	0	13	128	250	208	30	0	0	0	0	3	0	3	0	0	0	0	
0	0	0	0	0	0	0	0	2	8	0	0	5	154	255	255	66	4	0	0	2	0	0	7	0	0	0	0	
0	0	0	0	0	0	0	0	0	0	10	0	38	214	238	255	79	10	0	7	2	0	0	5	0	0	0	0	
0	0	0	0	0	0	0	0	0	0	0	0	115	255	255	251	52	2	3	7	0	0	1	0	0	0	0	0	
0	0	0	0	0	0	0	0	0	12	0	78	251	250	246	183	14	0	4	3	0	3	8	0	0	0	0	0	
0	0	0	0	0	0	0	0	0	0	0	84	250	245	255	43	18	0	1	0	0	7	8	0	0	0	0	0	
0	0	0	0	0	0	0	0	4	6	0	92	250	253	237	43	0	14	0	9	6	4	0	0	0	0	0	0	
0	0	0	0	0	0	0	0	0	7	6	208	255	249	133	34	150	142	91	1	0	0	0	8	0	0	0	0	
0	0	0	0	0	0	0	0	3	0	57	234	235	255	205	231	250	255	246	119	45	13	1	0	0	0	0	0	
0	0	0	0	0	0	0	0	6	0	223	250	255	248	247	243	255	255	249	255	226	111	1	4	0	0	0	0	
0	0	0	0	0	0	0	0	0	6	254	244	255	241	255	253	247	250	254	249	255	255	0	0	0	0	0	0	
0	0	0	0	0	0	0	0	2	77	238	255	249	255	247	255	237	110	169	248	255	248	0	29	0	0	0	0	
0	0	0	0	0	0	0	0	0	150	249	255	245	254	255	247	153	0	9	150	244	255	149	0	0	0	0	0	
0	0	0	0	0	0	0	0	12	127	255	255	255	240	255	231	37	15	0	82	255	246	105	0	0	0	0	0	
0	0	0	0	0	0	0	0	13	238	245	251	255	244	246	75	15	0	19	172	231	255	0	6	0	0	0	0	
0	0	0	0	0	0	0	0	35	255	251	235	249	255	181	19	5	0	97	255	255	156	6	0	0	0	0	0	
0	0	0	0	0	0	0	0	40	253	247	255	255	242	155	0	92	255	252	245	90	0	0	15	0	0	0	0	
0	0	0	0	0	0	0	0	1	158	255	250	228	252	249	217	222	255	241	234	36	9	0	0	0	0	0	0	
0	0	0	0	0	0	0	0	11	45	236	254	252	255	225	255	255	239	172	50	10	0	0	0	0	0	0	0	
0	0	0	0	0	0	0	0	5	0	34	157	245	250	255	251	218	98	0	5	0	0	15	0	0	0	0	0	
0	0	0	0	0	0	0	0	0	5	1	10	2	0	3	0	2	5	0	8	0	4	0	0	0	0	0	0	
0	0	0	0	0	0	0	0	0	0	0	0	0	0	0	0	0	0	0	0	0	0	0	0	0	0	0	0	
0	0	0	0	0	0	0	0	0	0	0	0	0	0	0	0	0	0	0	0	0	0	0	0	0	0	0	0	
0	0	0	0	0	0	0	0	0	0	0	0	0	0	0	0	0	0	0	0	0	0	0	0	0	0	0	0	
0	0	0	0	0	0	0	0	0	0	0	0	0	0	0	0	0	0	0	0	0	0	0	0	0	0	0	0	
