0	0	0	0	0	0	0	0	0	4	0	2	1	0	0	1	0	0	0	0	0	0	0	0	0	0	0	0	
0	0	0	0	0	0	0	0	0	0	16	13	0	0	15	0	0	0	0	0	0	0	0	0	0	0	0	0	
0	0	0	0	0	0	0	0	19	0	0	4	0	59	222	134	0	0	0	0	0	0	0	0	0	0	0	0	
0	0	0	0	0	0	0	0	0	17	0	9	64	255	251	206	0	0	0	0	0	0	0	0	0	0	0	0	
0	0	0	0	0	0	0	0	0	0	5	35	215	243	204	32	0	0	0	0	0	0	0	0	0	0	0	0	
0	0	0	0	0	0	0	0	8	8	0	90	253	231	23	0	0	0	0	0	0	0	0	0	0	0	0	0	
0	0	0	0	0	0	0	0	0	0	4	204	255	105	22	0	0	0	0	0	0	0	0	0	0	0	0	0	
0	0	0	0	0	0	0	0	0	9	59	246	226	3	0	3	0	0	0	0	0	0	0	0	0	0	0	0	
0	0	0	0	0	0	0	0	0	2	78	255	175	0	18	0	5	0	0	18	0	0	4	0	0	0	0	0	
0	0	0	0	0	0	0	0	0	2	122	254	169	0	0	0	1	0	0	2	0	3	0	10	0	0	0	0	
0	0	0	0	0	0	0	0	0	1	199	249	97	0	0	9	0	5	11	0	0	13	0	2	0	0	0	0	
0	0	0	0	0	0	0	0	0	9	255	247	15	0	0	0	1	0	5	9	0	3	10	0	0	0	0	0	
0	0	0	0	0	0	0	0	9	42	255	235	0	8	0	15	4	0	0	1	20	0	0	0	0	0	0	0	
0	0	0	0	0	0	0	0	0	81	255	203	0	3	44	155	255	251	112	0	0	0	0	14	0	0	0	0	
0	0	0	0	0	0	0	0	0	90	252	177	0	13	162	255	241	255	223	49	0	17	0	0	0	0	0	0	
0	0	0	0	0	0	0	0	13	77	251	176	2	51	255	251	180	161	255	136	0	0	0	4	0	0	0	0	
0	0	0	0	0	0	0	0	0	92	255	172	0	146	249	177	0	91	255	175	0	0	0	1	0	0	0	0	
0	0	0	0	0	0	0	0	8	0	244	255	25	0	255	246	178	105	248	251	0	9	0	2	0	0	0	0	
0	0	0	0	0	0	0	0	5	0	255	254	19	0	153	255	246	255	255	195	18	2	0	0	0	0	0	0	
0	0	0	0	0	0	0	0	0	6	153	250	200	21	0	0	233	241	255	10	0	0	12	0	0	0	0	0	
0	0	0	0	0	0	0	0	0	0	32	226	240	247	205	255	255	255	112	10	0	7	0	0	0	0	0	0	
0	0	0	0	0	0	0	0	17	0	14	33	148	252	255	249	155	22	9	0	1	0	2	1	0	0	0	0	
0	0	0	0	0	0	0	0	0	26	0	0	0	0	4	0	14	14	0	1	30	0	0	3	0	0	0	0	
0	0	0	0	0	0	0	0	2	0	4	12	0	7	1	0	0	0	3	0	0	0	11	1	0	0	0	0	
0	0	0	0	0	0	0	0	0	0	0	0	0	0	0	0	0	0	0	0	0	0	0	0	0	0	0	0	
0	0	0	0	0	0	0	0	0	0	0	0	0	0	0	0	0	0	0	0	0	0	0	0	0	0	0	0	
0	0	0	0	0	0	0	0	0	0	0	0	0	0	0	0	0	0	0	0	0	0	0	0	0	0	0	0	
0	0	0	0	0	0	0	0	0	0	0	0	0	0	0	0	0	0	0	0	0	0	0	0	0	0	0	0	
