0	0	0	0	0	0	0	0	10	0	0	1	0	6	7	3	0	0	1	0	2	7	0	3	0	0	0	0	
0	0	0	0	0	0	0	0	0	3	4	0	0	13	0	0	6	0	3	0	0	2	0	3	0	0	0	0	
0	0	0	0	0	0	0	0	0	0	0	10	0	0	36	196	44	3	0	1	0	3	0	0	0	0	0	0	
0	0	0	0	0	0	0	0	0	7	0	0	0	4	123	248	84	13	0	0	0	8	4	0	0	0	0	0	
0	0	0	0	0	0	0	0	0	4	4	6	0	11	192	238	68	5	0	0	0	4	3	0	0	0	0	0	
0	0	0	0	0	0	0	0	8	0	0	10	2	59	255	248	12	0	1	5	0	0	0	5	0	0	0	0	
0	0	0	0	0	0	0	0	0	4	0	0	16	192	255	107	0	0	5	3	0	0	0	6	0	0	0	0	
0	0	0	0	0	0	0	0	0	4	5	2	32	239	232	62	7	3	4	0	3	8	0	1	0	0	0	0	
0	0	0	0	0	0	0	0	0	8	1	0	161	255	134	5	0	3	7	0	0	1	8	3	0	0	0	0	
0	0	0	0	0	0	0	0	6	0	6	26	234	255	92	2	15	2	0	0	11	9	0	0	0	0	0	0	
0	0	0	0	0	0	0	0	1	1	0	60	251	247	44	0	0	0	0	7	4	0	0	0	0	0	0	0	
0	0	0	0	0	0	0	0	0	2	0	151	254	211	13	4	14	12	4	0	0	2	7	6	0	0	0	0	
0	0	0	0	0	0	0	0	14	4	28	255	255	116	0	3	0	0	1	6	3	0	0	1	0	0	0	0	
0	0	0	0	0	0	0	0	0	5	96	252	237	87	52	59	56	25	2	2	2	0	0	1	0	0	0	0	
0	0	0	0	0	0	0	0	3	74	218	255	255	231	255	245	255	182	74	0	0	11	11	0	0	0	0	0	
0	0	0	0	0	0	0	0	0	87	243	250	245	255	255	255	248	255	216	81	0	0	8	0	0	0	0	0	
0	0	0	0	0	0	0	0	3	0	255	246	203	15	19	39	136	233	249	133	16	0	2	0	0	0	0	0	
0	0	0	0	0	0	0	0	0	6	139	255	177	10	2	0	0	190	255	252	0	8	0	13	0	0	0	0	
0	0	0	0	0	0	0	0	0	8	252	247	187	0	9	0	115	237	248	107	2	0	13	2	0	0	0	0	
0	0	0	0	0	0	0	0	6	0	238	245	233	188	177	196	255	255	163	10	6	0	0	0	0	0	0	0	
0	0	0	0	0	0	0	0	0	13	124	255	255	237	255	250	239	114	0	0	0	10	3	3	0	0	0	0	
0	0	0	0	0	0	0	0	1	0	23	132	255	238	255	183	18	3	9	14	16	0	0	2	0	0	0	0	
0	0	0	0	0	0	0	0	8	4	0	0	0	9	7	0	0	17	0	0	0	17	0	1	0	0	0	0	
0	0	0	0	0	0	0	0	0	0	12	0	6	1	0	12	11	0	2	19	0	0	7	0	0	0	0	0	
0	0	0	0	0	0	0	0	0	0	0	0	0	0	0	0	0	0	0	0	0	0	0	0	0	0	0	0	
0	0	0	0	0	0	0	0	0	0	0	0	0	0	0	0	0	0	0	0	0	0	0	0	0	0	0	0	
0	0	0	0	0	0	0	0	0	0	0	0	0	0	0	0	0	0	0	0	0	0	0	0	0	0	0	0	
0	0	0	0	0	0	0	0	0	0	0	0	0	0	0	0	0	0	0	0	0	0	0	0	0	0	0	0	
