0	0	0	0	0	0	0	0	0	10	0	7	0	0	16	0	1	0	0	7	3	0	0	0	0	0	0	0	
0	0	0	0	0	0	0	0	13	0	26	11	0	6	0	10	17	3	0	0	0	0	8	4	0	0	0	0	
0	0	0	0	0	0	0	0	0	0	3	0	9	0	18	0	0	0	9	13	0	0	0	0	0	0	0	0	
0	0	0	0	0	0	0	0	12	15	1	0	0	15	0	21	22	0	0	2	1	0	0	2	0	0	0	0	
0	0	0	0	0	0	0	0	0	0	5	0	9	0	98	200	229	105	2	0	0	5	5	4	0	0	0	0	
0	0	0	0	0	0	0	0	10	2	13	0	0	17	243	248	255	138	23	0	5	2	0	0	0	0	0	0	
0	0	0	0	0	0	0	0	0	0	0	0	20	210	255	236	88	30	0	0	1	0	0	5	0	0	0	0	
0	0	0	0	0	0	0	0	0	0	11	0	185	248	248	178	12	0	0	2	0	0	3	2	0	0	0	0	
0	0	0	0	0	0	0	0	0	2	0	92	241	245	200	8	0	0	6	0	2	0	0	0	0	0	0	0	
0	0	0	0	0	0	0	0	0	1	0	242	250	243	100	12	4	10	0	0	18	0	3	0	0	0	0	0	
0	0	0	0	0	0	0	0	0	6	62	235	245	255	238	224	226	188	35	0	0	0	3	2	0	0	0	0	
0	0	0	0	0	0	0	0	0	0	122	255	253	248	245	255	255	254	85	2	0	13	0	5	0	0	0	0	
0	0	0	0	0	0	0	0	10	4	139	247	255	255	243	244	228	249	172	5	0	6	0	0	0	0	0	0	
0	0	0	0	0	0	0	0	0	0	143	238	255	215	120	52	255	255	239	0	6	0	5	0	0	0	0	0	
0	0	0	0	0	0	0	0	0	3	144	255	238	112	4	10	171	237	227	22	9	0	11	0	0	0	0	0	
0	0	0	0	0	0	0	0	0	36	255	232	235	0	1	0	118	255	255	122	6	0	0	5	0	0	0	0	
0	0	0	0	0	0	0	0	0	24	255	255	215	5	0	0	133	229	251	17	0	8	0	0	0	0	0	0	
0	0	0	0	0	0	0	0	14	11	187	249	214	8	0	10	125	255	237	0	12	0	0	5	0	0	0	0	
0	0	0	0	0	0	0	0	0	12	119	244	238	0	1	26	230	255	236	0	8	0	0	3	0	0	0	0	
0	0	0	0	0	0	0	0	7	3	151	255	218	2	11	49	255	252	195	0	1	7	0	0	0	0	0	0	
0	0	0	0	0	0	0	0	3	0	132	239	248	86	0	191	232	255	90	0	11	0	13	0	0	0	0	0	
0	0	0	0	0	0	0	0	0	9	131	255	235	255	251	248	255	174	7	0	3	0	4	2	0	0	0	0	
0	0	0	0	0	0	0	0	8	0	17	216	253	247	255	252	230	48	0	3	0	4	0	5	0	0	0	0	
0	0	0	0	0	0	0	0	0	6	11	23	203	255	241	243	47	1	7	0	0	1	0	0	0	0	0	0	
0	0	0	0	0	0	0	0	0	0	0	0	0	0	0	0	0	0	0	0	0	0	0	0	0	0	0	0	
0	0	0	0	0	0	0	0	0	0	0	0	0	0	0	0	0	0	0	0	0	0	0	0	0	0	0	0	
0	0	0	0	0	0	0	0	0	0	0	0	0	0	0	0	0	0	0	0	0	0	0	0	0	0	0	0	
0	0	0	0	0	0	0	0	0	0	0	0	0	0	0	0	0	0	0	0	0	0	0	0	0	0	0	0	
