0	0	0	0	0	0	0	0	0	6	3	0	0	6	5	0	0	0	0	0	0	0	0	0	0	0	0	0	
0	0	0	0	0	0	0	0	18	0	0	2	0	0	1	25	0	0	0	0	0	0	0	0	0	0	0	0	
0	0	0	0	0	0	0	0	0	0	0	17	139	255	211	0	0	0	0	0	0	0	0	0	0	0	0	0	
0	0	0	0	0	0	0	0	0	3	7	185	255	255	245	41	0	0	0	0	0	0	0	0	0	0	0	0	
0	0	0	0	0	0	0	0	4	5	23	233	253	240	255	131	0	0	0	0	0	0	0	0	0	0	0	0	
0	0	0	0	0	0	0	0	0	0	75	255	250	255	255	231	0	0	0	0	0	0	0	0	0	0	0	0	
0	0	0	0	0	0	0	0	2	8	153	251	248	255	230	142	0	0	0	0	0	0	0	0	0	0	0	0	
0	0	0	0	0	0	0	0	0	54	215	255	255	247	253	134	0	0	0	0	0	0	0	0	0	0	0	0	
3	0	0	8	0	13	0	2	0	58	246	255	247	255	204	98	0	0	7	2	0	0	7	0	0	0	2	7	
0	8	0	0	6	0	0	0	5	157	247	236	255	151	22	8	9	3	0	0	0	3	2	0	8	7	0	6	
0	7	1	0	16	0	18	0	14	202	255	251	239	64	0	4	3	0	0	9	10	0	0	16	0	0	0	0	
5	0	5	0	0	0	9	0	160	232	255	254	179	1	17	0	0	12	13	0	0	2	0	0	4	14	1	9	
3	0	0	3	0	0	2	102	254	255	242	249	176	0	0	7	0	0	0	0	5	0	0	16	0	0	0	4	
0	3	0	0	20	2	7	248	239	255	255	255	223	80	7	8	0	54	118	157	140	64	14	25	39	0	0	0	
1	12	1	0	4	0	31	255	255	255	255	249	253	159	0	10	118	228	255	249	246	255	255	249	188	26	12	8	
0	0	11	0	0	16	124	255	251	250	255	249	255	149	0	213	249	255	253	245	255	252	240	255	255	29	0	0	
2	0	0	13	0	0	240	241	248	254	245	244	186	83	171	245	255	236	196	199	193	191	237	254	255	31	0	1	
0	5	3	0	0	0	211	255	255	221	68	27	32	210	252	254	240	76	0	0	0	85	225	252	194	27	6	0	
0	2	0	0	5	10	137	250	253	246	200	127	130	255	250	236	241	83	102	207	213	224	246	221	64	0	3	2	
5	0	0	1	12	0	66	255	251	230	255	239	255	252	252	255	255	245	255	255	252	224	116	21	0	0	0	5	
0	1	8	0	0	0	33	254	255	249	242	255	253	255	234	250	255	252	179	53	15	24	0	11	1	9	0	0	
0	5	6	0	0	0	10	126	112	151	161	242	239	255	254	255	241	126	24	0	4	2	0	0	6	9	0	3	
0	2	0	0	12	9	0	1	11	3	0	6	8	0	0	0	0	1	0	5	0	0	7	0	0	0	0	8	
0	1	0	0	3	0	7	0	0	3	1	8	0	3	0	1	0	15	0	0	10	0	0	0	3	4	3	3	
0	0	0	0	0	0	0	0	0	0	0	0	0	0	0	0	0	0	0	0	0	0	0	0	0	0	0	0	
0	0	0	0	0	0	0	0	0	0	0	0	0	0	0	0	0	0	0	0	0	0	0	0	0	0	0	0	
0	0	0	0	0	0	0	0	0	0	0	0	0	0	0	0	0	0	0	0	0	0	0	0	0	0	0	0	
0	0	0	0	0	0	0	0	0	0	0	0	0	0	0	0	0	0	0	0	0	0	0	0	0	0	0	0	
