0	0	0	0	0	0	0	0	0	12	0	2	10	0	4	0	0	0	0	0	0	0	0	0	0	0	0	0	
0	0	0	0	0	0	0	0	0	3	5	0	0	17	2	0	0	0	0	0	0	0	0	0	0	0	0	0	
0	0	0	0	0	0	0	0	1	0	2	0	142	246	190	12	0	0	0	0	0	0	0	0	0	0	0	0	
0	0	0	0	0	0	0	0	3	8	0	1	193	255	240	0	0	0	0	0	0	0	0	0	0	0	0	0	
0	0	0	0	0	0	0	0	0	0	12	171	255	252	133	2	0	0	0	0	0	0	0	0	0	0	0	0	
0	0	0	0	0	0	0	0	31	0	9	247	249	255	5	0	0	0	0	0	0	0	0	0	0	0	0	0	
0	0	0	0	0	0	0	0	0	13	116	255	254	246	0	4	0	0	0	0	0	0	0	0	0	0	0	0	
0	0	0	0	0	0	0	0	18	109	255	255	255	130	2	1	0	0	0	0	0	0	0	0	0	0	0	0	
0	0	0	0	0	0	0	0	0	113	255	251	255	51	13	0	0	3	3	0	11	0	0	1	0	0	0	0	
0	0	0	0	0	0	0	0	8	149	255	243	132	0	0	0	7	3	0	18	0	0	4	8	0	0	0	0	
0	0	0	0	0	0	0	0	1	167	255	255	133	0	4	10	0	0	3	0	0	14	7	0	0	0	0	0	
0	0	0	0	0	0	0	0	60	255	255	243	1	3	6	0	4	21	114	137	88	0	8	0	0	0	0	0	
0	0	0	0	0	0	0	0	238	255	252	209	6	4	0	8	55	251	255	247	253	64	9	0	0	0	0	0	
0	0	0	0	0	0	0	0	255	237	251	0	0	0	16	119	255	255	254	255	227	133	6	9	0	0	0	0	
0	0	0	0	0	0	0	0	246	255	255	13	12	0	77	251	252	251	255	251	255	248	0	0	0	0	0	0	
0	0	0	0	0	0	0	0	255	255	244	1	0	8	255	252	255	253	64	68	251	194	0	14	0	0	0	0	
0	0	0	0	0	0	0	0	255	255	253	5	3	114	255	244	253	0	0	62	255	118	10	0	0	0	0	0	
0	0	0	0	0	0	0	0	50	252	255	3	0	141	236	255	0	11	0	0	126	80	3	5	0	0	0	0	
0	0	0	0	0	0	0	0	18	245	255	241	255	253	251	245	255	190	255	245	246	60	0	4	0	0	0	0	
0	0	0	0	0	0	0	0	0	52	255	255	249	247	255	255	250	242	255	255	255	4	11	0	0	0	0	0	
0	0	0	0	0	0	0	0	16	0	75	117	255	254	242	255	255	255	228	206	63	0	0	10	0	0	0	0	
0	0	0	0	0	0	0	0	0	33	0	0	6	72	255	255	185	0	76	0	6	0	1	0	0	0	0	0	
0	0	0	0	0	0	0	0	2	0	0	6	10	0	0	0	4	0	0	0	2	3	0	23	0	0	0	0	
0	0	0	0	0	0	0	0	0	6	7	0	2	0	8	7	0	1	10	0	0	2	4	0	0	0	0	0	
0	0	0	0	0	0	0	0	0	0	0	0	0	0	0	0	0	0	0	0	0	0	0	0	0	0	0	0	
0	0	0	0	0	0	0	0	0	0	0	0	0	0	0	0	0	0	0	0	0	0	0	0	0	0	0	0	
0	0	0	0	0	0	0	0	0	0	0	0	0	0	0	0	0	0	0	0	0	0	0	0	0	0	0	0	
0	0	0	0	0	0	0	0	0	0	0	0	0	0	0	0	0	0	0	0	0	0	0	0	0	0	0	0	
