0	0	0	0	0	0	0	0	3	0	9	0	0	15	0	0	3	0	13	0	9	0	0	13	0	0	0	0	
0	0	0	0	0	0	0	0	1	4	0	0	4	0	0	15	5	4	0	0	0	9	16	0	0	0	0	0	
0	0	0	0	0	0	0	0	2	4	0	6	4	0	9	4	0	177	187	41	0	0	0	4	0	0	0	0	
0	0	0	0	0	0	0	0	3	0	0	10	0	2	19	0	57	253	242	21	9	4	0	7	0	0	0	0	
0	0	0	0	0	0	0	0	0	0	6	0	0	6	0	14	204	229	106	0	0	4	12	0	0	0	0	0	
0	0	0	0	0	0	0	0	0	13	6	0	12	0	0	127	255	250	26	14	0	0	9	0	0	0	0	0	
0	0	0	0	0	0	0	0	0	12	0	0	7	0	62	223	238	167	0	2	8	8	1	0	0	0	0	0	
0	0	0	0	0	0	0	0	4	0	0	15	0	9	151	255	219	19	0	4	4	0	0	6	0	0	0	0	
0	0	0	0	0	0	0	0	0	13	0	0	0	130	241	252	77	4	2	0	3	0	0	2	0	0	0	0	
0	0	0	0	0	0	0	0	19	0	0	22	27	218	255	175	8	0	6	5	0	0	1	1	0	0	0	0	
0	0	0	0	0	0	0	0	2	8	0	0	199	240	205	20	0	2	0	0	0	0	9	1	0	0	0	0	
0	0	0	0	0	0	0	0	5	0	16	43	255	255	109	0	0	16	0	4	8	0	2	0	0	0	0	0	
0	0	0	0	0	0	0	0	0	24	0	211	247	183	0	5	0	10	0	0	15	0	0	3	0	0	0	0	
0	0	0	0	0	0	0	0	5	0	99	255	246	118	0	128	140	137	64	0	8	0	3	6	0	0	0	0	
0	0	0	0	0	0	0	0	8	0	176	251	244	137	215	251	245	255	213	24	8	0	3	0	0	0	0	0	
0	0	0	0	0	0	0	0	0	102	237	255	236	244	186	197	69	224	255	47	3	0	4	0	0	0	0	0	
0	0	0	0	0	0	0	0	0	146	251	243	251	178	57	0	13	206	255	52	0	0	8	1	0	0	0	0	
0	0	0	0	0	0	0	0	26	194	255	255	237	71	0	4	84	255	223	35	0	5	0	0	0	0	0	0	
0	0	0	0	0	0	0	0	42	255	243	250	1	0	26	137	255	245	61	0	0	17	0	1	0	0	0	0	
0	0	0	0	0	0	0	0	10	222	255	245	94	148	237	247	225	108	0	11	2	0	0	7	0	0	0	0	
0	0	0	0	0	0	0	0	0	137	237	255	255	250	251	247	52	2	0	8	0	3	0	0	0	0	0	0	
0	0	0	0	0	0	0	0	9	0	118	140	234	142	95	22	0	0	4	0	3	14	0	1	0	0	0	0	
0	0	0	0	0	0	0	0	6	0	1	26	0	13	4	3	0	9	15	0	16	0	0	3	0	0	0	0	
0	0	0	0	0	0	0	0	0	8	0	0	0	10	0	0	7	1	0	3	0	0	16	0	0	0	0	0	
0	0	0	0	0	0	0	0	0	0	0	0	0	0	0	0	0	0	0	0	0	0	0	0	0	0	0	0	
0	0	0	0	0	0	0	0	0	0	0	0	0	0	0	0	0	0	0	0	0	0	0	0	0	0	0	0	
0	0	0	0	0	0	0	0	0	0	0	0	0	0	0	0	0	0	0	0	0	0	0	0	0	0	0	0	
0	0	0	0	0	0	0	0	0	0	0	0	0	0	0	0	0	0	0	0	0	0	0	0	0	0	0	0	
