0	0	0	0	0	0	0	0	4	0	11	0	6	0	15	0	0	0	0	0	0	0	0	0	0	0	0	0	
0	0	0	0	0	0	0	0	0	7	0	0	0	18	0	0	0	0	0	0	0	0	0	0	0	0	0	0	
0	0	0	0	0	0	0	0	6	0	5	4	199	148	52	19	0	0	0	0	0	0	0	0	0	0	0	0	
0	0	0	0	0	0	0	0	0	0	0	25	213	255	236	39	0	0	0	0	0	0	0	0	0	0	0	0	
0	0	0	0	0	0	0	0	0	11	4	119	245	249	253	103	0	0	0	0	0	0	0	0	0	0	0	0	
0	0	0	0	0	0	0	0	0	0	91	235	252	255	227	13	0	0	0	0	0	0	0	0	0	0	0	0	
0	0	0	0	0	0	0	0	5	0	107	255	247	244	50	0	0	0	0	0	0	0	0	0	0	0	0	0	
0	0	0	0	0	0	0	0	0	0	254	251	255	215	2	2	0	0	0	0	0	0	0	0	0	0	0	0	
4	2	0	0	1	1	1	1	1	115	248	250	238	58	8	0	0	12	3	6	1	0	8	0	0	0	0	0	
0	0	0	0	1	2	2	1	35	237	255	255	156	16	0	1	7	0	0	0	9	0	1	3	0	0	0	0	
0	0	0	0	1	1	1	1	27	255	254	231	76	0	22	0	0	1	16	0	2	2	6	0	0	0	0	0	
0	0	1	1	0	0	0	0	172	255	250	255	59	27	125	132	132	149	118	72	9	0	0	8	0	0	0	0	
0	1	3	2	0	0	0	0	179	250	246	255	70	203	254	255	249	255	255	247	146	0	0	0	0	0	0	0	
1	3	4	2	0	0	0	4	151	255	255	224	132	255	255	237	251	249	255	239	172	13	0	0	0	0	0	0	
0	2	3	1	0	0	5	11	199	236	248	235	238	247	255	234	151	162	226	255	239	155	37	0	0	0	0	0	
0	1	2	0	0	1	9	16	201	255	242	255	245	255	255	117	0	0	94	250	255	255	38	1	0	0	0	0	
0	0	1	0	0	2	9	15	200	250	255	249	255	249	193	0	2	33	207	255	234	249	69	0	0	0	0	0	
0	1	1	0	0	0	4	8	184	243	255	255	246	238	165	132	109	214	254	240	255	223	23	0	0	0	0	0	
0	0	0	0	0	0	0	0	36	252	255	238	255	255	245	239	255	255	243	255	250	119	0	12	0	0	0	0	
0	0	0	0	0	0	0	0	19	175	248	249	255	237	255	255	233	243	255	222	119	20	9	0	0	0	0	0	
0	0	0	0	1	1	0	0	0	32	240	255	238	255	245	249	255	240	191	58	0	0	6	0	0	0	0	0	
0	0	0	0	2	3	2	0	15	9	47	146	255	243	110	191	100	20	3	0	11	8	0	1	0	0	0	0	
1	0	0	0	1	2	1	0	0	0	0	13	0	0	16	0	15	0	12	2	0	0	2	7	0	0	0	0	
3	0	0	0	0	1	0	0	0	6	4	0	15	0	0	0	0	2	0	0	2	7	0	0	0	0	0	0	
0	0	0	0	0	0	0	0	0	0	0	0	0	0	0	0	0	0	0	0	0	0	0	0	0	0	0	0	
0	0	0	0	0	0	0	0	0	0	0	0	0	0	0	0	0	0	0	0	0	0	0	0	0	0	0	0	
0	0	0	0	0	0	0	0	0	0	0	0	0	0	0	0	0	0	0	0	0	0	0	0	0	0	0	0	
0	0	0	0	0	0	0	0	0	0	0	0	0	0	0	0	0	0	0	0	0	0	0	0	0	0	0	0	
