0	0	0	0	0	0	0	0	0	0	15	0	3	5	3	0	0	0	0	0	0	0	0	0	0	0	0	0	
0	0	0	0	0	0	0	0	15	5	0	13	91	197	45	0	0	0	0	0	0	0	0	0	0	0	0	0	
0	0	0	0	0	0	0	0	0	0	2	0	139	254	59	8	0	0	0	0	0	0	0	0	0	0	0	0	
0	0	0	0	0	0	0	0	1	0	1	0	197	248	51	5	0	0	0	0	0	0	0	0	0	0	0	0	
0	0	0	0	0	0	0	0	6	12	0	79	242	201	16	0	0	0	0	0	0	0	0	0	0	0	0	0	
0	0	0	0	0	0	0	0	0	0	0	141	254	82	0	0	0	0	0	0	0	0	0	0	0	0	0	0	
0	0	0	0	0	0	0	0	14	0	3	176	255	25	7	2	0	0	0	0	0	0	0	0	0	0	0	0	
0	0	0	0	0	0	0	0	0	0	4	234	221	9	0	2	0	0	0	0	0	0	0	0	0	0	0	0	
0	0	0	0	0	0	0	0	0	0	63	240	157	9	1	0	2	2	13	0	18	11	0	8	0	0	0	0	
0	0	0	0	0	0	0	0	0	22	103	252	102	0	0	6	0	0	0	8	0	0	25	0	0	0	0	0	
0	0	0	0	0	0	0	0	4	0	151	250	79	0	7	4	18	0	16	4	10	0	0	0	0	0	0	0	
0	0	0	0	0	0	0	0	0	0	172	246	12	16	0	0	16	63	103	32	5	7	5	0	0	0	0	0	
0	0	0	0	0	0	0	0	4	49	252	139	0	0	8	48	238	255	232	245	102	0	9	0	0	0	0	0	
0	0	0	0	0	0	0	0	2	128	253	96	0	0	58	218	252	129	124	222	255	69	0	14	0	0	0	0	
0	0	0	0	0	0	0	0	1	130	254	53	19	0	182	255	75	0	12	26	227	223	0	0	0	0	0	0	
0	0	0	0	0	0	0	0	0	137	249	47	0	16	255	166	0	14	0	0	74	255	29	2	0	0	0	0	
0	0	0	0	0	0	0	0	0	123	255	147	0	7	255	140	0	0	1	5	50	250	54	0	0	0	0	0	
0	0	0	0	0	0	0	0	0	76	243	228	17	14	228	233	24	20	36	41	229	221	36	0	0	0	0	0	
0	0	0	0	0	0	0	0	0	6	203	255	106	0	125	255	235	238	255	253	238	87	0	0	0	0	0	0	
0	0	0	0	0	0	0	0	3	12	97	255	255	206	140	238	255	237	241	225	76	5	3	7	0	0	0	0	
0	0	0	0	0	0	0	0	0	0	11	64	227	251	255	255	254	195	140	47	2	0	5	4	0	0	0	0	
0	0	0	0	0	0	0	0	2	14	0	10	0	3	8	0	0	0	20	0	11	7	0	0	0	0	0	0	
0	0	0	0	0	0	0	0	12	0	0	0	5	0	17	0	13	0	0	0	0	3	9	0	0	0	0	0	
0	0	0	0	0	0	0	0	0	2	4	3	0	7	0	0	0	0	4	5	4	0	14	0	0	0	0	0	
0	0	0	0	0	0	0	0	0	0	0	0	0	0	0	0	0	0	0	0	0	0	0	0	0	0	0	0	
0	0	0	0	0	0	0	0	0	0	0	0	0	0	0	0	0	0	0	0	0	0	0	0	0	0	0	0	
0	0	0	0	0	0	0	0	0	0	0	0	0	0	0	0	0	0	0	0	0	0	0	0	0	0	0	0	
0	0	0	0	0	0	0	0	0	0	0	0	0	0	0	0	0	0	0	0	0	0	0	0	0	0	0	0	
