0	0	0	0	0	0	0	0	0	0	6	0	0	6	0	6	0	13	4	0	0	1	2	5	0	0	0	0	
0	0	0	0	0	0	0	0	1	8	0	11	4	0	12	0	6	0	0	0	4	0	0	0	0	0	0	0	
0	0	0	0	0	0	0	0	9	0	14	0	0	10	0	2	2	0	10	0	3	8	0	24	0	0	0	0	
0	0	0	0	0	0	0	0	0	5	0	0	3	0	6	0	0	107	163	240	0	0	16	0	0	0	0	0	
0	0	0	0	0	0	0	0	0	11	0	3	19	0	0	33	166	250	254	140	3	9	0	0	0	0	0	0	
0	0	0	0	0	0	0	0	1	0	13	0	0	0	28	175	253	240	228	26	0	0	5	4	0	0	0	0	
0	0	0	0	0	0	0	0	0	13	0	2	0	31	175	255	237	227	19	13	9	8	4	0	0	0	0	0	
0	0	0	0	0	0	0	0	6	0	3	0	29	167	254	250	182	28	0	2	0	3	0	10	0	0	0	0	
0	13	0	0	3	0	6	0	3	4	7	10	199	255	255	142	34	0	0	16	0	0	19	0	0	0	0	0	
0	4	0	6	5	0	2	0	0	13	0	151	255	231	255	6	0	26	6	0	0	21	0	5	0	0	0	0	
0	0	0	10	3	0	3	1	0	8	200	253	241	237	75	1	8	0	0	0	12	4	0	5	0	0	0	0	
6	0	0	4	0	0	7	2	11	86	238	255	228	47	6	0	0	28	71	46	52	0	0	2	0	0	0	0	
4	1	3	0	0	4	1	0	24	230	255	252	59	2	7	10	38	227	250	238	237	208	80	0	0	0	0	0	
0	3	7	0	2	3	0	6	118	255	255	63	4	8	0	0	189	255	250	253	255	255	119	0	0	0	0	0	
0	2	2	0	7	0	0	59	230	250	208	20	7	1	0	169	255	237	255	253	233	245	134	11	0	0	0	0	
4	0	0	0	7	0	10	118	255	249	70	0	0	5	156	249	253	251	193	90	70	255	114	0	0	0	0	0	
7	0	7	14	0	4	0	157	254	255	0	0	15	164	252	243	238	158	1	0	131	228	25	0	0	0	0	0	
6	0	0	0	0	6	13	224	254	238	4	8	96	239	255	25	36	10	25	42	243	102	0	1	0	0	0	0	
0	5	0	0	8	0	5	231	247	255	1	63	240	255	122	0	1	8	127	238	255	31	0	12	0	0	0	0	
0	7	0	0	9	0	0	170	251	243	130	207	254	190	4	25	75	185	254	255	86	11	8	3	0	0	0	0	
3	3	0	0	0	0	7	96	250	247	255	247	255	255	229	223	252	252	200	90	0	0	2	0	0	0	0	0	
1	0	2	6	0	2	8	16	80	213	255	253	253	241	249	255	237	42	0	0	12	0	5	6	0	0	0	0	
0	1	2	8	4	0	0	0	1	28	43	148	197	246	255	252	123	0	15	17	0	0	7	0	0	0	0	0	
0	9	0	0	0	0	9	3	4	0	19	0	7	3	0	1	8	0	7	0	0	3	7	3	0	0	0	0	
0	0	0	0	0	0	0	0	0	0	0	0	0	0	0	0	0	0	0	0	0	0	0	0	0	0	0	0	
0	0	0	0	0	0	0	0	0	0	0	0	0	0	0	0	0	0	0	0	0	0	0	0	0	0	0	0	
0	0	0	0	0	0	0	0	0	0	0	0	0	0	0	0	0	0	0	0	0	0	0	0	0	0	0	0	
0	0	0	0	0	0	0	0	0	0	0	0	0	0	0	0	0	0	0	0	0	0	0	0	0	0	0	0	
