0	0	0	0	0	0	0	0	0	6	0	7	7	0	4	6	6	0	0	7	0	0	1	8	0	0	0	0	
0	0	0	0	0	0	0	0	0	0	0	18	0	18	0	0	0	0	10	0	5	25	0	0	0	0	0	0	
0	0	0	0	0	0	0	0	3	7	0	1	2	0	36	148	255	215	53	0	0	0	3	1	0	0	0	0	
0	0	0	0	0	0	0	0	2	2	0	0	0	2	155	255	246	255	149	16	2	18	1	2	0	0	0	0	
0	0	0	0	0	0	0	0	1	0	2	11	0	139	251	241	255	255	74	0	0	0	14	0	0	0	0	0	
0	0	0	0	0	0	0	0	4	0	5	0	91	249	255	245	187	101	4	0	22	14	0	16	0	0	0	0	
0	0	0	0	0	0	0	0	0	0	0	4	184	248	250	178	0	12	0	2	0	0	4	0	0	0	0	0	
0	0	0	0	0	0	0	0	0	13	0	125	210	252	255	15	8	0	1	2	0	8	3	0	0	0	0	0	
0	0	0	0	0	0	0	0	4	0	71	254	251	248	135	0	12	0	6	0	6	0	0	8	0	0	0	0	
0	0	0	0	0	0	0	0	8	0	104	255	251	235	34	0	0	0	14	0	15	8	0	0	0	0	0	0	
0	0	0	0	0	0	0	0	0	43	246	250	248	123	0	4	0	1	0	0	3	0	13	2	0	0	0	0	
0	0	0	0	0	0	0	0	26	145	255	249	190	52	2	0	1	8	0	21	1	0	20	0	0	0	0	0	
0	0	0	0	0	0	0	0	40	175	249	250	107	0	0	1	0	0	2	0	0	2	0	19	0	0	0	0	
0	0	0	0	0	0	0	0	165	253	254	185	6	20	63	126	154	227	114	118	134	40	6	0	0	0	0	0	
0	0	0	0	0	0	0	0	144	242	220	241	129	255	232	255	244	255	255	231	247	213	18	0	0	0	0	0	
0	0	0	0	0	0	0	0	189	254	255	255	246	255	254	254	253	255	244	255	255	252	133	5	0	0	0	0	
0	1	0	12	0	5	0	129	243	255	245	246	255	237	204	84	60	79	161	245	255	255	91	6	0	0	0	0	
4	8	0	7	0	0	17	217	255	233	255	219	111	26	0	7	9	84	190	247	255	211	0	5	0	0	0	0	
0	12	0	1	4	0	36	247	241	255	243	168	7	22	0	88	119	255	234	255	151	19	19	0	0	0	0	0	
0	10	0	0	5	11	23	138	231	241	255	222	145	156	244	255	255	242	253	178	8	0	0	0	0	0	0	0	
0	0	0	1	0	4	0	11	3	181	250	255	251	251	255	227	227	127	5	1	0	5	20	0	0	0	0	0	
8	0	0	11	0	0	0	0	0	7	55	228	223	255	175	126	14	15	0	0	3	0	0	3	0	0	0	0	
3	0	0	6	3	0	10	9	11	0	3	0	2	0	0	0	11	0	11	0	0	13	7	0	0	0	0	0	
0	12	0	0	4	2	0	0	0	0	4	6	3	1	12	0	0	0	0	12	10	0	7	0	0	0	0	0	
0	0	0	0	0	0	0	0	0	0	0	0	0	0	0	0	0	0	0	0	0	0	0	0	0	0	0	0	
0	0	0	0	0	0	0	0	0	0	0	0	0	0	0	0	0	0	0	0	0	0	0	0	0	0	0	0	
0	0	0	0	0	0	0	0	0	0	0	0	0	0	0	0	0	0	0	0	0	0	0	0	0	0	0	0	
0	0	0	0	0	0	0	0	0	0	0	0	0	0	0	0	0	0	0	0	0	0	0	0	0	0	0	0	
