0	0	0	0	0	0	0	0	6	0	3	4	2	0	7	0	1	5	0	0	0	0	2	0	0	0	0	0	
0	0	0	0	0	0	0	0	2	10	0	7	0	2	0	4	0	0	0	14	13	0	0	8	0	0	0	0	
0	0	0	0	0	0	0	0	0	0	13	0	14	4	19	0	16	6	0	0	0	4	0	0	0	0	0	0	
0	0	0	0	0	0	0	0	0	7	0	4	0	0	0	5	0	0	0	10	4	0	0	14	0	0	0	0	
0	0	0	0	0	0	0	0	9	10	0	0	5	0	31	140	214	255	243	112	9	0	15	0	0	0	0	0	
0	0	0	0	0	0	0	0	8	0	11	0	0	55	205	255	253	255	239	251	157	8	0	3	0	0	0	0	
0	0	0	0	0	0	0	0	0	0	1	15	7	169	255	249	255	200	152	255	231	38	2	6	0	0	0	0	
0	0	0	0	0	0	0	0	0	20	0	13	173	251	251	255	125	43	0	182	199	8	0	3	0	0	0	0	
0	0	0	0	0	0	0	0	0	9	3	33	255	255	255	186	21	0	13	0	3	0	0	4	0	0	0	0	
0	0	0	0	0	0	0	0	0	0	0	59	254	241	233	78	13	0	9	0	6	4	0	0	0	0	0	0	
0	0	0	0	0	0	0	0	6	2	11	141	255	254	211	0	0	0	0	0	1	4	1	0	0	0	0	0	
0	0	0	0	0	0	0	0	0	0	0	170	243	246	171	0	9	10	15	5	2	0	0	0	0	0	0	0	
0	0	0	0	0	0	0	0	8	2	22	232	252	249	96	0	0	0	0	5	0	0	0	2	0	0	0	0	
0	0	0	0	0	0	0	0	0	0	30	255	255	245	71	8	16	3	0	0	0	0	1	4	0	0	0	0	
0	0	0	0	0	0	0	0	10	0	39	246	252	255	205	186	168	100	5	6	3	1	0	0	0	0	0	0	
0	0	0	0	0	0	0	0	1	2	69	255	250	245	255	252	255	154	5	0	0	4	3	0	0	0	0	0	
0	0	0	0	0	0	0	0	0	0	162	248	245	255	241	255	255	185	33	0	2	3	0	0	0	0	0	0	
0	0	0	0	0	0	0	0	0	4	160	242	255	255	251	255	247	249	60	0	0	3	10	0	0	0	0	0	
0	0	0	0	0	0	0	0	0	0	146	255	255	248	254	248	251	255	42	0	7	0	7	0	0	0	0	0	
0	0	0	0	0	0	0	0	7	1	103	255	249	254	255	252	255	226	18	5	10	0	0	3	0	0	0	0	
0	0	0	0	0	0	0	0	6	0	23	155	250	255	246	255	254	163	17	2	0	0	2	0	0	0	0	0	
0	0	0	0	0	0	0	0	0	0	0	46	255	255	241	255	254	81	0	0	0	9	0	0	0	0	0	0	
0	0	0	0	0	0	0	0	1	11	4	20	168	246	255	251	177	12	0	5	10	3	0	0	0	0	0	0	
0	0	0	0	0	0	0	0	4	0	0	3	0	176	253	220	45	0	16	7	0	0	10	1	0	0	0	0	
0	0	0	0	0	0	0	0	0	0	0	0	0	0	0	0	0	0	0	0	0	0	0	0	0	0	0	0	
0	0	0	0	0	0	0	0	0	0	0	0	0	0	0	0	0	0	0	0	0	0	0	0	0	0	0	0	
0	0	0	0	0	0	0	0	0	0	0	0	0	0	0	0	0	0	0	0	0	0	0	0	0	0	0	0	
0	0	0	0	0	0	0	0	0	0	0	0	0	0	0	0	0	0	0	0	0	0	0	0	0	0	0	0	
