0	0	0	0	0	0	0	0	0	7	6	0	0	6	8	0	0	8	1	0	14	0	0	7	0	0	0	0	
0	0	0	0	0	0	0	0	2	0	0	19	0	0	5	6	4	0	0	7	2	13	0	0	0	0	0	0	
0	0	0	0	0	0	0	0	10	0	11	0	3	0	0	157	255	255	52	7	0	0	5	3	0	0	0	0	
0	0	0	0	0	0	0	0	0	0	8	0	21	43	153	245	252	233	2	1	12	3	4	0	0	0	0	0	
0	0	0	0	0	0	0	0	0	0	0	10	44	231	255	255	219	70	0	5	0	3	0	7	0	0	0	0	
0	0	0	0	0	0	0	0	4	3	0	36	225	253	255	146	60	0	0	8	0	9	0	0	0	0	0	0	
0	0	0	0	0	0	0	0	1	0	82	234	244	250	102	18	0	18	0	0	2	4	7	0	0	0	0	0	
0	0	0	0	0	0	0	0	0	97	224	247	251	133	8	0	13	0	1	9	0	5	0	11	0	0	0	0	
0	0	5	5	0	3	2	3	77	251	252	255	170	0	3	0	0	2	15	3	0	2	0	0	2	0	0	1	
5	0	0	1	0	0	0	34	221	241	252	185	0	18	0	14	14	0	0	0	0	0	0	5	0	0	1	5	
3	0	0	3	0	0	24	138	255	255	239	51	6	0	9	0	0	0	6	10	8	5	3	1	0	0	0	0	
0	0	0	6	0	2	124	245	246	238	56	6	0	5	0	13	6	7	0	0	0	0	2	0	1	3	0	0	
0	0	0	3	0	17	214	255	251	63	3	11	21	0	0	0	0	0	0	7	11	0	2	0	0	1	1	0	
2	0	0	0	4	68	255	248	240	19	0	4	0	0	10	3	0	11	0	18	85	129	101	0	0	0	0	0	
0	0	0	0	6	125	255	248	111	21	1	0	2	6	0	12	11	151	225	244	246	250	230	138	20	0	0	0	
0	9	4	0	0	150	234	255	74	0	16	0	10	3	0	105	221	255	245	249	244	239	255	244	61	21	0	0	
0	22	0	0	0	147	255	251	125	13	0	7	0	0	129	255	253	171	93	6	6	0	194	255	139	2	0	3	
2	3	0	5	0	53	251	251	227	30	4	3	0	46	222	251	168	11	6	0	11	33	246	253	119	10	1	9	
5	0	3	6	3	0	179	255	249	200	53	0	16	9	190	247	44	1	3	1	59	156	255	250	60	0	0	3	
0	0	4	0	1	6	53	217	255	255	244	78	0	2	127	255	223	71	88	97	223	255	255	124	9	0	0	0	
0	9	0	0	0	9	0	93	255	217	249	252	224	225	228	255	252	251	255	255	242	247	127	10	0	1	6	0	
0	2	0	7	0	0	6	0	43	255	255	255	248	239	255	238	255	252	255	235	249	110	0	5	0	5	8	1	
2	0	0	8	3	0	28	0	0	0	0	0	11	6	0	3	10	0	0	9	0	3	5	5	0	0	0	1	
5	0	2	0	0	0	0	5	0	6	12	0	1	0	1	0	0	4	6	8	5	1	0	0	3	0	0	5	
0	0	0	0	0	0	0	0	0	0	0	0	0	0	0	0	0	0	0	0	0	0	0	0	0	0	0	0	
0	0	0	0	0	0	0	0	0	0	0	0	0	0	0	0	0	0	0	0	0	0	0	0	0	0	0	0	
0	0	0	0	0	0	0	0	0	0	0	0	0	0	0	0	0	0	0	0	0	0	0	0	0	0	0	0	
0	0	0	0	0	0	0	0	0	0	0	0	0	0	0	0	0	0	0	0	0	0	0	0	0	0	0	0	
