0	0	0	0	0	0	0	0	0	1	3	6	0	0	8	0	10	0	3	2	0	6	5	0	0	0	0	0	
0	0	0	0	0	0	0	0	13	0	0	7	6	0	11	0	0	0	3	0	0	5	0	5	0	0	0	0	
0	0	0	0	0	0	0	0	0	5	3	0	5	8	0	0	0	16	0	3	9	16	0	0	0	0	0	0	
0	0	0	0	0	0	0	0	0	0	5	2	5	12	36	231	252	206	26	0	0	0	0	14	0	0	0	0	
0	0	0	0	0	0	0	0	17	0	0	0	0	0	113	255	255	207	5	6	12	0	7	0	0	0	0	0	
0	0	0	0	0	0	0	0	0	0	3	3	12	24	255	238	255	169	0	8	5	0	9	0	0	0	0	0	
0	0	0	0	0	0	0	0	4	0	4	17	0	0	254	255	246	98	0	0	0	0	3	5	0	0	0	0	
0	0	0	0	0	0	0	0	0	4	0	2	1	85	237	255	251	51	6	0	0	17	0	1	0	0	0	0	
0	0	0	0	0	0	0	0	0	0	1	0	3	209	249	253	204	7	0	2	0	0	13	0	0	0	0	0	
0	0	0	0	0	0	0	0	7	3	0	7	28	237	255	246	138	0	5	9	4	0	4	0	0	0	0	0	
0	0	0	0	0	0	0	0	0	3	0	2	61	239	255	255	96	6	10	0	0	0	6	9	0	0	0	0	
0	0	0	0	0	0	0	0	0	13	4	5	154	250	255	241	28	0	6	0	9	8	0	0	0	0	0	0	
0	0	0	0	0	0	0	0	4	4	0	0	243	255	244	193	0	0	7	5	0	4	3	1	0	0	0	0	
0	0	0	0	0	0	0	0	0	0	0	20	255	242	249	207	205	209	183	141	5	0	0	5	0	0	0	0	
0	0	0	0	0	0	0	0	6	1	15	122	243	250	255	239	239	255	255	245	32	7	0	1	0	0	0	0	
0	0	0	0	0	0	0	0	1	0	22	215	239	255	246	189	222	246	247	255	19	5	0	5	0	0	0	0	
0	0	0	0	0	0	0	0	5	0	178	242	255	255	152	4	169	255	246	203	8	0	14	0	0	0	0	0	
0	0	0	0	0	0	0	0	0	12	183	253	245	241	32	22	238	230	253	13	12	7	0	2	0	0	0	0	
0	0	0	0	0	0	0	0	23	0	174	242	251	255	34	200	255	254	71	0	0	0	2	1	0	0	0	0	
0	0	0	0	0	0	0	0	0	0	205	255	255	255	245	245	224	120	0	11	0	2	0	2	0	0	0	0	
0	0	0	0	0	0	0	0	10	34	253	228	255	247	236	255	92	0	12	0	0	13	3	0	0	0	0	0	
0	0	0	0	0	0	0	0	0	31	252	255	238	255	255	79	0	5	0	6	0	0	7	0	0	0	0	0	
0	0	0	0	0	0	0	0	0	0	196	255	250	251	131	11	2	0	2	0	16	0	0	7	0	0	0	0	
0	0	0	0	0	0	0	0	3	0	0	0	0	0	0	6	4	1	0	0	0	13	0	0	0	0	0	0	
0	0	0	0	0	0	0	0	0	0	0	0	0	0	0	0	0	0	0	0	0	0	0	0	0	0	0	0	
0	0	0	0	0	0	0	0	0	0	0	0	0	0	0	0	0	0	0	0	0	0	0	0	0	0	0	0	
0	0	0	0	0	0	0	0	0	0	0	0	0	0	0	0	0	0	0	0	0	0	0	0	0	0	0	0	
0	0	0	0	0	0	0	0	0	0	0	0	0	0	0	0	0	0	0	0	0	0	0	0	0	0	0	0	
