0	0	0	0	0	0	0	0	1	3	0	14	3	3	0	7	0	3	0	22	0	6	4	0	0	0	0	0	
0	0	0	0	0	0	0	0	0	1	0	0	0	3	0	0	0	6	0	0	0	0	0	0	0	0	0	0	
0	0	0	0	0	0	0	0	0	15	0	0	16	0	0	17	0	149	252	76	3	11	0	15	0	0	0	0	
0	0	0	0	0	0	0	0	0	0	3	6	0	3	10	0	110	255	244	68	14	0	6	0	0	0	0	0	
0	0	0	0	0	0	0	0	4	1	0	13	2	0	3	81	198	254	193	26	0	0	0	22	0	0	0	0	
0	0	0	0	0	0	0	0	1	17	0	3	0	0	74	251	252	221	41	0	0	5	17	0	0	0	0	0	
0	0	0	0	0	0	0	0	0	0	28	0	0	102	243	247	245	99	0	0	8	6	0	17	0	0	0	0	
0	0	0	0	0	0	0	0	11	0	0	3	192	246	255	231	45	0	0	5	0	0	0	1	0	0	0	0	
0	0	0	5	0	0	6	3	8	0	10	163	245	255	247	40	0	10	3	4	4	0	1	1	0	0	0	0	
1	2	0	0	0	2	8	0	0	31	140	217	255	186	59	6	22	0	0	0	0	4	4	0	0	0	0	0	
0	6	0	0	0	9	0	0	37	164	255	250	219	102	4	0	0	0	18	0	0	10	0	2	0	0	0	0	
0	5	0	0	2	5	0	13	205	232	247	236	46	1	0	6	2	8	0	0	7	9	0	0	0	0	0	0	
0	2	0	7	3	0	0	82	243	255	229	0	16	0	0	1	4	0	0	90	142	130	102	15	0	0	0	0	
5	2	0	7	0	0	17	174	255	240	89	0	2	7	0	0	0	31	129	250	250	255	251	50	0	0	0	0	
3	4	0	6	0	0	37	235	245	223	23	0	1	0	4	2	107	176	253	255	230	255	241	38	0	0	0	0	
0	6	0	8	0	5	42	252	255	132	0	3	0	6	6	116	247	255	254	246	255	251	158	10	0	0	0	0	
0	0	13	0	0	10	84	255	247	146	3	0	12	0	157	240	254	246	249	255	255	162	22	0	0	0	0	0	
5	0	4	8	3	0	61	243	255	245	122	37	45	191	239	255	255	255	255	246	153	2	0	29	0	0	0	0	
11	0	0	6	3	0	15	152	243	255	254	231	255	255	253	231	249	241	209	68	0	13	0	0	0	0	0	0	
5	0	0	0	3	0	0	37	188	236	250	255	235	251	255	255	241	119	3	1	7	0	8	0	0	0	0	0	
0	5	3	0	6	14	0	0	16	59	255	253	255	249	239	204	115	9	0	0	0	16	0	2	0	0	0	0	
0	5	4	0	3	0	0	2	0	0	98	254	254	255	123	21	8	0	0	16	0	0	5	0	0	0	0	0	
2	4	0	2	0	0	0	3	8	8	0	1	0	0	26	0	0	0	12	0	0	16	0	1	0	0	0	0	
0	1	0	0	4	6	7	0	0	0	14	0	7	3	0	6	11	0	0	3	4	0	0	1	0	0	0	0	
0	0	0	0	0	0	0	0	0	0	0	0	0	0	0	0	0	0	0	0	0	0	0	0	0	0	0	0	
0	0	0	0	0	0	0	0	0	0	0	0	0	0	0	0	0	0	0	0	0	0	0	0	0	0	0	0	
0	0	0	0	0	0	0	0	0	0	0	0	0	0	0	0	0	0	0	0	0	0	0	0	0	0	0	0	
0	0	0	0	0	0	0	0	0	0	0	0	0	0	0	0	0	0	0	0	0	0	0	0	0	0	0	0	
