0	0	0	0	0	0	0	0	11	0	4	5	0	5	12	0	0	3	1	0	5	12	0	6	0	0	0	0	
0	0	0	0	0	0	0	0	0	1	4	1	13	0	0	13	0	0	7	2	0	0	13	0	0	0	0	0	
0	0	0	0	0	0	0	0	0	0	9	0	0	6	0	0	9	128	248	121	8	0	0	11	0	0	0	0	
0	0	0	0	0	0	0	0	2	0	4	0	0	5	7	7	110	249	228	56	11	0	23	0	0	0	0	0	
0	0	0	0	0	0	0	0	1	1	0	2	16	0	5	117	255	238	178	0	0	4	0	5	0	0	0	0	
0	0	0	0	0	0	0	0	0	0	6	0	0	27	120	243	243	98	2	0	19	0	19	0	0	0	0	0	
0	0	0	0	0	0	0	0	1	0	9	0	12	144	247	255	175	16	0	5	1	0	0	3	0	0	0	0	
0	0	0	0	0	0	0	0	4	1	0	5	117	250	255	201	27	0	0	0	0	1	0	2	0	0	0	0	
0	0	0	4	2	0	0	0	3	0	0	36	237	235	217	17	0	2	0	1	6	11	0	5	0	0	0	0	
1	1	0	0	0	0	4	0	0	21	121	221	255	216	0	16	4	11	0	0	0	0	5	6	0	0	0	0	
2	0	2	0	0	4	7	0	7	44	243	255	232	250	228	176	226	119	0	18	6	17	0	0	0	0	0	0	
1	0	4	0	0	10	3	0	39	205	254	255	255	255	252	246	255	253	236	104	72	0	10	3	0	0	0	0	
0	0	5	0	4	6	0	9	192	245	255	233	237	255	255	249	246	255	251	255	250	162	3	6	0	0	0	0	
0	0	5	0	5	0	0	70	237	255	183	112	14	103	110	179	230	245	213	200	255	236	28	0	0	0	0	0	
0	3	6	0	6	0	21	172	255	127	20	0	20	0	1	0	0	55	64	239	255	255	11	18	0	0	0	0	
0	5	6	0	8	0	52	255	253	59	0	10	0	2	0	0	0	4	0	170	250	247	39	0	0	0	0	0	
7	0	12	0	0	45	180	247	253	95	0	18	0	6	5	0	0	0	7	34	228	251	29	0	0	0	0	0	
0	0	2	0	17	140	245	255	255	224	164	60	85	34	23	4	0	33	66	183	255	171	0	7	0	0	0	0	
0	13	1	0	0	146	245	255	247	246	255	255	240	242	235	210	201	210	248	255	223	46	0	10	0	0	0	0	
0	0	3	4	2	87	174	214	253	255	252	246	255	242	234	252	255	243	255	213	32	15	9	0	0	0	0	0	
15	0	0	0	0	0	5	14	49	138	193	244	208	255	253	254	214	255	194	24	15	0	0	0	0	0	0	0	
0	0	5	3	15	0	4	0	10	6	0	111	67	227	195	124	83	96	16	0	0	4	22	0	0	0	0	0	
0	3	8	0	0	0	4	1	0	5	0	0	18	14	0	0	0	0	0	4	27	0	7	0	0	0	0	0	
0	7	0	2	0	10	0	0	2	3	5	0	0	0	2	0	6	0	12	0	0	7	0	20	0	0	0	0	
0	0	0	0	0	0	0	0	0	0	0	0	0	0	0	0	0	0	0	0	0	0	0	0	0	0	0	0	
0	0	0	0	0	0	0	0	0	0	0	0	0	0	0	0	0	0	0	0	0	0	0	0	0	0	0	0	
0	0	0	0	0	0	0	0	0	0	0	0	0	0	0	0	0	0	0	0	0	0	0	0	0	0	0	0	
0	0	0	0	0	0	0	0	0	0	0	0	0	0	0	0	0	0	0	0	0	0	0	0	0	0	0	0	
