0	0	0	0	0	0	0	0	0	6	0	2	2	0	0	0	0	0	0	0	0	1	7	0	0	0	0	0	
0	0	0	0	0	0	0	0	0	0	7	0	0	30	0	5	1	0	4	8	1	0	1	0	0	0	0	0	
0	0	0	0	0	0	0	0	0	8	0	0	0	107	203	20	4	0	0	6	2	0	1	0	0	0	0	0	
0	0	0	0	0	0	0	0	5	6	2	18	175	234	255	207	29	1	0	0	0	0	3	6	0	0	0	0	
0	0	0	0	0	0	0	0	0	7	2	55	241	255	247	255	52	16	0	0	0	0	2	0	0	0	0	0	
0	0	0	0	0	0	0	0	35	0	46	232	255	251	255	168	29	4	0	1	2	3	3	0	0	0	0	0	
0	0	0	0	0	0	0	0	0	7	196	255	250	234	110	13	0	0	0	1	0	1	5	0	0	0	0	0	
0	0	0	0	0	0	0	0	0	79	248	246	255	72	0	2	0	4	11	6	0	0	4	2	0	0	0	0	
0	0	0	0	0	0	0	0	8	194	255	255	187	1	0	0	0	0	2	0	0	3	4	0	0	0	0	0	
0	0	0	0	0	0	0	0	11	239	234	246	63	11	0	9	2	2	0	0	9	0	0	12	0	0	0	0	
0	0	0	0	0	0	0	0	96	251	255	246	14	0	11	0	6	0	0	15	0	0	3	0	0	0	0	0	
0	0	0	0	0	0	0	0	62	252	245	243	0	9	12	0	0	20	0	0	0	10	0	8	0	0	0	0	
0	0	0	0	0	0	0	0	72	255	250	248	0	0	0	52	153	180	186	179	50	27	2	1	0	0	0	0	
0	0	0	0	0	0	0	0	79	235	254	238	0	37	151	229	253	255	248	255	251	179	36	0	0	0	0	0	
0	0	0	0	0	0	0	0	76	255	255	241	18	174	255	255	255	236	250	241	255	226	143	16	0	0	0	0	
0	0	0	0	0	0	0	0	83	236	255	253	254	247	253	255	230	139	62	0	177	255	242	80	0	0	0	0	
0	0	0	0	0	0	0	0	0	152	246	255	255	255	246	220	39	3	0	0	22	215	253	77	0	0	0	0	
0	0	0	0	0	0	0	0	15	32	227	249	226	252	255	246	176	13	2	0	4	217	186	53	0	0	0	0	
0	0	0	0	0	0	0	0	0	0	190	246	255	255	243	255	181	0	9	68	47	125	24	0	0	0	0	0	
0	0	0	0	0	0	0	0	5	2	71	221	231	255	245	252	189	173	182	252	255	220	60	0	0	0	0	0	
0	0	0	0	0	0	0	0	5	0	0	26	241	225	255	252	253	255	239	255	227	96	9	0	0	0	0	0	
0	0	0	0	0	0	0	0	0	0	2	0	0	64	174	241	254	255	249	125	25	0	0	0	0	0	0	0	
0	0	0	0	0	0	0	0	0	0	13	0	0	0	0	11	10	0	9	0	0	0	7	13	0	0	0	0	
0	0	0	0	0	0	0	0	9	0	0	0	19	0	6	0	0	7	0	5	2	8	0	0	0	0	0	0	
0	0	0	0	0	0	0	0	0	0	0	0	0	0	0	0	0	0	0	0	0	0	0	0	0	0	0	0	
0	0	0	0	0	0	0	0	0	0	0	0	0	0	0	0	0	0	0	0	0	0	0	0	0	0	0	0	
0	0	0	0	0	0	0	0	0	0	0	0	0	0	0	0	0	0	0	0	0	0	0	0	0	0	0	0	
0	0	0	0	0	0	0	0	0	0	0	0	0	0	0	0	0	0	0	0	0	0	0	0	0	0	0	0	
