0	0	0	0	0	0	0	0	0	4	0	8	3	0	13	0	1	0	7	1	0	3	2	0	0	0	0	0	
0	0	0	0	0	0	0	0	0	4	0	0	0	4	0	0	0	9	7	0	5	7	0	7	0	0	0	0	
0	0	0	0	0	0	0	0	0	0	5	0	0	25	0	13	105	246	132	0	24	0	0	5	0	0	0	0	
0	0	0	0	0	0	0	0	10	0	5	0	0	0	0	29	240	255	214	10	0	0	5	0	0	0	0	0	
0	0	0	0	0	0	0	0	0	0	3	5	17	0	98	189	247	160	65	0	19	0	0	0	0	0	0	0	
0	0	0	0	0	0	0	0	5	1	3	0	0	0	157	250	251	12	16	2	0	13	0	0	0	0	0	0	
0	0	0	0	0	0	0	0	2	0	0	0	9	119	236	255	111	19	0	0	0	0	0	6	0	0	0	0	
0	0	0	0	0	0	0	0	2	0	0	2	37	226	255	205	0	0	6	6	0	5	0	0	0	0	0	0	
0	0	0	0	0	0	0	0	0	6	0	16	124	255	250	84	12	0	21	0	4	3	5	0	0	0	0	0	
0	0	0	0	0	0	0	0	5	0	6	13	235	255	195	10	0	7	0	0	9	0	0	21	0	0	0	0	
0	0	0	0	0	0	0	0	0	3	0	100	255	251	82	0	6	4	0	14	5	0	0	0	0	0	0	0	
0	0	0	0	0	0	0	0	13	0	0	198	247	255	4	7	10	0	11	0	0	0	21	0	0	0	0	0	
0	0	0	0	0	0	0	0	0	0	148	255	235	210	77	128	120	95	115	12	2	8	0	0	0	0	0	0	
0	0	0	0	0	0	0	0	8	19	230	242	255	255	247	255	255	224	255	145	6	6	0	6	0	0	0	0	
0	0	0	0	0	0	0	0	0	106	255	252	254	242	226	223	191	135	255	244	52	0	7	2	0	0	0	0	
0	0	0	0	0	0	0	0	7	179	241	252	251	162	53	0	11	0	195	255	144	1	0	0	0	0	0	0	
0	0	0	0	0	0	0	0	38	227	246	255	249	22	7	2	4	4	191	248	98	5	0	7	0	0	0	0	
0	0	0	0	0	0	0	0	41	255	255	255	219	19	10	1	38	101	253	239	49	0	9	3	0	0	0	0	
0	0	0	0	0	0	0	0	53	254	245	181	35	0	0	92	242	252	235	77	0	24	0	0	0	0	0	0	
0	0	0	0	0	0	0	0	8	183	255	235	174	111	213	255	253	225	80	0	2	1	0	0	0	0	0	0	
0	0	0	0	0	0	0	0	2	41	220	247	255	250	252	246	249	76	3	0	0	14	0	11	0	0	0	0	
0	0	0	0	0	0	0	0	0	21	98	243	236	247	199	138	0	0	0	21	5	0	7	0	0	0	0	0	
0	0	0	0	0	0	0	0	6	0	2	0	4	21	0	0	0	20	11	0	0	17	0	0	0	0	0	0	
0	0	0	0	0	0	0	0	0	23	0	0	0	15	0	8	3	0	0	10	0	0	4	6	0	0	0	0	
0	0	0	0	0	0	0	0	0	0	0	0	0	0	0	0	0	0	0	0	0	0	0	0	0	0	0	0	
0	0	0	0	0	0	0	0	0	0	0	0	0	0	0	0	0	0	0	0	0	0	0	0	0	0	0	0	
0	0	0	0	0	0	0	0	0	0	0	0	0	0	0	0	0	0	0	0	0	0	0	0	0	0	0	0	
0	0	0	0	0	0	0	0	0	0	0	0	0	0	0	0	0	0	0	0	0	0	0	0	0	0	0	0	
