0	0	0	0	0	0	0	0	3	0	0	14	0	21	0	0	0	0	11	0	4	0	17	0	0	0	0	0	
0	0	0	0	0	0	0	0	0	4	2	0	1	0	20	3	0	29	0	0	10	13	0	2	0	0	0	0	
0	0	0	0	0	0	0	0	6	0	7	2	0	3	0	33	236	205	0	13	0	0	9	9	0	0	0	0	
0	0	0	0	0	0	0	0	9	0	4	19	0	6	40	139	248	44	1	6	1	6	0	0	0	0	0	0	
0	0	0	0	0	0	0	0	0	15	0	3	0	1	191	254	221	0	8	0	0	7	0	0	0	0	0	0	
0	0	0	0	0	0	0	0	0	20	0	0	2	126	255	252	83	8	0	16	1	0	16	0	0	0	0	0	
0	0	0	0	0	0	0	0	7	1	0	1	8	255	249	161	13	0	2	0	0	10	0	12	0	0	0	0	
0	0	0	0	0	0	0	0	5	0	3	0	29	247	250	100	0	0	0	10	8	0	2	0	0	0	0	0	
0	0	0	0	0	0	0	0	13	0	9	29	206	251	179	7	5	0	4	4	0	6	8	0	0	0	0	0	
0	0	0	0	0	0	0	0	0	26	0	127	255	229	44	0	0	7	8	0	10	0	0	15	0	0	0	0	
0	0	0	0	0	0	0	0	0	0	67	253	254	113	0	0	0	0	0	7	4	22	9	0	0	0	0	0	
0	0	0	0	0	0	0	0	2	0	171	250	217	5	0	12	0	0	0	6	0	0	10	0	0	0	0	0	
0	0	0	0	0	0	0	0	0	42	230	233	115	0	1	0	5	7	0	0	29	0	0	9	0	0	0	0	
0	0	0	0	0	0	0	0	0	157	254	240	0	10	0	7	0	22	0	15	0	1	0	0	0	0	0	0	
0	0	0	0	0	0	0	0	7	255	247	147	0	7	35	139	244	255	238	214	49	0	1	0	0	0	0	0	
0	0	0	0	0	0	0	0	71	254	229	58	6	0	195	254	255	237	255	255	247	30	3	0	0	0	0	0	
0	0	0	0	0	0	0	0	113	255	154	0	3	171	236	229	161	68	62	198	255	117	0	3	0	0	0	0	
0	0	0	0	0	0	0	0	104	252	146	0	0	210	253	171	5	0	90	249	236	75	0	9	0	0	0	0	
0	0	0	0	0	0	0	0	59	255	242	63	0	119	255	209	138	170	255	254	115	5	0	1	0	0	0	0	
0	0	0	0	0	0	0	0	0	255	243	223	77	93	255	255	245	255	248	141	8	0	11	0	0	0	0	0	
0	0	0	0	0	0	0	0	5	118	255	248	255	243	223	255	255	195	97	19	0	0	9	6	0	0	0	0	
0	0	0	0	0	0	0	0	0	22	10	129	231	255	188	146	68	28	0	0	19	6	0	0	0	0	0	0	
0	0	0	0	0	0	0	0	0	5	9	0	10	0	0	0	1	3	0	0	0	0	0	7	0	0	0	0	
0	0	0	0	0	0	0	0	8	0	0	2	0	8	9	0	3	0	0	5	0	1	5	0	0	0	0	0	
0	0	0	0	0	0	0	0	0	0	0	0	0	0	0	0	0	0	0	0	0	0	0	0	0	0	0	0	
0	0	0	0	0	0	0	0	0	0	0	0	0	0	0	0	0	0	0	0	0	0	0	0	0	0	0	0	
0	0	0	0	0	0	0	0	0	0	0	0	0	0	0	0	0	0	0	0	0	0	0	0	0	0	0	0	
0	0	0	0	0	0	0	0	0	0	0	0	0	0	0	0	0	0	0	0	0	0	0	0	0	0	0	0	
