0	0	0	0	0	0	0	0	3	0	0	3	5	3	0	0	4	0	2	0	3	2	11	0	3	1	0	0	
0	0	0	0	0	0	0	0	2	4	1	0	0	0	0	0	2	1	5	17	9	0	0	0	0	0	0	0	
0	0	0	0	0	0	0	0	0	1	6	0	0	4	6	1	2	4	0	0	0	10	4	8	0	0	0	0	
0	0	0	0	0	0	0	0	0	2	2	0	0	0	0	0	0	5	2	10	0	3	0	0	5	3	0	0	
0	0	0	0	0	0	0	0	7	0	0	4	7	2	5	13	4	0	1	0	0	35	138	225	12	8	2	0	
0	0	0	0	0	0	0	0	0	0	0	7	4	0	0	0	4	0	19	54	170	250	255	237	13	8	2	0	
0	0	0	0	0	0	0	0	0	7	7	0	0	7	27	36	136	195	242	247	255	255	203	129	5	2	0	0	
0	0	0	0	0	0	0	0	0	12	7	0	19	111	202	246	253	253	247	247	172	90	13	0	0	0	0	1	
0	0	0	0	0	0	0	0	4	0	7	0	137	238	255	245	251	255	149	37	0	1	10	4	0	0	0	0	
0	0	0	0	0	0	0	0	0	0	0	33	88	45	142	255	214	110	7	0	20	0	0	0	0	0	0	0	
0	0	0	0	0	0	0	0	13	11	0	0	7	111	239	117	19	0	0	0	6	0	0	3	0	0	0	0	
0	0	0	0	0	0	0	0	0	2	2	6	59	220	222	10	0	0	17	0	0	16	10	0	0	0	0	0	
0	0	0	0	0	0	0	0	13	0	9	128	255	243	22	1	10	0	0	13	0	0	0	10	0	0	0	0	
0	0	0	0	0	0	0	0	0	4	22	251	244	51	7	1	0	2	0	0	7	6	11	0	0	0	0	0	
0	0	0	0	0	0	0	0	1	21	244	244	95	30	100	195	198	255	241	159	94	0	10	0	0	0	0	0	
0	0	0	0	0	0	0	0	1	164	255	64	104	190	252	252	233	236	251	255	240	9	0	0	0	0	0	0	
0	2	0	4	3	0	3	0	0	223	234	4	228	255	126	78	22	18	67	214	245	3	7	0	0	0	0	0	
0	4	0	0	0	2	3	0	97	250	144	239	218	41	2	5	0	1	13	177	118	2	0	2	0	0	0	0	
0	4	0	0	0	2	0	2	197	218	13	255	32	0	7	0	14	0	60	240	46	0	15	0	0	0	0	0	
0	0	2	0	2	0	0	34	251	212	111	251	62	3	9	0	4	161	252	222	36	0	0	5	0	0	0	0	
2	0	3	4	2	0	6	90	255	160	10	228	164	14	4	160	232	217	136	15	0	11	15	0	0	0	0	0	
8	0	2	0	1	0	15	123	237	165	87	147	251	224	255	252	187	51	5	14	0	0	9	0	0	0	0	0	
6	0	3	0	3	0	4	95	255	252	255	255	252	191	116	36	0	6	0	2	0	3	0	13	0	0	0	0	
0	0	7	0	8	7	0	46	122	190	151	62	127	20	15	0	3	4	0	7	0	7	1	0	0	0	0	0	
0	0	0	0	0	0	0	0	0	0	0	0	0	0	0	0	0	0	0	0	0	0	0	0	0	0	0	0	
0	0	0	0	0	0	0	0	0	0	0	0	0	0	0	0	0	0	0	0	0	0	0	0	0	0	0	0	
0	0	0	0	0	0	0	0	0	0	0	0	0	0	0	0	0	0	0	0	0	0	0	0	0	0	0	0	
0	0	0	0	0	0	0	0	0	0	0	0	0	0	0	0	0	0	0	0	0	0	0	0	0	0	0	0	
