0	0	0	0	0	0	0	0	0	0	0	0	0	0	0	0	0	0	0	0	0	0	0	0	0	0	0	0	
0	0	0	0	0	0	0	0	0	0	0	0	0	0	0	0	0	0	0	0	0	0	0	0	0	0	0	0	
0	0	0	0	0	0	0	0	0	0	0	0	0	0	0	0	0	0	0	0	0	0	0	0	0	0	0	0	
0	0	0	0	0	0	0	0	0	0	0	0	0	0	0	0	0	0	0	0	0	0	0	0	0	0	0	0	
0	0	0	0	0	0	0	0	0	0	0	0	0	0	0	0	0	0	0	0	0	0	0	0	0	0	0	0	
0	0	0	0	0	0	0	0	0	0	0	0	0	0	0	0	0	0	0	0	0	0	0	0	0	0	0	0	
0	0	0	0	0	0	0	0	0	0	0	0	0	0	0	0	0	0	0	0	0	0	0	0	0	0	0	0	
0	0	0	0	0	0	0	0	0	0	0	0	0	0	0	0	0	0	0	0	0	0	0	0	0	0	0	0	
0	0	0	0	0	0	0	0	0	143	155	0	2	0	8	0	69	54	113	159	134	29	0	3	0	0	0	0	
0	0	0	0	0	0	0	0	10	205	255	147	193	214	236	222	236	255	243	255	245	138	0	0	0	0	0	0	
0	0	0	0	0	0	0	0	58	255	243	236	255	240	255	255	255	181	246	245	232	10	0	8	0	0	0	0	
0	0	0	0	0	0	0	0	110	255	171	39	28	8	9	0	0	70	230	255	121	4	13	0	0	0	0	0	
0	0	0	0	0	0	0	0	143	249	184	0	0	0	0	12	13	235	255	179	0	11	0	0	0	0	0	0	
0	0	0	0	0	0	0	0	164	248	92	18	5	1	0	6	142	255	195	40	13	0	0	4	0	0	0	0	
0	0	0	0	0	0	0	0	121	207	13	7	0	9	12	34	249	240	95	0	0	6	13	0	0	0	0	0	
0	0	0	0	0	0	0	0	0	0	9	0	16	0	0	125	255	168	6	0	5	0	0	7	0	0	0	0	
0	0	0	0	0	0	0	0	0	7	4	0	12	0	9	229	255	60	0	9	0	4	3	0	0	0	0	0	
0	0	0	0	0	0	0	0	4	0	8	2	0	1	123	242	193	33	0	7	0	3	1	0	0	0	0	0	
0	0	0	0	0	0	0	0	3	0	5	3	0	15	234	255	88	2	0	3	0	2	0	4	0	0	0	0	
0	0	0	0	0	0	0	0	0	1	0	0	4	82	255	203	15	0	0	0	0	3	0	4	0	0	0	0	
0	0	0	0	0	0	0	0	2	3	0	0	20	186	237	71	0	0	4	0	0	3	0	2	0	0	0	0	
0	0	0	0	0	0	0	0	0	0	9	0	0	242	227	14	0	6	3	0	2	3	0	1	0	0	0	0	
0	0	0	0	0	0	0	0	0	2	7	3	25	251	182	14	2	3	0	0	4	0	0	1	0	0	0	0	
0	0	0	0	0	0	0	0	0	10	0	14	113	255	108	0	0	0	0	0	4	0	1	1	0	0	0	0	
0	0	0	0	0	0	0	0	10	0	6	45	245	254	11	2	0	0	0	0	0	0	0	0	0	0	0	0	
0	0	0	0	0	0	0	0	5	0	5	80	255	255	12	0	0	0	0	0	0	0	0	0	0	0	0	0	
0	0	0	0	0	0	0	0	3	0	0	62	247	193	5	0	0	0	0	0	0	0	0	0	0	0	0	0	
0	0	0	0	0	0	0	0	0	0	6	24	226	95	0	1	0	0	0	0	0	0	0	0	0	0	0	0	
