0	0	0	0	0	0	0	0	0	4	0	12	4	0	10	1	1	0	0	0	0	0	0	0	0	0	0	0	
0	0	0	0	0	0	0	0	6	0	4	0	0	13	0	0	0	0	0	0	0	0	0	0	0	0	0	0	
0	0	0	0	0	0	0	0	6	0	10	0	24	0	1	8	0	0	0	0	0	0	0	0	0	0	0	0	
0	0	0	0	0	0	0	0	0	0	0	0	0	35	0	1	0	0	0	1	1	1	0	0	0	0	0	0	
0	0	0	0	0	0	0	0	0	6	0	0	5	0	4	2	0	0	0	1	1	1	0	0	0	0	0	0	
0	0	0	0	0	0	0	0	7	0	4	7	7	0	1	0	3	2	1	0	0	0	0	0	0	0	0	0	
0	0	0	0	0	0	0	0	4	0	31	75	31	229	57	54	7	5	1	0	0	0	0	1	0	0	0	0	
0	0	0	0	0	0	0	0	0	6	72	254	253	248	255	255	9	6	2	0	0	0	0	1	0	0	0	0	
3	0	12	0	0	11	0	7	0	161	195	255	242	255	252	253	23	9	0	14	0	0	10	0	0	0	0	0	
0	0	5	0	8	0	7	124	233	254	247	255	255	203	255	248	230	139	10	0	0	0	5	0	0	0	0	0	
4	0	0	0	9	0	53	231	199	155	152	142	163	78	232	252	255	190	44	5	4	3	0	0	0	0	0	0	
0	1	2	0	6	0	12	106	33	9	2	0	0	2	168	255	249	241	92	3	0	4	2	5	0	0	0	0	
0	0	7	0	0	1	0	0	0	2	5	15	0	4	26	162	255	255	103	0	0	11	0	0	0	0	0	0	
9	0	0	0	0	7	18	5	2	0	0	0	0	8	0	193	241	243	91	6	7	6	0	0	0	0	0	0	
0	0	1	9	4	0	0	0	8	3	15	4	8	0	0	176	255	255	102	4	0	0	0	12	0	0	0	0	
0	15	0	0	5	0	0	10	0	0	0	0	0	2	12	175	245	255	102	0	0	12	1	0	0	0	0	0	
0	0	0	0	0	0	0	0	2	2	0	0	3	0	42	192	255	246	94	0	3	0	0	0	0	0	0	0	
0	0	0	0	0	0	0	0	0	2	0	0	5	14	97	248	255	255	107	0	6	0	12	4	0	0	0	0	
0	0	0	0	0	0	0	0	0	0	0	1	0	5	117	255	248	253	100	0	1	0	3	0	0	0	0	0	
0	0	0	0	0	0	0	0	8	0	0	9	0	0	119	247	255	237	77	5	12	3	9	0	0	0	0	0	
0	0	0	0	0	0	0	0	2	0	0	6	3	19	172	250	242	170	10	0	0	0	0	0	0	0	0	0	
0	0	0	0	0	0	0	0	0	9	5	0	0	60	240	255	255	128	1	5	0	13	0	16	0	0	0	0	
0	0	0	0	0	0	0	0	0	8	3	0	0	64	255	254	216	51	0	0	0	0	0	2	0	0	0	0	
0	0	0	0	0	0	0	0	1	0	0	3	6	49	251	249	154	0	0	0	11	1	0	2	0	0	0	0	
0	0	0	0	0	0	0	0	0	1	3	8	0	64	255	253	9	6	2	0	0	0	0	1	0	0	0	0	
0	0	0	0	0	0	0	0	0	1	0	0	0	53	141	65	7	5	1	0	0	0	0	1	0	0	0	0	
0	0	0	0	0	0	0	0	6	0	0	1	0	6	30	0	3	2	1	0	0	0	0	0	0	0	0	0	
0	0	0	0	0	0	0	0	7	0	0	3	0	0	0	7	0	0	0	1	1	1	0	0	0	0	0	0	
