0	0	0	0	0	0	0	0	0	0	0	0	0	0	0	0	0	0	0	0	0	0	0	0	0	0	0	0	
0	0	0	0	0	0	0	0	0	0	0	0	0	0	0	0	0	0	0	0	0	0	0	0	0	0	0	0	
0	0	0	0	0	0	0	0	0	0	0	0	0	0	0	0	0	0	0	0	0	0	0	0	0	0	0	0	
0	0	0	0	0	0	0	0	0	0	0	0	0	0	0	0	0	0	0	0	0	0	0	0	0	0	0	0	
0	0	0	0	0	0	0	0	0	0	0	0	0	0	0	0	0	0	0	0	0	0	0	0	0	0	0	0	
0	0	0	0	0	0	0	0	0	0	0	0	0	0	0	0	0	0	0	0	0	0	0	0	0	0	0	0	
0	0	0	0	0	0	0	0	0	0	0	0	0	0	0	0	0	0	0	0	0	0	0	0	0	0	0	0	
0	0	0	0	0	0	0	0	0	0	0	0	0	0	0	0	0	0	0	0	0	0	0	0	0	0	0	0	
3	0	3	0	51	224	255	231	118	118	118	118	118	118	118	118	128	106	119	232	143	117	0	2	0	0	0	0	
5	0	11	0	227	255	251	255	255	255	255	255	255	255	255	255	251	255	241	251	255	202	10	0	0	0	0	0	
2	0	5	1	176	178	163	194	250	250	250	250	250	250	250	250	254	244	255	249	229	118	10	6	0	0	0	0	
7	0	4	6	0	3	0	12	63	63	63	63	63	63	63	63	72	126	248	255	113	0	0	0	0	0	0	0	
0	0	10	0	3	5	5	8	0	0	0	0	0	0	0	0	0	199	255	244	68	0	8	10	0	0	0	0	
13	3	0	0	12	0	0	0	1	1	1	1	1	1	1	1	16	245	251	186	7	0	0	0	0	0	0	0	
7	0	0	9	0	1	5	11	0	0	0	0	0	0	0	0	126	242	255	187	9	0	4	0	0	0	0	0	
0	9	6	0	9	0	0	0	1	1	1	1	1	1	1	1	243	255	253	131	0	0	0	3	0	0	0	0	
0	0	0	0	0	0	0	0	0	4	0	5	4	0	0	129	252	249	189	0	11	10	0	1	0	0	0	0	
0	0	0	0	0	0	0	0	2	3	1	0	2	0	0	159	247	255	155	1	0	0	0	12	0	0	0	0	
0	0	0	0	0	0	0	0	0	0	6	0	6	0	22	218	251	235	72	0	3	3	0	0	0	0	0	0	
0	0	0	0	0	0	0	0	0	0	6	0	4	9	100	255	253	151	4	0	7	7	5	0	0	0	0	0	
0	0	0	0	0	0	0	0	5	2	2	4	0	14	183	251	255	67	0	4	0	0	6	0	0	0	0	0	
0	0	0	0	0	0	0	0	3	2	0	7	0	30	249	252	255	20	0	2	0	0	7	0	0	0	0	0	
0	0	0	0	0	0	0	0	0	0	3	0	6	48	255	255	206	4	0	0	4	2	3	0	0	0	0	0	
0	0	0	0	0	0	0	0	0	0	9	0	9	48	245	252	127	2	1	5	2	0	0	7	0	0	0	0	
0	0	0	0	0	0	0	0	0	0	8	0	3	45	254	248	129	0	0	4	0	0	2	2	0	0	0	0	
0	0	0	0	0	0	0	0	3	2	6	0	5	52	255	255	134	9	0	0	1	3	2	0	0	0	0	0	
0	0	0	0	0	0	0	0	2	0	0	0	0	43	247	234	95	11	1	0	2	4	0	1	0	0	0	0	
0	0	0	0	0	0	0	0	0	0	0	0	0	28	212	186	23	0	5	1	1	0	0	5	0	0	0	0	
