0	0	0	0	0	0	0	0	0	0	1	1	1	0	0	0	4	0	6	0	0	2	0	5	0	0	0	0	
0	0	0	0	0	0	0	0	2	0	0	0	3	7	5	1	6	0	0	0	3	11	0	0	0	0	0	0	
0	0	0	0	0	0	0	0	4	2	0	0	1	3	4	4	7	4	9	0	0	0	0	4	0	0	0	0	
0	0	0	0	0	0	0	0	0	0	1	0	0	0	0	2	0	0	3	1	0	4	0	0	0	0	0	0	
0	0	0	0	0	0	0	0	0	0	2	4	5	5	3	1	18	12	0	0	1	6	6	0	0	0	0	0	
0	0	0	0	0	0	0	0	6	0	0	0	1	2	0	0	0	0	0	3	1	0	3	3	0	0	0	0	
0	0	0	0	0	0	0	0	0	0	3	1	0	0	7	15	9	5	0	11	13	0	0	0	0	0	0	0	
0	0	0	0	0	0	0	0	5	34	60	58	42	48	84	121	255	157	25	0	0	0	13	6	0	0	0	0	
0	0	0	0	0	0	0	0	10	150	252	252	255	255	255	240	255	238	59	12	0	4	6	0	0	0	0	0	
0	0	0	0	0	0	0	0	0	181	252	53	87	178	181	150	250	168	0	0	1	4	0	3	0	0	0	0	
0	0	0	0	0	0	0	0	13	164	239	0	4	7	0	45	255	128	0	0	9	2	0	5	0	0	0	0	
0	0	0	0	0	0	0	0	10	159	244	1	10	3	0	147	255	119	10	2	1	0	0	0	0	0	0	0	
0	0	0	0	0	0	0	0	5	171	232	11	0	0	7	146	245	82	14	0	0	2	0	0	0	0	0	0	
0	0	0	0	0	0	0	0	0	163	212	45	0	6	2	135	248	33	0	0	2	4	0	2	0	0	0	0	
0	0	0	0	0	0	0	0	3	191	229	28	0	5	2	154	255	12	0	0	6	4	0	0	0	0	0	0	
0	0	0	0	0	0	0	0	0	178	240	50	9	0	0	227	251	9	14	0	0	3	0	1	0	0	0	0	
0	0	0	0	0	0	0	0	7	169	243	59	0	12	0	255	191	14	12	0	6	0	0	0	0	0	0	0	
0	0	0	0	0	0	0	0	1	162	254	28	0	0	5	238	182	0	0	0	0	0	4	5	0	0	0	0	
0	0	0	0	0	0	0	0	0	60	125	0	11	0	8	254	242	20	8	5	2	0	2	0	0	0	0	0	
0	0	0	0	0	0	0	0	7	0	0	0	10	5	0	255	255	15	1	5	1	0	6	0	0	0	0	0	
0	0	0	0	0	0	0	0	0	8	0	10	0	11	0	255	252	7	0	1	1	0	8	0	0	0	0	0	
0	0	0	0	0	0	0	0	0	2	0	1	0	5	14	236	255	26	5	5	6	0	2	0	0	0	0	0	
0	0	0	0	0	0	0	0	7	0	0	0	9	0	0	171	244	24	0	0	2	0	0	4	0	0	0	0	
0	0	0	0	0	0	0	0	0	7	2	0	3	1	0	140	255	44	13	0	4	0	0	5	0	0	0	0	
0	0	0	0	0	0	0	0	0	7	0	0	9	0	4	54	253	65	0	12	0	0	9	0	0	0	0	0	
0	0	0	0	0	0	0	0	0	7	0	0	7	0	2	41	255	237	42	0	13	0	8	0	0	0	0	0	
0	0	0	0	0	0	0	0	0	6	0	0	5	0	0	23	162	170	19	0	15	0	14	0	0	0	0	0	
0	0	0	0	0	0	0	0	0	5	0	0	2	2	0	6	28	0	0	17	0	0	9	0	0	0	0	0	
