0	0	0	0	0	0	0	0	10	0	2	6	4	0	0	6	2	1	3	0	0	6	0	10	0	0	0	0	
0	0	0	0	0	0	0	0	0	15	0	0	0	11	7	0	1	0	11	3	5	7	11	0	0	0	0	0	
0	0	0	0	0	0	0	0	1	0	2	0	16	0	4	0	9	3	0	18	0	0	1	20	0	0	0	0	
0	0	0	0	0	0	0	0	5	0	6	5	0	5	0	17	3	0	0	0	21	0	2	0	0	0	0	0	
0	0	0	0	0	0	0	0	0	0	8	0	0	0	7	0	0	24	13	0	2	8	3	5	0	0	0	0	
0	0	0	0	0	0	0	0	2	0	0	26	9	0	26	0	13	0	8	2	0	0	6	0	0	0	0	0	
0	0	0	0	0	0	0	0	5	5	51	185	92	125	92	114	127	103	112	44	255	115	0	8	0	0	0	0	
0	0	0	0	0	0	0	0	6	0	244	253	255	251	248	255	253	246	248	248	251	239	50	0	0	0	0	0	
6	2	0	0	0	0	9	0	3	133	255	255	247	255	244	252	255	249	251	255	242	255	160	6	0	0	0	0	
0	0	0	4	18	12	0	0	49	255	250	255	255	251	245	255	244	250	255	241	254	248	185	1	0	0	0	0	
0	5	7	0	0	0	0	55	212	254	255	236	252	248	250	255	251	255	242	255	255	250	114	9	0	0	0	0	
0	3	10	0	0	0	14	175	255	255	238	255	231	58	3	0	166	255	250	236	255	255	47	0	0	0	0	0	
6	0	0	0	10	5	9	204	248	255	255	255	56	0	0	33	225	239	250	255	255	122	9	23	0	0	0	0	
4	2	0	4	2	0	0	196	255	250	237	155	33	0	21	242	245	255	255	255	152	6	4	0	0	0	0	0	
0	7	0	8	3	0	12	199	249	255	177	17	0	32	222	239	249	255	243	232	117	11	5	2	0	0	0	0	
0	14	0	0	2	3	0	120	255	165	78	0	5	99	255	255	255	253	217	7	0	0	0	7	0	0	0	0	
5	0	14	0	0	0	0	0	0	0	0	0	202	248	248	255	248	228	44	0	23	0	8	0	0	0	0	0	
0	0	6	0	7	0	2	0	0	1	54	196	255	255	249	240	255	84	0	0	0	3	0	7	0	0	0	0	
11	1	2	2	2	0	4	0	2	0	152	243	239	255	255	233	145	0	2	4	0	14	0	0	0	0	0	0	
0	0	0	0	1	0	15	4	34	164	244	255	251	240	255	120	11	0	11	5	0	5	3	0	0	0	0	0	
0	2	0	2	4	0	0	0	92	255	251	255	244	240	104	0	0	7	0	0	10	0	0	5	0	0	0	0	
1	12	4	0	0	0	0	45	216	240	255	237	255	224	0	16	9	0	1	4	0	0	1	0	0	0	0	0	
0	0	0	0	1	8	14	163	255	249	254	253	225	76	0	0	0	0	17	7	0	3	6	0	0	0	0	0	
6	0	2	1	7	0	0	202	250	249	250	241	76	0	13	0	0	10	0	0	7	0	6	2	0	0	0	0	
9	0	0	0	6	0	13	168	242	255	182	62	6	0	0	6	0	0	0	0	0	0	0	0	0	0	0	0	
0	0	8	0	5	3	0	49	211	255	178	28	0	12	14	0	0	0	0	0	0	0	0	0	0	0	0	0	
0	0	7	0	0	15	0	0	0	9	5	0	6	0	0	14	0	0	0	0	0	0	0	0	0	0	0	0	
6	0	5	0	0	6	0	7	0	0	0	0	8	0	0	0	0	0	0	0	0	0	0	0	0	0	0	0	
