0	0	0	0	0	0	0	0	0	0	0	0	0	0	0	0	0	11	0	0	0	2	9	0	0	0	0	0	
0	0	0	0	0	0	0	0	0	0	0	0	0	0	0	0	5	0	0	7	7	0	4	12	0	0	0	0	
0	0	0	0	0	0	0	0	0	0	0	0	0	0	0	0	0	0	8	4	0	0	0	0	0	0	0	0	
0	0	0	0	0	0	0	0	0	0	0	0	0	0	0	0	3	0	2	0	0	5	3	14	0	0	0	0	
0	0	0	0	0	0	0	0	0	0	0	0	0	0	0	0	3	0	0	9	9	0	0	0	0	0	0	0	
0	0	0	0	0	0	0	0	0	0	0	0	0	0	0	0	0	11	1	0	0	0	11	0	0	0	0	0	
0	0	0	0	0	0	0	0	0	0	0	0	0	0	0	0	0	15	0	8	0	0	9	4	0	0	0	0	
0	0	0	0	0	0	0	0	0	0	0	0	0	0	0	0	109	111	128	240	199	28	0	2	0	0	0	0	
2	0	0	10	1	0	0	0	5	0	6	0	34	99	235	211	251	255	245	255	255	37	0	7	0	0	0	0	
2	2	0	0	0	11	7	0	0	37	144	179	225	248	243	255	249	238	255	243	231	24	1	0	0	0	0	0	
0	6	0	0	1	0	0	7	72	232	247	240	255	255	242	255	255	253	247	172	72	4	1	8	0	0	0	0	
0	0	1	17	12	0	28	135	241	255	255	246	136	90	11	0	243	255	249	107	0	4	0	0	0	0	0	0	
11	1	0	3	0	0	74	237	255	253	99	33	0	4	0	40	244	251	224	33	1	5	11	0	0	0	0	0	
0	0	0	2	8	31	127	248	211	70	37	0	0	17	29	227	255	219	105	0	0	5	4	9	0	0	0	0	
3	6	4	0	0	0	19	52	3	8	4	0	11	7	105	252	253	184	9	1	0	9	0	0	0	0	0	0	
0	0	4	9	1	0	3	0	4	0	0	11	0	0	200	245	255	173	0	3	5	0	9	0	0	0	0	0	
0	0	0	0	0	0	0	0	6	0	14	0	5	63	240	255	252	63	0	3	0	4	0	4	0	0	0	0	
0	0	0	0	0	0	0	0	0	9	0	5	13	183	255	245	138	19	0	1	0	8	0	0	0	0	0	0	
0	0	0	0	0	0	0	0	0	5	0	15	80	251	255	248	25	0	0	0	0	8	0	0	0	0	0	0	
0	0	0	0	0	0	0	0	5	0	6	4	181	255	255	193	0	0	7	0	0	4	0	5	0	0	0	0	
0	0	0	0	0	0	0	0	6	0	1	33	241	255	217	73	0	3	6	0	0	0	0	8	0	0	0	0	
0	0	0	0	0	0	0	0	0	11	2	155	253	255	125	6	2	0	0	0	5	0	0	5	0	0	0	0	
0	0	0	0	0	0	0	0	0	10	39	255	255	241	66	3	0	0	0	2	3	0	0	1	0	0	0	0	
0	0	0	0	0	0	0	0	0	8	87	255	255	253	77	0	0	0	0	3	0	0	6	0	0	0	0	0	
0	0	0	0	0	0	0	0	1	9	201	255	231	234	53	0	0	0	0	0	0	0	0	0	0	0	0	0	
0	0	0	0	0	0	0	0	0	84	230	233	238	74	9	0	0	0	0	0	0	0	0	0	0	0	0	0	
0	0	0	0	0	0	0	0	4	0	86	255	146	0	0	8	0	0	0	0	0	0	0	0	0	0	0	0	
0	0	0	0	0	0	0	0	0	18	1	0	0	6	0	7	0	0	0	0	0	0	0	0	0	0	0	0	
