0	0	0	0	0	0	0	0	0	0	0	0	0	0	0	0	0	0	0	0	0	0	0	0	0	0	0	0	
0	0	0	0	0	0	0	0	0	0	0	0	0	0	0	0	0	0	0	0	0	0	0	0	0	0	0	0	
0	0	0	0	0	0	0	0	0	0	0	0	0	0	0	0	0	0	0	0	0	0	0	0	0	0	0	0	
0	0	0	0	0	0	0	0	0	0	0	0	0	0	0	0	0	0	0	0	0	0	0	0	0	0	0	0	
0	0	0	0	0	0	0	0	0	0	0	0	0	0	0	0	0	0	0	0	0	0	0	0	0	0	0	0	
0	0	0	0	0	0	0	0	0	0	0	0	0	0	0	0	0	0	0	0	0	0	0	0	0	0	0	0	
0	0	0	0	0	0	0	0	0	0	0	0	0	0	0	0	0	0	0	0	0	0	0	0	0	0	0	0	
0	0	0	0	0	0	0	0	0	0	0	0	0	0	0	0	0	0	0	0	0	0	0	0	0	0	0	0	
0	1	5	2	0	0	5	14	180	247	255	169	29	4	68	41	135	137	246	255	242	66	2	2	0	0	0	0	
5	2	0	0	0	8	32	49	255	232	255	254	127	86	207	255	255	246	253	245	200	8	0	13	0	0	0	0	
0	0	0	0	1	9	19	27	191	255	248	228	255	255	245	246	254	253	247	255	223	0	0	0	0	0	0	0	
0	0	1	4	4	0	0	0	109	239	255	255	255	252	251	255	253	250	255	254	191	0	10	0	0	0	0	0	
3	0	0	0	0	0	1	0	122	255	255	239	234	254	249	240	244	252	255	233	76	0	0	2	0	0	0	0	
4	0	0	0	0	2	6	7	103	244	255	196	47	0	4	9	193	244	255	223	5	8	0	2	0	0	0	0	
0	0	2	4	3	0	0	0	3	249	210	68	0	0	0	35	227	255	254	149	0	7	0	7	0	0	0	0	
0	0	1	0	0	0	0	3	0	78	17	7	0	0	5	71	245	254	216	44	8	0	13	0	0	0	0	0	
0	0	0	0	0	0	0	0	8	0	1	6	0	0	2	149	246	255	146	0	0	16	3	0	0	0	0	0	
0	0	0	0	0	0	0	0	7	0	0	1	0	0	13	178	255	238	134	4	0	0	0	7	0	0	0	0	
0	0	0	0	0	0	0	0	0	0	0	0	4	8	70	233	255	255	26	0	12	10	16	0	0	0	0	0	
0	0	0	0	0	0	0	0	0	0	0	0	2	0	150	255	237	255	132	0	5	0	0	18	0	0	0	0	
0	0	0	0	0	0	0	0	5	0	1	0	0	0	214	252	255	231	39	13	0	12	1	0	0	0	0	0	
0	0	0	0	0	0	0	0	4	0	2	0	0	55	255	245	255	53	12	0	0	4	2	1	0	0	0	0	
0	0	0	0	0	0	0	0	0	0	1	0	9	155	255	248	173	26	0	27	0	0	8	0	0	0	0	0	
0	0	0	0	0	0	0	0	0	4	1	0	15	224	241	239	38	0	1	0	5	0	0	0	0	0	0	0	
0	0	0	0	0	0	0	0	5	0	11	0	67	246	238	215	0	0	0	0	0	0	0	0	0	0	0	0	
0	0	0	0	0	0	0	0	0	3	0	4	166	255	255	150	0	0	0	0	0	0	0	0	0	0	0	0	
0	0	0	0	0	0	0	0	0	7	0	6	205	255	205	46	0	0	0	0	0	0	0	0	0	0	0	0	
0	0	0	0	0	0	0	0	1	3	0	2	160	253	94	0	0	0	0	0	0	0	0	0	0	0	0	0	
