0	0	0	0	0	0	0	0	5	0	0	6	2	0	2	2	0	0	0	5	4	2	0	1	0	0	0	0	
0	0	0	0	0	0	0	0	5	1	4	3	0	0	1	0	5	9	0	0	0	5	2	0	0	0	0	0	
0	0	0	0	0	0	0	0	0	2	3	0	0	0	2	0	6	1	0	11	0	0	0	2	0	0	0	0	
0	0	0	0	0	0	0	0	0	0	0	0	1	0	0	0	0	0	0	20	0	4	0	17	0	0	0	0	
0	0	0	0	0	0	0	0	3	2	0	2	12	2	0	0	2	14	3	0	0	1	0	0	0	0	0	0	
0	0	0	0	0	0	0	0	0	1	0	0	9	2	0	5	2	0	0	5	16	10	6	4	0	0	0	0	
0	0	0	0	0	0	0	0	6	31	16	0	0	1	0	3	2	0	11	0	0	0	0	0	0	0	0	0	
0	0	0	0	0	0	0	0	181	221	196	138	129	135	127	127	173	214	196	43	0	0	27	0	0	0	0	0	
0	0	0	0	0	0	0	0	19	113	158	177	255	244	161	182	166	143	248	100	0	0	0	7	16	0	0	0	
0	0	0	0	0	0	0	0	0	2	11	9	0	0	0	3	0	164	254	14	11	18	0	0	0	0	0	3	
0	0	0	0	0	0	0	0	0	6	0	0	0	8	8	0	87	255	97	0	7	0	0	12	11	22	0	0	
0	0	0	0	0	0	0	0	8	0	0	0	0	2	1	1	194	237	8	21	0	0	6	2	0	13	0	0	
0	0	0	0	0	0	0	0	2	3	8	4	23	0	6	175	253	64	0	0	8	0	7	6	112	95	4	0	
0	0	0	0	0	0	0	0	0	1	0	0	0	3	81	255	167	0	6	29	130	133	208	227	185	128	18	0	
0	0	0	0	0	0	0	0	25	0	18	36	0	86	238	243	165	206	236	238	216	138	85	0	0	3	3	1	
0	0	0	0	0	0	0	0	168	253	217	242	255	243	255	230	176	129	50	2	0	7	1	0	4	0	0	1	
0	4	0	0	4	0	1	1	13	55	120	115	255	248	87	23	0	0	0	0	0	0	0	0	0	0	0	0	
0	0	0	4	2	0	0	1	8	0	17	227	227	39	0	6	0	0	0	0	0	0	0	0	0	0	0	0	
3	0	0	6	0	0	1	4	5	8	170	249	87	14	0	0	0	0	0	0	0	0	0	0	0	0	0	0	
8	0	2	1	0	5	4	0	0	135	240	128	0	0	12	0	0	0	0	0	0	0	0	0	0	0	0	0	
5	0	5	0	0	7	0	0	94	254	177	6	0	11	0	18	0	0	0	0	0	0	0	0	0	0	0	0	
0	0	9	0	0	0	0	31	210	229	15	0	7	0	13	0	0	0	0	0	0	0	0	0	0	0	0	0	
0	0	8	0	0	0	25	147	251	45	0	22	0	6	0	3	0	0	0	0	0	0	0	0	0	0	0	0	
2	0	4	0	2	0	70	255	128	0	12	0	0	0	10	0	0	0	0	0	0	0	0	0	0	0	0	0	
6	1	0	0	0	6	164	166	16	9	1	0	0	2	1	0	0	0	0	0	0	0	0	0	0	0	0	0	
0	0	1	11	2	0	30	0	9	4	0	0	0	2	1	0	0	0	0	0	0	0	0	0	0	0	0	0	
8	1	0	0	0	0	8	0	1	0	0	0	0	2	1	0	0	0	0	0	0	0	0	0	0	0	0	0	
0	4	0	4	0	8	0	10	0	0	0	0	0	1	0	0	0	0	0	0	0	0	0	0	0	0	0	0	
