0	0	0	0	0	0	0	0	0	4	1	0	5	1	0	4	0	3	5	0	6	0	0	10	0	0	0	0	
0	0	0	0	0	0	0	0	0	5	0	0	0	0	0	0	2	0	0	0	10	14	9	0	0	0	0	0	
0	0	0	0	0	0	0	0	0	1	0	7	0	10	1	7	0	0	10	6	0	0	6	0	0	0	0	0	
0	0	0	0	0	0	0	0	2	0	0	4	0	0	0	0	5	0	0	0	3	2	9	1	0	0	0	0	
0	0	0	0	0	0	0	0	4	0	6	3	4	0	11	1	0	0	5	0	18	0	0	0	0	0	0	0	
0	0	0	0	0	0	0	0	4	0	0	2	0	0	4	0	0	0	0	0	13	0	3	18	0	0	0	0	
0	0	0	0	0	0	0	0	8	1	0	19	0	8	3	0	3	4	8	18	0	3	3	0	0	0	0	0	
0	0	0	0	0	0	0	0	0	2	0	65	22	100	98	112	103	181	242	221	11	0	4	2	0	0	0	0	
7	0	2	3	0	0	0	4	69	140	223	229	208	255	255	245	253	250	247	255	102	0	8	0	0	0	0	0	
1	2	0	0	9	0	3	71	237	249	251	255	255	241	243	255	253	248	255	183	53	0	0	3	0	0	0	0	
0	12	0	0	16	0	9	127	251	255	171	135	146	131	138	151	250	249	255	94	6	2	0	6	0	0	0	0	
0	11	0	0	10	0	4	110	253	248	93	0	0	0	5	63	246	254	239	35	0	7	0	1	0	0	0	0	
1	0	3	0	0	0	0	47	114	103	9	0	0	0	0	157	249	255	176	7	2	2	3	0	0	0	0	0	
3	0	6	4	0	4	1	0	1	4	0	21	9	6	15	202	255	255	97	0	4	0	8	0	0	0	0	0	
5	0	5	3	0	7	0	0	1	9	0	0	0	6	92	253	255	246	39	0	1	0	5	2	0	0	0	0	
7	0	2	0	2	4	0	7	0	4	0	0	7	0	127	252	250	235	14	6	0	1	0	2	0	0	0	0	
0	0	0	0	0	0	0	0	4	0	8	6	0	91	255	252	250	46	0	13	0	6	2	0	0	0	0	0	
0	0	0	0	0	0	0	0	3	0	0	0	25	182	255	242	173	18	0	5	0	2	0	0	0	0	0	0	
0	0	0	0	0	0	0	0	0	15	0	15	34	255	255	253	84	0	0	4	0	4	0	2	0	0	0	0	
0	0	0	0	0	0	0	0	0	4	0	0	70	245	246	213	27	0	4	2	0	7	0	3	0	0	0	0	
0	0	0	0	0	0	0	0	18	1	6	43	207	250	253	125	1	2	3	0	0	3	0	0	0	0	0	0	
0	0	0	0	0	0	0	0	0	0	0	143	252	244	179	7	0	4	0	0	0	2	0	1	0	0	0	0	
0	0	0	0	0	0	0	0	0	13	0	243	246	255	151	0	0	3	0	0	4	0	0	3	0	0	0	0	
0	0	0	0	0	0	0	0	4	0	7	239	251	255	185	37	0	0	0	3	4	0	0	0	0	0	0	0	
0	0	0	0	0	0	0	0	0	1	4	238	241	255	150	0	0	0	0	0	0	0	0	0	0	0	0	0	
0	0	0	0	0	0	0	0	12	0	9	222	255	242	113	1	0	0	0	0	0	0	0	0	0	0	0	0	
0	0	0	0	0	0	0	0	0	0	0	107	167	103	19	0	0	0	0	0	0	0	0	0	0	0	0	0	
0	0	0	0	0	0	0	0	0	4	2	2	24	0	0	6	0	0	0	0	0	0	0	0	0	0	0	0	
