0	0	0	0	0	0	0	0	0	0	0	0	5	7	4	0	0	8	0	0	15	0	0	9	0	0	0	0	
0	0	0	0	0	0	0	0	10	5	0	0	0	0	0	0	15	0	0	0	0	0	9	0	0	0	0	0	
0	0	0	0	0	0	0	0	0	0	1	4	5	5	5	5	0	4	12	8	4	0	0	3	0	0	0	0	
0	0	0	0	0	0	0	0	0	0	0	2	1	0	0	0	7	0	0	0	0	1	10	0	0	0	0	0	
0	0	0	0	0	0	0	0	7	3	0	0	0	2	2	1	0	9	0	0	13	11	0	5	0	0	0	0	
0	0	0	0	0	0	0	0	0	0	1	3	4	3	0	0	0	0	0	0	0	0	0	0	0	0	0	0	
0	0	0	0	0	0	0	0	0	1	4	1	0	0	0	3	20	62	227	250	55	0	22	0	0	0	0	0	
0	0	0	0	0	0	0	0	0	3	3	0	1	28	72	107	186	248	255	232	140	20	0	10	0	0	0	0	
0	0	0	0	4	5	0	76	59	99	144	152	186	246	255	251	255	253	252	248	168	0	0	4	0	0	0	0	
16	0	13	4	0	0	36	240	228	247	255	245	239	255	237	197	48	68	247	255	152	2	9	0	0	0	0	0	
0	7	0	0	14	0	238	255	255	251	255	240	194	144	62	0	19	84	255	241	71	0	9	3	0	0	0	0	
0	23	9	0	10	176	242	255	234	134	70	31	0	0	0	7	0	188	255	236	70	7	0	0	0	0	0	0	
14	3	0	14	0	133	255	224	82	19	0	0	0	0	0	10	71	255	253	139	8	0	0	2	0	0	0	0	
0	0	21	0	20	0	14	5	0	0	7	7	10	8	0	0	126	237	255	67	0	7	5	14	0	0	0	0	
22	0	6	5	0	12	0	6	0	0	0	0	0	0	5	57	237	255	242	26	0	0	0	0	0	0	0	0	
0	6	0	2	10	2	0	0	8	1	0	4	12	0	7	109	245	255	158	0	5	3	6	0	0	0	0	0	
0	0	0	0	0	0	0	0	4	0	6	0	1	9	0	194	250	255	37	4	7	0	2	3	0	0	0	0	
0	0	0	0	0	0	0	0	0	3	0	0	0	0	88	249	254	195	12	0	6	0	2	0	0	0	0	0	
0	0	0	0	0	0	0	0	0	8	0	0	4	0	181	255	255	119	2	0	0	0	3	0	0	0	0	0	
0	0	0	0	0	0	0	0	4	0	8	0	10	42	236	250	193	12	0	9	5	3	0	0	0	0	0	0	
0	0	0	0	0	0	0	0	1	0	6	0	0	149	255	255	189	0	1	6	0	0	1	6	0	0	0	0	
0	0	0	0	0	0	0	0	0	0	0	4	15	228	250	251	173	12	5	0	0	0	2	4	0	0	0	0	
0	0	0	0	0	0	0	0	1	1	1	0	119	250	248	190	35	0	0	8	10	6	0	0	0	0	0	0	
0	0	0	0	0	0	0	0	4	0	16	0	246	251	255	128	0	0	4	5	0	0	3	8	0	0	0	0	
0	0	0	0	0	0	0	0	5	0	4	2	239	255	241	127	0	0	0	0	0	0	0	0	0	0	0	0	
0	0	0	0	0	0	0	0	0	11	10	0	179	246	172	4	0	0	0	0	0	0	0	0	0	0	0	0	
0	0	0	0	0	0	0	0	0	0	0	0	10	0	0	0	0	0	0	0	0	0	0	0	0	0	0	0	
0	0	0	0	0	0	0	0	19	5	0	0	0	9	3	0	0	0	0	0	0	0	0	0	0	0	0	0	
