0	0	0	0	0	0	0	0	0	2	16	0	0	0	4	0	3	6	0	0	3	4	7	0	0	0	0	0	
0	0	0	0	0	0	0	0	3	0	0	2	12	0	6	0	0	0	0	0	0	0	0	0	0	0	0	0	
0	0	0	0	0	0	0	0	18	0	0	1	0	0	4	0	8	0	0	0	2	5	5	5	0	0	0	0	
0	0	0	0	0	0	0	0	0	0	0	0	0	0	12	0	0	0	0	4	8	6	0	0	0	0	0	0	
0	0	0	0	0	0	0	0	6	1	8	17	4	4	2	0	8	3	12	0	0	0	0	10	0	0	0	0	
0	0	0	0	0	0	0	0	0	0	0	2	0	0	0	6	0	0	5	0	0	22	0	0	0	0	0	0	
0	0	0	0	0	0	0	0	0	69	98	111	111	130	134	163	237	193	139	34	0	0	0	0	0	0	0	0	
0	0	0	0	0	0	0	0	3	178	255	255	239	255	250	255	252	255	248	124	22	2	0	12	0	0	0	0	
0	0	0	0	0	0	0	0	2	161	255	246	255	249	255	255	253	239	255	238	66	5	0	11	0	0	0	0	
0	0	0	0	0	0	0	0	0	66	196	220	178	119	113	120	128	191	255	255	96	0	3	0	0	0	0	0	
0	0	0	0	0	0	0	0	13	0	8	2	0	3	4	0	0	169	243	246	94	4	0	12	0	0	0	0	
0	0	0	0	0	0	0	0	0	7	1	0	7	8	0	0	2	179	255	255	12	0	0	0	0	0	0	0	
0	0	0	0	0	0	0	0	0	22	0	0	3	0	0	21	33	198	243	200	0	7	0	12	0	0	0	0	
0	0	0	0	0	0	0	0	1	0	0	10	10	9	2	0	216	248	255	159	0	1	20	0	0	0	0	0	
0	0	0	0	0	0	0	0	0	0	9	2	0	8	10	91	247	251	161	23	0	0	3	0	0	0	0	0	
0	0	0	0	0	0	0	0	13	0	5	0	5	0	0	215	255	245	87	0	4	5	11	0	0	0	0	0	
0	0	0	0	0	0	0	0	0	5	7	0	10	12	169	255	255	178	5	0	7	0	3	0	0	0	0	0	
0	0	0	0	0	0	0	0	18	0	0	13	0	99	246	253	238	73	0	7	0	0	15	0	0	0	0	0	
0	0	0	0	0	0	0	0	0	0	0	11	54	212	255	250	145	0	0	6	0	0	9	0	0	0	0	0	
0	0	0	0	0	0	0	0	11	0	12	0	126	255	237	229	26	0	13	0	0	8	0	3	0	0	0	0	
0	0	0	0	0	0	0	0	0	0	0	147	245	251	252	55	0	16	6	0	0	10	0	4	0	0	0	0	
0	0	0	0	0	0	0	0	8	0	21	224	255	249	180	0	0	13	0	4	0	2	2	0	0	0	0	0	
0	0	0	0	0	0	0	0	3	10	193	241	243	212	4	1	12	0	0	6	0	0	8	0	0	0	0	0	
0	0	0	0	0	0	0	0	0	171	245	255	203	0	1	2	0	0	8	0	11	0	0	1	0	0	0	0	
0	0	0	0	0	0	0	0	0	185	250	241	42	16	3	0	0	0	0	0	0	0	0	0	0	0	0	0	
0	0	0	0	0	0	0	0	5	16	255	104	8	0	0	30	0	0	0	0	0	0	0	0	0	0	0	0	
0	0	0	0	0	0	0	0	3	1	7	3	2	6	0	0	0	0	0	0	0	0	0	0	0	0	0	0	
0	0	0	0	0	0	0	0	0	18	0	0	1	0	0	15	0	0	0	0	0	0	0	0	0	0	0	0	
