0	0	0	0	0	0	0	0	0	0	1	3	2	1	1	2	0	4	0	2	6	0	0	9	0	0	0	0	
0	0	0	0	0	0	0	0	0	0	0	0	0	0	0	0	10	0	0	0	0	0	9	3	0	0	0	0	
0	0	0	0	0	0	0	0	3	0	0	0	0	0	0	0	0	0	19	10	5	0	9	0	0	0	0	0	
0	0	0	0	0	0	0	0	2	0	0	0	2	4	3	2	0	0	0	0	0	0	0	1	0	0	0	0	
0	0	0	0	0	0	0	0	0	0	0	1	2	2	1	0	2	5	0	0	13	12	0	13	0	0	0	0	
0	0	0	0	0	0	0	0	0	1	2	0	0	0	0	0	0	5	0	0	2	0	0	2	0	0	0	0	
0	0	0	0	0	0	0	0	0	2	3	0	0	0	6	14	3	0	18	0	2	0	25	0	0	0	0	0	
0	0	0	0	0	0	0	0	0	1	3	0	0	3	19	32	148	113	203	207	255	252	248	93	0	0	0	0	
0	0	0	0	0	0	0	0	1	13	93	15	117	196	217	246	243	255	255	236	255	251	250	88	0	0	0	0	
0	0	0	0	0	0	0	0	0	191	245	252	255	247	255	245	255	250	246	255	255	235	44	14	0	0	0	0	
0	0	0	0	0	0	0	0	9	215	255	255	236	255	241	163	66	203	246	255	243	27	11	0	0	0	0	0	
0	0	0	0	0	0	0	0	0	79	186	233	166	121	63	14	33	233	246	244	80	13	0	3	0	0	0	0	
0	0	0	0	0	0	0	0	0	12	30	53	13	0	0	3	205	255	242	91	1	3	0	0	0	0	0	0	
0	0	0	0	0	0	0	0	0	3	0	0	0	25	6	135	255	239	85	4	0	0	4	6	0	0	0	0	
0	0	0	0	0	0	0	0	12	0	10	10	0	0	63	255	246	107	0	0	15	20	0	0	0	0	0	0	
0	0	0	0	0	0	0	0	0	3	9	0	6	40	255	248	175	5	2	4	0	0	6	0	0	0	0	0	
0	1	4	0	0	0	0	3	7	0	21	3	3	191	255	223	0	0	0	0	0	0	0	0	0	0	0	0	
2	0	0	2	6	4	0	0	0	0	0	1	154	244	227	60	0	0	0	0	0	0	0	0	0	0	0	0	
7	0	0	2	5	0	0	0	18	0	14	73	253	255	113	10	0	0	0	0	0	0	0	0	0	0	0	0	
0	0	1	0	0	0	0	4	0	7	4	223	255	158	6	0	0	0	0	0	0	0	0	0	0	0	0	0	
0	0	4	0	0	7	8	1	8	5	120	255	245	41	10	0	0	0	0	0	0	0	0	0	0	0	0	0	
0	1	0	0	3	7	0	0	0	54	254	243	122	0	0	1	0	0	0	0	0	0	0	0	0	0	0	0	
5	0	0	2	0	0	0	13	49	225	255	255	28	13	0	0	0	0	0	0	0	0	0	0	0	0	0	0	
0	0	0	9	0	0	24	83	234	255	251	55	9	0	2	0	0	0	0	0	0	0	0	0	0	0	0	0	
0	8	8	0	9	0	41	232	246	248	142	2	0	8	0	8	0	0	0	0	0	0	0	0	0	0	0	0	
4	0	0	0	4	0	68	255	255	188	30	0	6	0	10	0	0	0	0	0	0	0	0	0	0	0	0	0	
3	0	3	2	0	0	33	170	185	43	0	0	0	12	0	5	0	0	0	0	0	0	0	0	0	0	0	0	
0	0	9	3	0	0	0	21	28	0	0	17	1	0	9	0	0	0	0	0	0	0	0	0	0	0	0	0	
