0	0	0	0	0	0	0	0	1	2	1	0	0	2	1	0	5	2	0	11	0	0	0	2	0	0	0	0	
0	0	0	0	0	0	0	0	2	2	0	0	0	0	1	3	0	2	9	0	0	3	13	0	0	0	0	0	
0	0	0	0	0	0	0	0	0	0	1	4	4	3	3	4	10	0	0	0	11	0	0	0	0	0	0	0	
0	0	0	0	0	0	0	0	4	0	0	0	0	0	0	0	0	9	7	0	0	5	0	11	0	0	0	0	
0	0	0	0	0	0	0	0	8	0	0	0	2	3	7	12	17	0	4	0	10	3	0	4	0	0	0	0	
0	0	0	0	0	0	0	0	0	0	0	5	1	0	0	0	0	0	23	0	10	0	7	0	0	0	0	0	
0	0	0	0	0	0	0	0	0	0	4	3	0	0	15	42	118	188	247	105	0	0	18	0	0	0	0	0	
0	0	0	0	0	0	0	0	0	0	0	7	27	81	170	245	252	255	255	199	10	3	0	13	0	0	0	0	
0	0	0	0	0	0	0	0	8	0	62	196	241	244	255	243	190	255	245	107	19	0	6	0	0	0	0	0	
0	0	0	0	0	0	0	0	40	189	252	255	223	149	77	18	65	250	255	52	5	0	0	0	0	0	0	0	
0	0	0	0	0	0	0	0	78	255	241	117	12	0	0	14	85	237	254	29	0	0	13	0	0	0	0	0	
0	0	0	0	0	0	0	0	36	73	29	1	0	21	0	0	192	255	196	20	0	0	19	0	0	0	0	0	
0	0	0	0	0	0	0	0	4	0	0	2	0	0	0	104	235	255	111	0	6	0	0	0	0	0	0	0	
0	0	0	0	0	0	0	0	6	4	5	0	9	0	30	206	255	185	17	0	4	0	0	2	0	0	0	0	
0	0	0	0	0	0	0	0	0	5	0	0	7	3	127	253	225	59	0	10	0	0	6	4	0	0	0	0	
0	0	0	0	0	0	0	0	0	0	3	3	4	25	219	255	84	0	16	0	0	6	0	4	0	0	0	0	
0	0	0	0	0	0	0	0	0	5	6	0	0	179	251	162	5	2	0	2	1	0	1	6	0	0	0	0	
0	0	0	0	0	0	0	0	0	13	0	15	83	235	242	66	0	2	0	1	5	5	6	2	0	0	0	0	
0	0	0	0	0	0	0	0	8	0	7	16	196	255	151	0	0	4	3	0	2	2	0	0	0	0	0	0	
0	0	0	0	0	0	0	0	7	0	9	73	255	223	32	0	0	2	4	0	0	0	0	15	0	0	0	0	
0	0	0	0	0	0	0	0	0	0	1	208	255	107	0	6	0	0	1	1	6	0	4	71	0	0	0	0	
0	0	0	0	0	0	0	0	8	0	105	255	224	24	0	0	4	0	2	0	5	0	4	99	0	0	0	0	
0	0	0	0	0	0	0	0	12	24	235	253	124	0	7	0	4	0	5	0	1	0	0	96	0	0	0	0	
0	0	0	0	0	0	0	0	0	146	255	236	15	0	4	0	0	0	8	0	4	6	6	97	0	0	0	0	
0	0	0	0	0	0	0	0	85	255	251	54	2	5	5	0	2	0	0	5	0	0	23	63	0	0	0	0	
0	0	0	0	0	0	0	0	185	242	165	6	0	0	0	2	2	0	0	4	0	0	0	16	0	0	0	0	
0	0	0	0	0	0	0	0	0	14	10	0	15	5	0	0	0	0	0	2	0	0	0	0	0	0	0	0	
0	0	0	0	0	0	0	0	4	0	0	1	3	0	0	17	1	1	0	0	0	3	4	1	0	0	0	0	
