0	0	0	0	0	0	0	0	0	0	8	0	10	4	0	0	2	0	0	1	2	2	0	0	0	0	0	0	
0	0	0	0	0	0	0	0	11	0	1	2	1	0	1	10	1	0	0	0	1	2	2	2	0	0	0	0	
0	0	0	0	0	0	0	0	0	2	5	1	0	4	21	0	2	2	1	0	0	0	2	4	0	0	0	0	
0	0	0	0	0	0	0	0	7	6	0	14	4	0	0	0	1	3	3	2	0	0	0	0	0	0	0	0	
0	0	0	0	0	0	0	0	0	8	0	0	6	6	2	6	0	0	1	2	1	0	0	0	0	0	0	0	
0	0	0	0	0	0	0	0	0	0	8	0	16	2	0	0	0	0	0	0	3	4	2	0	0	0	0	0	
0	0	0	0	0	0	0	0	10	0	163	249	255	134	37	8	9	3	0	0	2	5	4	0	0	0	0	0	
0	0	0	0	0	0	0	0	0	15	224	243	255	255	231	144	24	12	0	0	0	4	1	0	0	0	0	0	
0	0	0	3	8	0	0	0	2	101	255	253	250	255	255	253	242	76	35	10	0	6	0	4	0	0	0	0	
0	8	0	3	0	0	19	6	8	189	254	239	215	205	244	250	250	255	239	78	2	0	10	0	0	0	0	0	
0	0	0	2	0	0	8	0	33	255	247	213	16	5	48	152	251	228	250	253	41	0	16	0	0	0	0	0	
0	0	0	0	7	0	0	27	202	255	243	107	9	0	0	33	236	255	252	250	201	15	0	12	0	0	0	0	
0	0	20	0	0	0	0	160	241	250	209	28	1	0	0	51	242	247	253	248	111	0	8	0	0	0	0	0	
4	0	14	0	2	0	1	176	255	240	71	0	7	9	30	160	251	255	240	243	11	0	13	10	0	0	0	0	
1	0	0	0	6	3	0	66	155	108	0	0	28	0	134	255	247	255	251	96	0	0	11	0	0	0	0	0	
0	6	3	3	0	0	7	0	8	0	1	13	0	7	200	247	253	249	199	7	1	5	0	8	0	0	0	0	
0	0	0	0	0	0	0	0	0	5	6	0	10	128	245	255	255	236	68	0	17	0	0	0	0	0	0	0	
0	0	0	0	0	0	0	0	0	6	1	0	0	231	255	253	246	101	4	0	0	0	11	3	0	0	0	0	
0	0	0	0	0	0	0	0	3	0	0	0	0	244	234	248	218	29	0	14	0	5	0	0	0	0	0	0	
0	0	0	0	0	0	0	0	0	0	7	11	104	245	250	236	83	0	0	0	0	9	0	3	0	0	0	0	
0	0	0	0	0	0	0	0	0	12	0	32	220	255	255	154	0	0	0	0	0	2	0	6	0	0	0	0	
0	0	0	0	0	0	0	0	0	11	0	92	255	246	246	143	3	8	4	11	0	0	11	0	0	0	0	0	
0	0	0	0	0	0	0	0	0	0	24	194	254	251	255	219	0	0	0	5	0	0	14	0	0	0	0	0	
0	0	0	0	0	0	0	0	4	5	120	255	240	255	246	198	0	3	0	0	5	4	0	0	0	0	0	0	
0	0	0	0	0	0	0	0	0	1	119	255	248	239	210	29	0	0	0	0	0	0	0	0	0	0	0	0	
0	0	0	0	0	0	0	0	14	0	5	154	249	155	50	3	0	0	0	0	0	0	0	0	0	0	0	0	
0	0	0	0	0	0	0	0	0	16	0	0	14	1	0	3	0	0	0	0	0	0	0	0	0	0	0	0	
0	0	0	0	0	0	0	0	0	0	10	19	0	0	18	0	0	0	0	0	0	0	0	0	0	0	0	0	
