0	0	0	0	0	0	0	0	6	1	0	0	0	3	2	0	0	0	4	0	0	1	0	7	0	0	0	0	
0	0	0	0	0	0	0	0	0	1	6	3	0	0	0	3	8	10	5	1	6	0	6	0	0	0	0	0	
0	0	0	0	0	0	0	0	7	2	0	2	9	11	5	0	0	0	0	0	5	0	17	0	0	0	0	0	
0	0	0	0	0	0	0	0	0	0	2	0	0	0	0	3	4	4	13	0	7	0	7	0	0	0	0	0	
0	0	0	0	0	0	0	0	5	0	0	0	3	8	8	4	0	0	15	0	4	4	0	0	0	0	0	0	
0	0	0	0	0	0	0	0	3	5	7	5	0	0	0	0	18	0	0	0	0	7	0	4	0	0	0	0	
0	0	0	0	0	0	0	0	37	98	161	180	165	167	206	248	163	110	2	11	0	0	3	0	0	0	0	0	
0	0	0	0	0	0	0	0	168	196	231	255	255	252	246	243	255	196	0	12	0	0	19	0	0	0	0	0	
0	0	0	0	0	0	0	0	0	6	14	59	71	63	57	107	246	222	9	1	0	3	8	0	0	0	0	0	
0	0	0	0	0	0	0	0	1	0	0	0	0	0	10	103	255	192	0	3	2	2	3	1	0	0	0	0	
0	0	0	0	0	0	0	0	5	4	3	0	0	0	0	114	249	154	0	1	3	0	0	1	0	0	0	0	
0	0	0	0	0	0	0	0	0	0	5	0	10	10	0	114	238	133	0	2	0	0	3	0	0	0	0	0	
0	0	0	0	0	0	0	0	0	0	0	0	0	0	0	148	255	115	10	4	0	3	7	1	0	0	0	0	
0	0	0	0	0	0	0	0	2	4	10	3	0	1	47	220	255	73	0	0	0	0	0	1	0	0	0	0	
0	0	0	0	0	0	0	0	0	0	2	11	0	4	85	255	215	19	0	0	0	0	0	0	0	0	0	0	
0	0	0	0	0	0	0	0	5	0	0	7	0	5	101	255	142	0	9	6	0	2	7	0	0	0	0	0	
0	0	0	0	0	0	0	0	0	18	0	0	0	2	162	249	138	11	0	2	0	12	1	0	0	0	0	0	
0	0	0	0	0	0	0	0	0	0	2	5	0	52	243	255	100	5	0	3	0	8	0	1	0	0	0	0	
0	0	0	0	0	0	0	0	7	0	7	4	0	84	255	246	49	0	3	2	0	4	0	5	0	0	0	0	
0	0	0	0	0	0	0	0	4	1	2	0	0	114	241	214	11	0	4	0	0	3	0	6	0	0	0	0	
0	0	0	0	0	0	0	0	0	6	0	0	7	186	244	158	0	1	2	0	2	3	0	4	0	0	0	0	
0	0	0	0	0	0	0	0	3	0	0	4	32	255	255	72	0	3	0	0	2	3	0	0	0	0	0	0	
0	0	0	0	0	0	0	0	8	0	4	4	84	255	218	9	3	2	0	0	1	0	2	0	0	0	0	0	
0	0	0	0	0	0	0	0	1	0	8	1	142	252	159	0	4	0	0	4	0	0	4	0	0	0	0	0	
0	0	0	0	0	0	0	0	0	10	3	0	216	253	142	11	0	0	0	0	0	0	0	0	0	0	0	0	
0	0	0	0	0	0	0	0	13	0	0	2	177	239	75	0	0	0	0	0	0	0	0	0	0	0	0	0	
0	0	0	0	0	0	0	0	0	12	2	0	1	16	0	5	0	0	0	0	0	0	0	0	0	0	0	0	
0	0	0	0	0	0	0	0	10	15	0	4	0	3	0	3	0	0	0	0	0	0	0	0	0	0	0	0	
