0	0	0	0	0	0	0	0	0	0	0	0	0	0	0	0	0	0	0	0	0	0	0	0	0	0	0	0	
0	0	0	0	0	0	0	0	0	0	0	0	0	0	0	0	0	0	0	0	0	0	0	0	0	0	0	0	
0	0	0	0	0	0	0	0	0	0	0	0	0	0	0	0	0	0	0	0	0	0	0	0	0	0	0	0	
0	0	0	0	0	0	0	0	0	0	0	0	0	0	0	0	0	0	0	0	0	0	0	0	0	0	0	0	
0	0	0	0	0	0	0	0	0	0	0	0	0	0	0	0	0	0	0	0	0	0	0	0	0	0	0	0	
0	0	0	0	0	0	0	0	0	0	0	0	0	0	0	0	0	0	0	0	0	0	0	0	0	0	0	0	
0	0	0	0	0	0	0	0	0	0	0	0	0	0	0	0	0	0	0	0	0	0	0	0	0	0	0	0	
0	0	0	0	0	0	0	0	0	0	0	0	0	0	0	0	0	0	0	0	0	0	0	0	0	0	0	0	
0	14	0	6	69	39	37	26	23	24	55	140	146	92	26	31	23	127	214	241	158	6	7	0	0	0	0	0	
0	0	11	127	255	244	247	250	255	255	248	246	248	254	247	253	255	251	251	255	101	0	0	7	0	0	0	0	
8	0	9	124	255	251	254	255	240	249	255	254	255	249	248	253	244	252	255	252	43	0	12	0	0	0	0	0	
19	0	0	59	207	255	255	238	215	251	243	175	193	239	255	247	255	251	239	255	74	0	5	0	0	0	0	0	
0	5	6	0	6	0	9	8	0	0	0	0	5	0	0	3	72	252	255	223	27	0	20	4	0	0	0	0	
6	3	4	0	11	0	0	0	0	18	14	0	0	9	8	0	50	250	240	211	53	5	0	0	0	0	0	0	
0	0	6	0	2	0	1	12	0	0	0	5	7	0	0	9	88	255	254	85	0	0	3	14	0	0	0	0	
2	0	11	0	0	0	3	0	2	8	0	3	0	7	4	26	209	247	241	0	13	0	5	0	0	0	0	0	
0	0	0	0	0	0	0	0	0	0	0	6	0	5	3	49	255	246	215	2	2	0	10	0	0	0	0	0	
0	0	0	0	0	0	0	0	0	5	0	0	0	3	0	87	243	255	37	8	3	0	0	0	0	0	0	0	
0	0	0	0	0	0	0	0	0	14	0	0	0	6	20	200	254	174	0	0	0	2	0	0	0	0	0	0	
0	0	0	0	0	0	0	0	0	11	0	3	4	4	19	243	255	115	28	0	1	4	0	0	0	0	0	0	
0	0	0	0	0	0	0	0	3	0	0	3	6	0	1	196	245	164	3	0	11	0	0	0	0	0	0	0	
0	0	0	0	0	0	0	0	2	1	0	4	0	0	73	226	255	136	0	0	9	0	7	0	0	0	0	0	
0	0	0	0	0	0	0	0	0	3	12	2	0	50	199	255	190	33	9	0	1	1	11	0	0	0	0	0	
0	0	0	0	0	0	0	0	1	0	2	0	8	106	255	246	57	0	5	1	1	4	0	7	0	0	0	0	
0	0	0	0	0	0	0	0	9	8	0	0	7	114	241	255	58	7	0	8	0	0	7	0	0	0	0	0	
0	0	0	0	0	0	0	0	0	1	5	7	0	159	248	250	42	2	0	5	0	0	7	0	0	0	0	0	
0	0	0	0	0	0	0	0	35	0	5	0	8	219	251	183	20	0	0	2	0	0	7	0	0	0	0	0	
0	0	0	0	0	0	0	0	0	7	0	7	0	26	246	129	4	0	1	1	0	0	6	0	0	0	0	0	
