0	0	0	0	0	0	0	0	2	0	10	6	0	0	18	0	0	7	3	2	0	0	2	0	0	0	0	0	
0	0	0	0	0	0	0	0	9	0	0	7	7	0	0	5	7	0	0	0	5	0	0	7	0	0	0	0	
0	0	0	0	0	0	0	0	0	0	3	0	4	10	0	5	4	1	0	0	6	0	0	4	0	0	0	0	
0	0	0	0	0	0	0	0	0	12	9	0	0	0	6	4	0	3	14	0	0	5	0	0	0	0	0	0	
0	0	0	0	0	0	0	0	5	0	0	15	3	0	16	0	13	0	3	0	0	8	0	0	0	0	0	0	
0	0	0	0	0	0	0	0	0	13	4	1	0	53	217	255	126	12	0	0	0	6	0	0	0	0	0	0	
0	0	0	0	0	0	0	0	3	0	0	0	73	204	255	240	229	46	0	8	0	2	0	0	0	0	0	0	
0	0	0	0	0	0	0	0	4	0	15	33	144	255	250	252	255	61	8	8	0	1	5	0	0	0	0	0	
3	0	0	0	0	1	0	0	4	0	45	237	233	255	255	245	255	80	0	9	0	0	0	0	0	0	0	0	
1	0	0	0	1	2	1	0	0	13	12	123	165	202	232	255	255	74	0	2	0	0	6	11	0	0	0	0	
0	0	0	0	2	3	2	0	2	0	0	0	5	76	235	255	214	57	11	0	4	5	15	0	0	0	0	0	
0	0	0	0	1	1	0	0	0	0	10	16	0	61	255	242	213	10	0	0	5	0	0	5	0	0	0	0	
0	0	0	0	0	0	0	0	7	4	0	0	4	65	255	254	197	0	5	0	0	4	0	2	0	0	0	0	
0	0	0	0	0	0	0	0	0	0	0	1	4	73	255	253	200	11	8	6	0	3	6	0	0	0	0	0	
0	1	1	0	0	0	4	8	6	5	0	0	5	106	249	255	217	44	0	63	34	0	13	0	0	0	0	0	
0	0	1	0	0	2	9	15	21	78	33	57	162	246	249	254	251	240	210	254	210	186	185	0	0	0	0	0	
5	0	13	0	3	0	19	194	218	180	218	255	252	242	255	255	255	245	255	206	180	81	54	3	0	0	0	0	
10	0	3	0	3	0	0	84	77	77	77	77	96	235	251	237	120	86	79	25	23	0	10	0	0	0	0	0	
4	0	0	0	5	6	0	5	5	0	0	4	94	255	255	228	23	3	6	0	2	0	8	0	0	0	0	0	
0	1	0	0	0	3	7	0	3	0	5	10	191	255	254	161	10	0	0	1	1	6	8	0	0	0	0	0	
0	3	0	4	0	0	7	0	0	5	10	0	217	246	255	75	0	0	0	0	0	0	0	0	0	0	0	0	
4	0	0	3	0	0	2	0	0	18	0	0	214	250	255	58	0	0	10	18	7	6	4	0	0	0	0	0	
0	0	0	1	4	6	0	0	0	1	0	9	212	252	253	66	5	0	0	0	0	0	2	1	0	0	0	0	
0	1	11	0	0	2	0	5	0	0	7	0	202	255	255	65	3	0	5	0	4	0	8	0	0	0	0	0	
0	0	0	0	0	0	0	0	0	6	0	4	111	206	138	0	0	0	0	0	0	0	0	0	0	0	0	0	
0	0	0	0	0	0	0	0	1	3	4	4	4	4	1	0	0	0	0	0	0	0	0	0	0	0	0	0	
0	0	0	0	0	0	0	0	4	0	0	0	0	0	0	1	0	0	0	0	0	0	0	0	0	0	0	0	
0	0	0	0	0	0	0	0	0	7	9	0	0	13	11	0	0	0	0	0	0	0	0	0	0	0	0	0	
