1	1	10	0	4	0	5	0	0	2	3	2	0	0	0	1	0	0	0	0	0	0	0	0	0	0	0	0	
0	0	3	0	1	0	3	0	0	0	0	0	2	2	1	0	0	0	0	0	0	0	0	0	0	0	0	0	
0	0	3	2	11	1	4	2	10	4	0	0	0	0	0	0	0	0	0	0	0	0	0	0	0	0	0	0	
6	0	0	0	1	0	0	0	0	0	0	0	3	5	6	6	0	0	0	0	0	0	0	0	0	0	0	0	
3	0	0	0	0	1	5	13	0	0	2	4	2	0	0	0	0	0	0	0	0	0	0	0	0	0	0	0	
0	0	0	5	0	2	0	0	10	6	0	0	0	2	6	9	0	0	0	0	0	0	0	0	0	0	0	0	
0	10	0	0	0	12	6	2	3	0	0	0	4	5	0	0	0	0	0	0	0	0	0	0	0	0	0	0	
0	8	0	0	15	95	141	167	253	253	255	255	250	209	148	101	0	0	0	0	0	0	0	0	0	0	0	0	
0	0	6	1	102	250	255	243	248	253	255	255	249	255	255	247	230	115	0	0	2	0	10	1	0	0	0	0	
9	0	0	9	121	252	248	211	150	141	146	119	66	93	132	230	255	206	66	0	4	2	4	0	0	0	0	0	
0	0	12	0	0	28	16	12	0	8	8	3	0	17	0	163	255	255	105	0	4	6	0	0	0	0	0	0	
0	0	6	0	0	6	0	0	15	0	0	8	0	1	0	65	245	255	102	0	3	0	0	14	0	0	0	0	
13	0	0	0	10	12	0	0	0	10	0	0	13	2	0	58	254	247	106	4	0	0	0	5	0	0	0	0	
0	0	4	2	0	0	0	11	3	0	8	13	0	0	8	22	255	251	115	5	0	2	10	0	0	0	0	0	
3	4	0	0	0	2	5	0	0	2	0	0	10	10	19	138	251	252	110	0	0	5	8	0	0	0	0	0	
0	4	0	0	0	2	7	0	0	0	1	9	0	0	0	178	254	255	102	0	6	0	0	7	0	0	0	0	
0	0	0	0	0	0	0	0	0	4	0	6	0	3	0	136	245	255	133	0	5	0	1	8	0	0	0	0	
0	0	0	0	0	0	0	0	0	7	0	0	0	22	0	88	251	255	127	0	4	0	1	0	0	0	0	0	
0	0	0	0	0	0	0	0	10	0	0	3	1	3	6	164	254	255	99	0	1	4	1	0	0	0	0	0	
0	0	0	0	0	0	0	0	5	0	2	8	0	0	59	255	255	213	51	0	0	6	0	0	0	0	0	0	
0	0	0	0	0	0	0	0	0	0	7	0	0	12	116	255	255	151	8	0	2	5	0	3	0	0	0	0	
0	0	0	0	0	0	0	0	2	0	0	0	0	15	164	252	254	88	0	0	2	4	0	5	0	0	0	0	
0	0	0	0	0	0	0	0	6	0	0	7	2	17	218	255	234	33	0	3	0	3	0	4	0	0	0	0	
0	0	0	0	0	0	0	0	0	9	0	0	4	49	255	239	210	0	3	5	0	4	0	1	0	0	0	0	
0	0	0	0	0	0	0	0	2	0	0	10	0	137	251	250	65	24	0	0	3	0	0	4	0	0	0	0	
0	0	0	0	0	0	0	0	8	4	0	0	29	217	255	202	15	0	0	0	5	1	0	2	0	0	0	0	
0	0	0	0	0	0	0	0	0	5	0	2	47	204	231	153	0	0	0	3	5	1	0	0	0	0	0	0	
0	0	0	0	0	0	0	0	0	14	4	0	0	20	18	0	0	3	4	0	0	0	1	0	0	0	0	0	
