0	0	0	0	0	0	0	0	0	7	0	0	0	5	0	1	8	0	0	0	4	5	1	0	0	0	0	0	
0	0	0	0	0	0	0	0	6	0	0	8	6	0	0	0	0	4	10	3	0	0	0	0	0	0	0	0	
0	0	0	0	0	0	0	0	1	0	0	0	2	0	6	14	7	0	0	9	9	0	0	12	0	0	0	0	
0	0	0	0	0	0	0	0	0	3	13	4	2	0	0	0	5	0	0	0	2	0	0	0	0	0	0	0	
0	0	0	0	0	0	0	0	4	3	0	0	0	3	6	6	0	12	18	0	0	2	4	0	0	0	0	0	
0	0	0	0	0	0	0	0	1	1	0	7	0	4	0	2	9	0	0	0	5	2	3	10	0	0	0	0	
0	0	0	0	0	0	0	0	0	41	37	42	16	96	143	189	119	49	0	0	5	0	0	5	0	0	0	0	
0	0	0	0	0	0	0	0	20	187	255	255	193	255	255	255	255	212	118	30	0	2	5	0	0	0	0	0	
0	0	0	0	0	0	0	0	5	107	221	252	249	254	241	212	238	255	255	159	0	0	23	0	0	0	0	0	
0	0	0	0	0	0	0	0	2	9	0	70	56	64	17	12	53	203	235	250	23	13	0	0	0	0	0	0	
0	0	0	0	0	0	0	0	0	0	0	5	11	9	0	0	37	212	255	202	16	0	0	8	0	0	0	0	
0	0	0	0	0	0	0	0	1	2	20	0	0	3	3	31	179	252	249	79	8	3	6	0	0	0	0	0	
0	0	0	0	0	0	0	0	0	1	65	73	0	10	1	146	255	237	100	18	0	0	0	7	0	0	0	0	
0	0	0	0	0	0	0	0	0	36	211	255	185	156	140	255	247	242	154	230	169	9	0	0	0	0	0	0	
0	0	0	0	0	0	0	0	1	25	176	240	255	255	245	248	253	246	235	255	197	0	2	3	0	0	0	0	
0	0	0	0	0	0	0	0	7	0	4	87	108	209	255	255	255	216	214	162	89	7	3	0	0	0	0	0	
0	0	0	0	0	0	0	0	1	7	0	0	9	121	240	255	46	21	0	0	0	3	3	3	0	0	0	0	
0	0	0	0	0	0	0	0	0	0	0	8	11	207	241	92	12	2	0	0	1	0	0	0	0	0	0	0	
0	0	0	0	0	0	0	0	0	22	0	8	127	255	211	4	0	0	1	5	3	0	0	0	0	0	0	0	
0	0	0	0	0	0	0	0	6	0	0	3	195	244	135	0	0	2	4	3	0	0	0	4	0	0	0	0	
0	0	0	0	0	0	0	0	0	3	15	12	240	217	1	9	1	1	0	0	0	0	0	0	0	0	0	0	
0	0	0	0	0	0	0	0	12	0	0	167	248	156	5	0	0	0	0	0	1	4	1	0	0	0	0	0	
0	0	0	0	0	0	0	0	0	5	0	241	255	122	0	0	0	1	2	1	3	6	4	0	0	0	0	0	
0	0	0	0	0	0	0	0	0	2	75	240	244	164	0	4	1	5	3	0	0	0	2	1	0	0	0	0	
0	0	0	0	0	0	0	0	1	8	70	253	255	123	21	0	0	0	0	0	0	0	0	0	0	0	0	0	
0	0	0	0	0	0	0	0	5	0	49	252	252	81	0	3	0	0	0	0	0	0	0	0	0	0	0	0	
0	0	0	0	0	0	0	0	0	19	0	0	0	0	16	0	0	0	0	0	0	0	0	0	0	0	0	0	
0	0	0	0	0	0	0	0	0	1	0	14	7	0	0	5	0	0	0	0	0	0	0	0	0	0	0	0	
