0	0	0	0	0	0	0	0	1	2	6	0	0	0	5	0	0	7	0	3	0	5	0	5	0	0	0	0	
0	0	0	0	0	0	0	0	6	0	0	1	9	7	0	0	0	6	0	0	0	14	6	0	0	0	0	0	
0	0	0	0	0	0	0	0	0	10	11	0	0	1	9	4	0	0	3	7	0	0	0	6	0	0	0	0	
0	0	0	0	0	0	0	0	0	0	0	7	11	0	0	0	12	0	0	7	0	2	0	0	0	0	0	0	
0	0	0	0	0	0	0	0	0	6	0	0	0	2	6	16	0	7	0	8	0	11	3	0	0	0	0	0	
0	0	0	0	0	0	0	0	1	15	3	0	6	4	0	0	8	8	0	2	0	0	0	12	0	0	0	0	
0	0	0	0	0	0	0	0	0	4	52	149	215	183	140	154	145	98	28	0	24	7	0	0	0	0	0	0	
0	0	0	0	0	0	0	0	5	164	255	250	243	255	255	255	246	255	193	1	0	0	12	0	0	0	0	0	
0	0	0	0	0	0	0	0	73	253	234	102	42	23	116	141	169	255	231	2	0	0	0	1	0	0	0	0	
0	0	0	0	0	0	0	0	40	194	215	52	0	0	13	0	13	191	228	0	0	0	2	6	0	0	0	0	
0	0	0	0	0	0	0	0	0	0	8	0	9	6	0	1	94	255	242	8	6	0	0	0	0	0	0	0	
0	0	0	0	0	0	0	0	11	4	0	0	3	0	0	0	160	255	130	0	2	0	5	7	0	0	0	0	
0	0	0	0	0	0	0	0	0	9	4	2	0	3	11	20	224	255	73	11	15	0	0	0	0	0	0	0	
0	0	0	0	0	0	0	0	16	0	0	0	2	5	0	105	249	219	20	0	0	0	9	0	0	0	0	0	
0	0	0	0	0	0	0	0	0	2	28	0	0	4	16	223	255	143	4	0	0	2	5	0	0	0	0	0	
0	0	0	0	0	0	0	0	0	12	0	0	11	6	44	255	185	24	0	3	14	2	0	7	0	0	0	0	
0	0	0	0	0	0	0	0	5	0	0	2	7	15	206	255	92	8	0	11	0	0	9	0	0	0	0	0	
0	0	0	0	0	0	0	0	0	0	0	11	0	78	241	248	60	2	0	10	0	0	7	0	0	0	0	0	
0	0	0	0	0	0	0	0	2	0	15	0	0	214	255	134	19	0	0	6	0	0	3	3	0	0	0	0	
0	0	0	0	0	0	0	0	0	19	0	9	93	254	255	0	0	0	0	0	2	0	0	4	0	0	0	0	
0	0	0	0	0	0	0	0	4	0	6	0	188	251	113	2	0	4	1	0	3	2	0	1	0	0	0	0	
0	0	0	0	0	0	0	0	0	10	0	0	242	208	4	7	1	6	0	0	3	2	0	0	0	0	0	0	
0	0	0	0	0	0	0	0	0	2	7	64	237	229	0	0	4	1	0	2	2	1	0	0	0	0	0	0	
0	0	0	0	0	0	0	0	1	0	0	206	249	212	73	5	3	0	1	7	1	0	3	2	0	0	0	0	
0	0	0	0	0	0	0	0	4	0	0	210	245	243	203	0	0	0	0	0	0	0	0	0	0	0	0	0	
0	0	0	0	0	0	0	0	0	4	3	58	202	218	12	0	0	0	0	0	0	0	0	0	0	0	0	0	
0	0	0	0	0	0	0	0	6	0	10	0	5	30	0	9	0	0	0	0	0	0	0	0	0	0	0	0	
0	0	0	0	0	0	0	0	7	0	2	1	0	0	13	0	0	0	0	0	0	0	0	0	0	0	0	0	
