0	0	0	0	0	0	0	0	0	0	0	0	0	0	0	0	0	0	7	11	3	0	0	3	0	0	0	0	
0	0	0	0	0	0	0	0	0	0	0	0	0	0	0	0	14	0	0	0	0	7	6	2	0	0	0	0	
0	0	0	0	0	0	0	0	0	0	0	0	0	0	0	0	0	3	9	8	4	1	0	0	0	0	0	0	
0	0	0	0	0	0	0	0	0	0	0	0	0	0	0	0	0	0	0	0	0	7	6	0	0	0	0	0	
0	0	0	0	0	0	0	0	0	0	0	0	0	0	0	0	1	5	4	0	0	0	0	0	0	0	0	0	
0	0	0	0	0	0	0	0	0	0	0	0	0	0	0	0	0	0	0	0	1	3	9	16	0	0	0	0	
0	0	0	0	0	0	0	0	0	0	0	0	0	0	0	0	10	0	0	1	5	0	0	0	0	0	0	0	
0	0	0	0	0	0	0	0	0	0	0	0	0	0	0	0	106	182	255	250	139	21	0	9	0	0	0	0	
11	0	3	1	0	2	0	0	6	14	3	15	93	152	230	252	249	255	255	249	253	138	0	0	0	0	0	0	
0	5	0	3	13	1	4	22	100	255	245	255	255	242	252	249	242	221	235	237	255	251	16	0	0	0	0	0	
3	0	7	0	0	0	28	204	255	236	253	255	255	227	142	65	0	0	26	234	255	243	0	8	0	0	0	0	
0	0	0	3	12	118	254	255	236	255	225	126	67	0	6	13	0	11	91	255	255	180	3	0	0	0	0	0	
5	5	10	0	86	250	255	250	255	190	36	6	4	15	0	0	11	20	225	240	252	112	7	6	0	0	0	0	
0	0	0	35	157	244	255	208	118	0	0	0	0	8	0	17	25	105	255	255	156	21	0	0	0	0	0	0	
0	5	0	0	94	149	52	6	0	21	7	0	19	0	6	0	99	253	255	241	19	0	14	0	0	0	0	0	
4	0	10	9	0	0	5	0	11	0	1	12	0	12	0	0	212	255	250	228	26	0	0	1	0	0	0	0	
0	0	0	0	0	0	0	0	0	18	0	0	0	0	0	61	249	233	255	50	0	5	6	0	0	0	0	0	
0	0	0	0	0	0	0	0	0	0	0	12	0	10	22	195	248	255	212	22	2	0	0	17	0	0	0	0	
0	0	0	0	0	0	0	0	6	0	12	0	8	0	71	251	255	218	71	0	2	0	0	4	0	0	0	0	
0	0	0	0	0	0	0	0	11	0	4	0	13	8	162	255	249	109	0	2	7	3	8	0	0	0	0	0	
0	0	0	0	0	0	0	0	0	10	0	4	0	108	247	255	143	18	0	17	0	0	14	0	0	0	0	0	
0	0	0	0	0	0	0	0	0	0	10	0	67	212	253	168	25	0	13	0	0	0	0	0	0	0	0	0	
0	0	0	0	0	0	0	0	6	0	16	1	192	252	207	37	0	6	13	0	7	14	5	0	0	0	0	0	
0	0	0	0	0	0	0	0	0	18	0	41	255	255	181	4	0	2	0	0	0	0	2	0	0	0	0	0	
0	0	0	0	0	0	0	0	0	2	0	182	248	255	67	0	0	0	0	0	0	0	0	0	0	0	0	0	
0	0	0	0	0	0	0	0	0	27	54	227	255	251	66	0	0	0	0	0	0	0	0	0	0	0	0	0	
0	0	0	0	0	0	0	0	1	0	31	230	244	127	0	10	0	0	0	0	0	0	0	0	0	0	0	0	
0	0	0	0	0	0	0	0	0	6	0	0	0	12	0	3	0	0	0	0	0	0	0	0	0	0	0	0	
