0	0	2	0	1	4	1	0	0	0	0	0	0	0	0	11	1	2	0	2	3	0	3	3	6	0	0	0	
7	5	0	0	0	0	0	1	3	2	4	6	4	0	0	0	2	3	1	5	5	0	1	0	0	0	0	3	
0	0	0	4	5	5	6	9	0	0	1	0	1	3	0	0	0	0	2	0	0	1	0	0	0	0	0	0	
2	0	0	3	1	0	0	0	0	1	0	0	0	1	3	0	0	0	4	0	0	10	5	9	1	4	1	0	
5	1	0	0	1	1	4	8	1	5	6	1	0	0	0	0	4	4	7	0	0	0	0	0	0	5	7	2	
0	0	2	1	1	2	0	0	0	0	0	3	3	0	0	0	0	0	0	6	8	0	4	0	0	0	1	6	
0	4	2	0	0	4	7	0	12	0	0	0	6	0	0	2	9	14	0	6	4	0	5	0	13	0	0	1	
0	4	0	0	13	70	115	129	58	21	0	0	7	0	0	2	0	10	0	74	128	149	241	255	48	14	0	0	
4	0	14	0	0	126	255	250	252	202	119	105	119	116	125	119	136	121	255	255	247	255	253	243	0	0	0	0	
0	11	0	0	12	1	78	249	254	255	247	255	255	240	249	253	229	255	255	249	240	255	173	76	0	0	0	0	
0	20	0	0	14	2	0	30	131	151	190	243	255	248	255	255	255	255	236	248	255	255	67	5	0	0	0	0	
5	0	0	12	0	0	8	0	3	0	11	28	27	25	27	15	26	184	255	255	227	8	1	0	0	0	0	0	
9	0	0	8	0	0	4	20	0	0	2	0	0	3	7	6	84	255	237	203	68	6	0	14	0	0	0	0	
0	7	3	0	3	8	0	0	4	4	7	0	3	0	0	1	184	243	255	71	14	18	0	0	0	0	0	0	
0	0	0	6	0	0	3	14	0	0	0	0	10	3	11	92	240	255	156	13	0	0	11	8	0	0	0	0	
1	11	0	0	8	6	0	0	0	0	2	0	0	0	62	232	246	242	68	0	3	8	0	4	0	0	0	0	
0	0	0	0	0	0	0	0	0	7	0	13	0	8	193	240	240	77	0	9	3	0	3	0	0	0	0	0	
0	0	0	0	0	0	0	0	0	8	0	0	10	178	245	255	107	22	0	3	0	0	5	0	0	0	0	0	
0	0	0	0	0	0	0	0	0	0	0	0	104	235	249	198	10	0	0	2	0	0	3	0	0	0	0	0	
0	0	0	0	0	0	0	0	6	1	0	77	229	252	251	104	0	8	5	0	2	6	0	0	0	0	0	0	
0	0	0	0	0	0	0	0	0	0	31	163	249	251	156	4	3	7	0	0	4	5	0	2	0	0	0	0	
0	0	0	0	0	0	0	0	4	0	177	248	255	187	33	0	0	0	0	0	2	0	0	9	0	0	0	0	
0	0	0	0	0	0	0	0	0	69	247	255	246	64	0	7	0	0	4	7	1	0	0	5	0	0	0	0	
0	0	0	0	0	0	0	0	55	255	251	250	200	12	10	0	1	0	0	2	0	1	4	0	0	0	0	0	
0	0	0	0	0	0	0	0	105	251	249	211	19	3	0	0	0	0	0	0	0	0	0	0	0	0	0	0	
0	0	0	0	0	0	0	0	102	255	251	151	3	0	3	3	0	0	0	0	0	0	0	0	0	0	0	0	
0	0	0	0	0	0	0	0	48	161	136	39	0	0	9	0	0	0	0	0	0	0	0	0	0	0	0	0	
0	0	0	0	0	0	0	0	0	29	7	0	4	1	7	0	0	0	0	0	0	0	0	0	0	0	0	0	
