0	0	0	0	0	0	0	0	2	0	0	6	4	0	0	6	1	1	0	10	4	0	8	2	0	0	0	0	
0	0	0	0	0	0	0	0	0	0	0	0	0	0	0	0	0	5	0	0	0	1	10	0	0	0	0	0	
0	0	0	0	0	0	0	0	2	3	0	0	0	6	9	7	0	16	8	4	4	0	0	0	0	0	0	0	
0	0	0	0	0	0	0	0	5	1	0	0	0	0	0	0	0	0	0	0	3	0	0	6	0	0	0	0	
0	0	0	0	0	0	0	0	0	0	0	10	13	5	1	4	14	5	0	0	0	6	0	0	0	0	0	0	
0	0	0	0	0	0	0	0	10	4	0	0	0	0	0	5	0	0	16	6	0	7	2	0	0	0	0	0	
0	0	0	0	0	0	0	0	0	1	8	0	0	4	7	0	15	0	0	7	0	0	3	4	0	0	0	0	
0	0	0	0	0	0	0	0	16	86	150	179	209	244	244	216	185	29	0	11	7	0	0	0	0	0	0	0	
0	2	9	0	0	5	0	14	170	240	255	255	245	255	253	253	253	76	9	0	11	8	0	4	0	0	0	0	
1	0	4	0	0	0	4	41	252	255	183	118	68	39	77	254	248	68	8	0	0	0	0	2	0	0	0	0	
6	0	0	3	0	0	7	64	251	255	84	0	5	7	12	224	251	77	2	7	0	0	4	0	0	0	0	0	
5	0	0	2	1	0	6	57	255	254	78	2	6	0	0	248	255	120	0	0	5	4	7	0	0	0	0	0	
0	0	2	0	1	2	0	27	176	247	135	18	0	9	21	232	254	187	14	0	4	4	0	0	0	0	0	0	
0	0	5	0	0	6	0	2	32	52	21	10	0	0	20	241	254	245	38	0	2	0	0	7	0	0	0	0	
0	0	4	0	0	5	0	0	0	6	12	0	0	12	55	255	255	254	33	8	1	0	1	5	0	0	0	0	
2	0	3	0	0	1	0	7	10	0	0	0	5	0	2	179	255	231	3	5	0	0	8	0	0	0	0	0	
0	0	0	0	0	0	0	0	0	4	0	6	0	0	9	154	252	242	42	0	8	2	0	5	0	0	0	0	
0	0	0	0	0	0	0	0	0	2	0	6	0	1	4	151	254	247	31	0	5	0	0	0	0	0	0	0	
0	0	0	0	0	0	0	0	0	0	0	5	0	2	0	155	251	247	11	0	0	0	0	0	0	0	0	0	
0	0	0	0	0	0	0	0	0	0	0	5	0	1	0	176	248	242	0	1	0	0	4	0	0	0	0	0	
0	0	0	0	0	0	0	0	0	0	3	4	0	0	2	207	253	238	0	5	0	0	6	0	0	0	0	0	
0	0	0	0	0	0	0	0	0	0	5	3	0	0	6	233	255	229	0	5	1	0	5	0	0	0	0	0	
0	0	0	0	0	0	0	0	2	0	3	1	0	3	6	244	255	208	4	0	2	0	2	0	0	0	0	0	
0	0	0	0	0	0	0	0	5	0	1	0	2	7	4	245	245	188	2	0	0	0	1	1	0	0	0	0	
0	0	0	0	0	0	0	0	0	0	0	5	0	0	80	233	255	138	24	0	0	4	5	1	0	0	0	0	
0	0	0	0	0	0	0	0	1	3	0	1	0	9	121	255	255	109	0	0	10	0	0	0	0	0	0	0	
0	0	0	0	0	0	0	0	0	3	1	0	0	0	73	183	244	111	7	0	0	0	0	13	0	0	0	0	
0	0	0	0	0	0	0	0	0	0	0	0	1	0	0	29	2	0	0	3	11	9	0	0	0	0	0	0	
