0	0	0	0	0	0	0	0	0	0	0	0	0	0	0	0	0	0	0	0	0	0	0	0	0	0	0	0	
0	0	0	0	0	0	0	0	0	0	0	0	0	0	0	0	0	0	0	0	0	0	0	0	0	0	0	0	
0	0	0	0	0	0	0	0	0	0	0	0	0	0	0	0	0	0	0	0	0	0	0	0	0	0	0	0	
0	0	0	0	0	0	0	0	0	0	0	0	0	0	0	0	0	0	0	0	0	0	0	0	0	0	0	0	
0	0	0	0	0	0	0	0	0	0	0	0	0	0	0	0	0	0	0	0	0	0	0	0	0	0	0	0	
0	0	0	0	0	0	0	0	0	0	0	0	0	0	0	0	0	0	0	0	0	0	0	0	0	0	0	0	
0	0	0	0	0	0	0	0	0	0	0	0	0	0	0	0	0	0	0	0	0	0	0	0	0	0	0	0	
0	0	0	0	0	0	0	0	0	0	0	0	0	0	0	0	0	0	0	0	0	0	0	0	0	0	0	0	
0	10	247	180	142	134	147	148	146	110	36	135	97	26	22	3	1	0	1	41	103	102	7	1	0	0	0	0	
1	0	255	235	222	255	246	243	252	255	241	253	231	254	225	168	175	175	175	255	255	252	0	0	0	0	0	0	
5	6	157	255	81	140	37	56	99	135	157	157	160	236	240	255	251	255	251	247	242	255	0	1	0	0	0	0	
0	0	157	248	129	0	11	0	5	0	4	3	0	5	9	101	134	112	123	111	240	238	19	0	0	0	0	0	
2	17	143	255	118	0	0	0	5	5	0	0	0	4	0	19	0	0	18	117	242	145	0	2	0	0	0	0	
0	0	87	142	42	11	0	9	0	6	0	0	0	7	1	0	16	18	0	197	255	150	0	0	0	0	0	0	
2	0	18	11	0	0	0	2	0	0	7	5	0	0	5	10	0	14	14	245	242	89	4	5	0	0	0	0	
1	9	0	0	11	0	10	0	14	0	1	0	0	3	0	0	12	0	33	244	255	23	1	2	0	0	0	0	
0	0	0	0	0	0	0	0	0	0	0	0	0	0	0	0	1	7	149	255	178	26	6	0	0	0	0	0	
0	0	0	0	0	0	0	0	0	0	0	0	0	0	0	0	0	38	244	255	89	0	0	11	0	0	0	0	
0	0	0	0	0	0	0	0	0	0	0	0	0	0	0	0	11	88	255	246	40	12	3	0	0	0	0	0	
0	0	0	0	0	0	0	0	0	0	0	0	0	0	0	0	0	156	253	246	14	1	7	0	0	0	0	0	
0	0	0	0	0	0	0	0	0	0	0	0	0	0	0	0	22	211	255	163	0	0	0	7	0	0	0	0	
0	0	0	0	0	0	0	0	0	0	0	0	0	0	0	0	119	243	251	32	1	16	0	0	0	0	0	0	
0	0	0	0	0	0	0	0	0	0	0	0	0	0	0	0	161	255	240	0	0	4	0	4	0	0	0	0	
0	0	0	0	0	0	0	0	0	0	0	0	0	0	0	0	162	255	184	16	0	0	0	4	0	0	0	0	
0	0	0	0	0	0	0	0	0	0	0	2	0	0	5	22	247	255	125	0	6	0	9	0	0	0	0	0	
0	0	0	0	0	0	0	0	1	0	0	2	0	0	4	20	246	250	108	3	8	0	9	0	0	0	0	0	
0	0	0	0	0	0	0	0	2	0	0	2	0	0	2	15	255	246	83	1	0	0	3	4	0	0	0	0	
0	0	0	0	0	0	0	0	2	0	1	2	0	0	1	10	97	106	0	0	0	8	2	3	0	0	0	0	
