0	0	0	0	0	0	0	0	0	0	0	1	2	1	0	0	0	2	3	0	6	6	0	0	0	0	0	0	
0	0	0	0	0	0	0	0	1	0	0	0	0	0	4	8	0	0	0	7	0	0	13	4	0	0	0	0	
0	0	0	0	0	0	0	0	0	0	3	3	0	0	0	0	0	3	0	8	7	0	7	0	0	0	0	0	
0	0	0	0	0	0	0	0	0	0	1	3	3	1	0	0	0	10	0	0	8	4	0	10	0	0	0	0	
0	0	0	0	0	0	0	0	6	0	0	0	0	4	7	7	0	0	19	5	0	0	0	0	0	0	0	0	
0	0	0	0	0	0	0	0	1	0	0	0	0	0	0	0	12	0	0	2	0	3	17	0	0	0	0	0	
0	0	0	0	0	0	0	0	0	0	4	3	0	0	4	9	0	17	0	11	6	0	7	0	0	0	0	0	
0	0	0	0	0	0	0	0	4	4	0	0	0	13	50	79	82	255	243	255	237	69	4	0	0	0	0	0	
0	0	1	14	0	181	170	171	159	177	162	171	159	166	235	250	246	250	255	246	249	168	0	0	0	0	0	0	
6	0	1	7	198	254	246	255	255	240	253	255	255	255	249	248	252	255	227	248	255	255	83	0	0	0	0	0	
0	0	6	100	252	255	252	246	250	243	255	248	240	253	240	255	255	249	255	255	255	234	79	11	0	0	0	0	
5	4	0	131	255	237	252	255	251	255	248	245	255	255	255	248	241	255	254	255	232	255	70	4	0	0	0	0	
7	0	5	255	252	253	254	245	248	255	252	251	249	233	243	255	249	255	240	255	255	193	42	0	0	0	0	0	
0	0	11	85	255	236	255	252	248	167	163	173	198	161	62	81	255	246	252	255	255	0	0	2	0	0	0	0	
0	0	0	35	192	255	255	188	91	11	0	0	1	5	0	89	249	255	243	248	139	7	8	0	0	0	0	0	
3	7	6	0	7	0	0	10	0	0	0	1	7	0	9	82	255	240	255	231	51	5	0	6	0	0	0	0	
0	0	0	0	0	0	0	0	2	0	8	9	0	8	7	82	245	255	248	168	0	0	16	0	0	0	0	0	
0	0	0	0	0	0	0	0	4	0	0	0	6	11	0	255	253	247	255	248	79	6	0	0	0	0	0	0	
0	0	0	0	0	0	0	0	8	0	14	2	5	0	0	249	255	248	245	203	34	0	0	4	0	0	0	0	
0	0	0	0	0	0	0	0	0	0	11	4	1	10	168	255	246	255	252	167	0	0	8	0	0	0	0	0	
0	0	0	0	0	0	0	0	0	14	0	0	0	0	194	241	253	253	253	174	5	0	2	0	0	0	0	0	
0	0	0	0	0	0	0	0	0	9	0	12	10	83	236	255	255	250	247	161	0	0	0	5	0	0	0	0	
0	0	0	0	0	0	0	0	4	0	0	0	0	108	255	248	246	254	255	171	2	11	3	0	0	0	0	0	
0	0	0	0	0	0	0	0	0	1	9	6	3	74	249	255	255	246	252	164	0	0	0	5	0	0	0	0	
0	0	0	0	0	0	0	0	0	13	0	5	0	80	252	252	249	255	243	50	0	9	0	0	0	0	0	0	
0	0	0	0	0	0	0	0	0	4	0	8	10	90	241	255	255	248	255	112	18	0	0	11	0	0	0	0	
0	0	0	0	0	0	0	0	8	0	0	5	0	26	97	120	232	108	71	0	0	8	13	0	0	0	0	0	
0	0	0	0	0	0	0	0	2	0	2	5	0	0	0	8	10	0	22	1	0	6	2	0	0	0	0	0	
