0	0	0	0	0	0	0	0	0	7	0	0	5	3	0	4	0	0	7	0	0	11	0	0	0	0	0	0	
0	0	0	0	0	0	0	0	0	3	2	1	7	1	0	2	12	0	0	0	0	0	0	8	0	0	0	0	
0	0	0	0	0	0	0	0	9	0	0	3	4	0	0	2	0	0	5	0	1	7	0	0	0	0	0	0	
0	0	0	0	0	0	0	0	0	3	0	0	0	10	9	0	0	5	7	0	0	6	6	3	0	0	0	0	
0	0	0	0	0	0	0	0	2	0	0	10	11	0	0	8	0	0	0	6	3	0	0	0	0	0	0	0	
0	0	0	0	0	0	0	0	0	16	0	0	0	4	0	0	0	12	5	0	0	5	19	7	0	0	0	0	
0	0	0	0	0	0	0	0	6	0	19	166	245	129	5	10	0	5	0	14	9	0	0	0	0	0	0	0	
0	0	0	0	0	0	0	0	0	0	0	85	239	245	121	44	51	38	100	233	218	61	0	0	0	0	0	0	
0	0	0	0	0	0	0	0	9	0	0	4	174	255	255	237	253	255	243	251	216	57	4	0	0	0	0	0	
0	0	0	0	0	0	0	0	4	12	0	6	177	246	241	255	239	255	245	250	83	4	4	3	0	0	0	0	
0	0	0	0	0	0	0	0	0	6	2	0	194	255	244	18	120	252	255	143	3	0	0	0	0	0	0	0	
0	0	0	0	0	0	0	0	23	0	0	0	47	97	4	8	154	255	255	18	0	5	0	1	0	0	0	0	
0	0	0	0	0	0	0	0	2	0	10	0	0	0	10	29	242	240	188	7	11	0	3	1	0	0	0	0	
0	0	0	0	0	0	0	0	0	14	5	0	0	19	0	234	232	232	57	15	6	0	0	0	0	0	0	0	
0	0	0	0	0	0	0	0	1	7	0	0	15	0	75	235	251	205	3	0	0	2	0	8	0	0	0	0	
0	0	0	0	0	0	0	0	0	0	0	0	0	7	157	255	255	67	3	2	6	0	12	0	0	0	0	0	
0	0	0	0	0	0	0	0	6	0	2	0	14	101	240	252	139	11	0	4	0	2	0	5	0	0	0	0	
0	0	0	0	0	0	0	0	0	14	0	2	0	165	255	245	74	0	0	3	0	8	0	0	0	0	0	0	
0	0	0	0	0	0	0	0	13	0	11	0	163	250	255	196	11	0	4	0	0	10	0	0	0	0	0	0	
0	0	0	0	0	0	0	0	0	0	0	42	241	246	255	16	0	0	7	0	0	5	0	5	0	0	0	0	
0	0	0	0	0	0	0	0	0	15	19	138	242	255	70	11	0	2	4	0	2	0	0	8	0	0	0	0	
0	0	0	0	0	0	0	0	0	0	91	255	255	168	2	0	0	0	0	2	7	0	0	2	0	0	0	0	
0	0	0	0	0	0	0	0	0	84	255	248	249	136	0	1	0	0	0	1	2	1	1	0	0	0	0	0	
0	0	0	0	0	0	0	0	24	203	251	255	105	30	0	0	0	4	0	0	0	0	10	0	0	0	0	0	
0	0	0	0	0	0	0	0	97	239	255	221	0	15	0	4	0	0	0	0	0	0	0	0	0	0	0	0	
0	0	0	0	0	0	0	0	51	253	223	7	4	4	0	3	0	0	0	0	0	0	0	0	0	0	0	0	
0	0	0	0	0	0	0	0	2	0	0	0	18	0	1	0	0	0	0	0	0	0	0	0	0	0	0	0	
0	0	0	0	0	0	0	0	2	0	3	14	0	3	7	0	0	0	0	0	0	0	0	0	0	0	0	0	
