0	0	0	0	0	0	0	0	4	0	3	9	0	0	1	3	0	0	0	0	0	0	0	0	0	0	0	0	
0	0	0	0	0	0	0	0	0	0	0	0	1	15	7	0	0	0	0	0	0	0	0	0	0	0	0	0	
0	0	0	0	0	0	0	0	0	10	8	2	4	0	0	7	0	0	0	0	0	0	0	0	0	0	0	0	
0	0	0	0	0	0	0	0	0	0	0	0	3	0	0	3	0	0	0	0	0	0	0	0	0	0	0	0	
0	0	0	0	0	0	0	0	8	3	11	6	0	2	13	0	0	0	0	0	0	0	0	0	0	0	0	0	
0	0	0	0	0	0	0	0	3	0	0	1	0	0	1	0	0	0	0	0	0	0	0	0	0	0	0	0	
0	0	0	0	0	0	0	0	0	19	5	0	8	13	0	0	0	0	0	0	0	0	0	0	0	0	0	0	
0	0	0	0	0	0	0	0	12	201	208	52	0	1	0	7	0	0	0	0	0	0	0	0	0	0	0	0	
0	0	0	0	0	0	0	0	141	249	255	250	198	125	140	122	127	180	223	12	6	0	11	0	0	0	0	0	
0	0	0	0	0	0	0	0	190	255	228	255	255	242	241	255	255	254	249	87	5	0	0	16	0	0	0	0	
0	0	0	0	0	0	0	0	97	255	255	245	255	255	255	249	248	255	255	134	3	9	0	0	0	0	0	0	
0	0	0	0	0	0	0	0	92	252	245	66	46	68	95	25	216	243	255	100	0	17	0	4	0	0	0	0	
0	0	0	0	0	0	0	0	15	243	255	47	12	7	16	2	237	243	254	51	0	0	1	1	0	0	0	0	
0	0	0	0	0	0	0	0	0	255	250	41	0	0	0	100	247	253	212	5	7	3	96	30	0	0	0	0	
0	0	0	0	0	0	0	0	14	163	122	9	0	23	26	180	255	253	111	0	0	27	241	106	0	0	0	0	
0	0	0	0	0	0	0	0	0	0	6	6	1	0	66	255	255	210	10	6	5	5	255	98	0	0	0	0	
0	0	0	0	0	0	0	0	0	9	0	0	0	8	120	255	246	142	3	1	0	22	255	101	0	0	0	0	
0	0	0	0	0	0	0	0	6	0	0	6	0	60	228	255	244	44	0	0	0	0	85	43	0	0	0	0	
0	0	0	0	0	0	0	0	7	0	0	20	0	165	255	250	164	0	9	0	0	15	0	5	0	0	0	0	
0	0	0	0	0	0	0	0	0	8	0	0	43	245	255	200	36	0	5	0	0	10	0	0	0	0	0	0	
0	0	0	0	0	0	0	0	0	2	8	0	168	255	246	108	0	4	0	7	4	0	0	5	0	0	0	0	
0	0	0	0	0	0	0	0	0	1	0	92	247	255	223	31	0	12	0	2	5	0	3	5	0	0	0	0	
0	0	0	0	0	0	0	0	0	6	4	205	254	246	123	5	0	0	1	0	0	2	6	0	0	0	0	0	
0	0	0	0	0	0	0	0	0	0	65	243	255	209	15	8	4	0	0	10	7	0	11	0	0	0	0	0	
0	0	0	0	0	0	0	0	0	6	232	255	255	53	8	0	0	0	0	0	0	0	0	0	0	0	0	0	
0	0	0	0	0	0	0	0	7	41	237	255	123	0	0	14	0	0	0	0	0	0	0	0	0	0	0	0	
0	0	0	0	0	0	0	0	0	4	173	242	55	7	9	0	0	0	0	0	0	0	0	0	0	0	0	0	
0	0	0	0	0	0	0	0	0	0	0	0	0	0	0	13	0	0	0	0	0	0	0	0	0	0	0	0	
