0	0	0	0	0	0	0	0	2	1	0	0	0	2	0	0	3	4	0	0	0	2	2	0	0	0	0	0	
0	0	0	0	0	0	0	0	0	0	0	0	9	4	8	3	0	0	6	12	5	0	0	9	0	0	0	0	
0	0	0	0	0	0	0	0	14	4	6	0	1	0	0	0	0	0	0	3	4	0	0	0	0	0	0	0	
0	0	0	0	0	0	0	0	0	0	0	0	2	1	6	5	7	7	3	0	0	1	0	0	0	0	0	0	
0	0	0	0	0	0	0	0	0	2	1	11	2	5	0	0	0	0	0	0	0	0	5	11	0	0	0	0	
0	0	0	0	0	0	0	0	0	0	0	0	0	0	1	7	13	0	0	8	11	0	0	0	0	0	0	0	
0	0	0	0	0	0	0	0	1	0	16	0	16	0	8	0	0	7	11	0	0	0	8	5	0	0	0	0	
0	0	0	0	0	0	0	0	0	22	125	145	240	215	253	232	191	255	249	120	9	0	4	0	0	0	0	0	
0	0	0	0	0	0	0	0	0	58	232	255	254	240	255	243	243	254	255	233	53	0	0	6	0	0	0	0	
0	0	0	0	0	0	0	0	0	52	255	255	250	255	252	255	255	225	247	255	55	0	0	6	0	0	0	0	
0	0	0	0	0	0	0	0	16	41	238	171	140	145	36	52	51	47	202	237	29	6	7	0	0	0	0	0	
0	0	0	0	0	0	0	0	0	10	13	0	0	0	8	0	0	0	224	199	0	0	8	0	0	0	0	0	
0	0	0	0	0	0	0	0	4	0	6	0	15	10	0	0	27	6	244	153	1	0	0	4	0	0	0	0	
0	0	0	0	0	0	0	0	0	3	0	0	9	0	1	0	0	69	250	91	1	6	0	1	0	0	0	0	
0	0	0	0	0	0	0	0	11	0	13	0	0	7	0	12	18	222	255	38	0	2	6	0	0	0	0	0	
0	0	0	0	0	0	0	0	0	6	0	6	1	0	13	0	14	255	182	2	0	5	6	0	0	0	0	0	
0	0	0	0	0	0	0	0	0	0	0	8	0	4	5	0	141	255	60	0	0	0	0	10	0	0	0	0	
0	0	0	0	0	0	0	0	5	0	9	0	1	1	0	87	253	185	34	9	7	0	0	0	0	0	0	0	
0	0	0	0	0	0	0	0	0	0	0	9	6	4	33	228	255	34	0	0	0	0	4	2	0	0	0	0	
0	0	0	0	0	0	0	0	2	0	0	0	9	0	132	255	183	0	0	0	0	5	6	0	0	0	0	0	
0	0	0	0	0	0	0	0	0	13	0	10	0	122	239	236	75	3	13	2	1	7	0	0	0	0	0	0	
0	0	0	0	0	0	0	0	0	2	0	8	30	255	255	132	0	1	0	0	6	2	0	9	0	0	0	0	
0	0	0	0	0	0	0	0	9	0	24	0	172	241	204	0	3	9	0	0	12	0	0	2	0	0	0	0	
0	0	0	0	0	0	0	0	0	11	0	85	255	255	152	0	2	0	5	0	5	0	11	0	0	0	0	0	
0	0	0	0	0	0	0	0	2	0	117	255	248	171	38	5	0	0	0	0	0	0	0	0	0	0	0	0	
0	0	0	0	0	0	0	0	0	66	254	253	255	75	0	0	0	0	0	0	0	0	0	0	0	0	0	0	
0	0	0	0	0	0	0	0	4	36	254	224	76	0	29	5	0	0	0	0	0	0	0	0	0	0	0	0	
0	0	0	0	0	0	0	0	0	9	3	0	2	18	0	0	0	0	0	0	0	0	0	0	0	0	0	0	
