0	1	3	3	1	0	0	1	0	0	0	1	2	0	1	4	11	0	0	0	2	1	0	0	0	0	0	0	
2	2	1	0	0	0	0	0	2	4	1	0	0	0	0	0	0	0	3	7	5	0	0	0	0	0	0	0	
4	1	0	0	0	0	0	0	0	5	6	0	0	6	6	0	5	7	5	0	0	0	2	6	0	0	0	0	
1	0	0	0	3	4	4	2	0	0	2	2	0	0	0	0	0	0	0	0	3	7	1	0	0	0	0	0	
0	0	0	2	3	3	0	0	1	0	0	6	8	2	3	12	7	8	6	2	2	3	1	0	0	0	0	0	
0	0	2	2	0	0	0	0	11	2	0	0	0	0	0	0	0	0	0	0	0	0	1	12	0	0	0	0	
0	1	4	1	0	0	3	9	0	0	2	0	0	8	6	0	16	2	0	8	10	0	0	1	0	0	0	0	
0	1	4	1	0	2	14	26	50	97	140	165	205	253	255	249	242	159	70	25	9	0	0	4	0	0	0	0	
1	5	0	8	0	126	195	253	248	252	255	254	249	255	255	246	246	255	255	242	119	7	10	0	0	0	0	0	
0	6	0	3	46	228	255	241	255	242	242	255	252	233	189	135	236	243	238	255	231	0	0	0	0	0	0	0	
0	0	5	0	0	62	84	79	25	21	53	67	28	2	3	0	0	23	212	255	244	26	5	0	0	0	0	0	
14	0	1	10	0	0	0	7	4	0	0	9	0	0	6	1	11	14	181	245	219	0	4	0	0	0	0	0	
0	0	0	0	2	6	11	0	17	0	0	4	0	10	12	0	0	78	255	247	219	24	0	8	0	0	0	0	
0	17	14	2	0	0	5	0	0	0	10	6	0	0	3	7	22	233	255	255	94	0	19	0	0	0	0	0	
0	0	0	0	8	3	4	1	4	7	0	0	0	0	0	21	192	255	243	226	28	14	2	0	0	0	0	0	
0	16	0	5	0	0	0	0	0	4	0	0	9	0	7	59	246	255	255	83	5	0	0	2	0	0	0	0	
0	0	0	0	0	0	0	0	0	0	0	0	3	4	10	224	255	246	184	30	0	0	16	0	0	0	0	0	
0	0	0	0	0	0	0	0	0	16	0	0	1	0	123	247	245	255	84	0	1	8	0	5	0	0	0	0	
0	0	0	0	0	0	0	0	0	13	0	0	4	38	221	247	255	160	1	4	0	7	0	10	0	0	0	0	
0	0	0	0	0	0	0	0	1	0	0	0	0	154	245	255	219	15	1	15	0	5	3	0	0	0	0	0	
0	0	0	0	0	0	0	0	2	0	12	0	18	226	247	255	81	0	18	0	0	8	1	0	0	0	0	0	
0	0	0	0	0	0	0	0	0	1	6	0	129	255	255	178	0	9	0	0	0	0	5	3	0	0	0	0	
0	0	0	0	0	0	0	0	0	0	0	29	236	255	254	60	0	6	0	21	1	0	10	8	0	0	0	0	
0	0	0	0	0	0	0	0	4	0	0	56	255	243	234	6	0	7	1	0	1	7	0	0	0	0	0	0	
0	0	0	0	0	0	0	0	2	0	7	179	253	255	208	6	0	0	0	0	0	0	0	0	0	0	0	0	
0	0	0	0	0	0	0	0	0	24	0	241	255	255	91	0	0	0	0	0	0	0	0	0	0	0	0	0	
0	0	0	0	0	0	0	0	0	6	10	83	227	95	11	2	0	0	0	0	0	0	0	0	0	0	0	0	
0	0	0	0	0	0	0	0	16	0	0	29	5	6	0	2	0	0	0	0	0	0	0	0	0	0	0	0	
