0	0	0	0	0	0	0	0	1	3	0	0	0	4	4	0	6	0	0	4	7	2	0	0	0	0	0	0	
0	0	0	0	0	0	0	0	0	0	6	1	0	0	1	1	3	0	0	0	0	0	0	4	0	0	0	0	
0	0	0	0	0	0	0	0	3	4	2	0	3	6	3	0	0	0	8	9	7	4	0	0	0	0	0	0	
0	0	0	0	0	0	0	0	0	0	0	0	0	1	2	0	0	0	0	0	0	5	8	6	0	0	0	0	
0	0	0	0	0	0	0	0	0	0	6	7	1	0	2	10	5	4	0	0	0	0	0	0	0	0	0	0	
0	0	0	0	0	0	0	0	4	0	0	4	5	0	0	0	0	0	0	1	3	2	3	6	0	0	0	0	
0	0	0	0	0	0	0	0	2	0	0	0	0	0	5	15	0	0	0	5	0	0	0	7	0	0	0	0	
0	0	0	0	0	0	0	0	0	29	54	44	15	19	77	139	151	169	200	210	162	79	18	0	0	0	0	0	
0	1	1	0	0	0	0	0	42	233	255	237	214	240	240	255	255	221	227	247	250	243	56	4	0	0	0	0	
0	0	0	0	3	4	4	3	206	249	201	197	159	166	85	72	62	3	16	0	188	255	67	0	0	0	0	0	
4	0	0	1	1	0	0	0	239	255	20	0	0	5	0	2	9	0	0	24	221	238	5	1	0	0	0	0	
6	0	0	2	0	0	0	11	241	253	10	0	10	0	0	6	0	5	0	106	237	199	2	0	0	0	0	0	
0	0	0	6	2	0	14	38	233	93	0	7	2	7	0	0	0	6	107	218	246	61	0	13	0	0	0	0	
0	0	2	4	0	0	13	33	245	104	16	0	0	1	2	0	14	59	234	254	183	12	0	4	0	0	0	0	
0	2	3	0	0	0	0	6	42	52	0	0	6	0	2	0	101	232	255	150	6	0	3	0	0	0	0	0	
0	0	1	0	0	2	0	0	3	0	0	20	0	7	9	60	240	244	62	13	0	2	12	0	0	0	0	0	
0	0	0	0	0	0	0	0	0	12	2	7	0	0	40	248	255	90	0	11	4	0	3	0	0	0	0	0	
0	0	0	0	0	0	0	0	12	0	11	0	0	30	227	255	132	29	0	0	0	0	6	0	0	0	0	0	
0	0	0	0	0	0	0	0	11	0	0	4	50	185	243	212	23	0	0	0	0	1	3	0	0	0	0	0	
0	0	0	0	0	0	0	0	0	7	0	16	86	252	255	0	0	7	9	0	0	0	0	0	0	0	0	0	
0	0	0	0	0	0	0	0	4	0	1	62	231	242	50	13	0	6	2	0	0	0	0	6	0	0	0	0	
0	0	0	0	0	0	0	0	0	17	86	225	255	134	5	6	0	0	0	0	3	0	0	3	0	0	0	0	
0	0	0	0	0	0	0	0	9	10	216	255	164	2	0	0	2	1	1	3	2	0	0	0	0	0	0	0	
0	0	0	0	0	0	0	0	0	197	253	177	12	0	14	0	0	1	6	3	0	0	5	0	0	0	0	0	
0	15	2	0	3	2	0	3	127	255	172	25	7	0	0	5	0	0	0	0	0	0	0	0	0	0	0	0	
0	1	0	4	11	0	8	67	255	230	63	0	0	1	5	0	0	0	0	0	0	0	0	0	0	0	0	0	
2	0	0	5	7	0	5	70	240	143	18	0	15	5	9	0	0	0	0	0	0	0	0	0	0	0	0	0	
0	4	0	0	0	0	0	13	10	0	0	1	1	0	3	2	0	0	0	0	0	0	0	0	0	0	0	0	
