0	0	0	0	0	0	0	0	6	4	0	0	0	1	4	2	4	5	2	0	0	0	2	4	0	0	0	0	
0	0	0	0	0	0	0	0	0	0	5	11	5	0	0	0	0	0	0	6	12	6	0	0	0	0	0	0	
0	0	0	0	0	0	0	0	8	0	0	0	3	0	2	9	9	2	1	4	0	0	0	10	0	0	0	0	
0	0	0	0	0	0	0	0	4	1	0	0	0	0	0	0	0	0	0	0	0	0	0	3	0	0	0	0	
0	0	0	0	0	0	0	0	0	4	9	0	0	0	8	9	12	10	2	0	0	8	2	0	0	0	0	0	
0	0	0	0	0	0	0	0	0	3	0	0	0	0	0	0	0	0	3	0	0	0	3	0	0	0	0	0	
0	0	0	0	0	0	0	0	0	0	0	6	4	0	1	13	12	0	0	4	6	0	0	2	0	0	0	0	
0	0	0	0	0	0	0	0	0	0	0	1	0	28	139	253	244	130	21	0	0	0	0	1	0	0	0	0	
0	2	9	0	7	0	1	0	2	6	102	155	186	214	253	250	255	252	165	10	0	0	14	0	0	0	0	0	
9	0	0	0	0	38	110	158	237	218	247	255	250	242	185	116	146	255	253	90	4	0	5	0	0	0	0	0	
6	0	0	28	132	226	255	241	243	233	220	174	69	37	4	2	115	255	249	87	1	5	0	1	0	0	0	0	
0	6	0	5	210	225	159	92	56	19	3	9	0	5	0	0	187	255	173	17	0	10	0	3	0	0	0	0	
0	3	0	0	107	40	0	0	0	0	16	4	8	0	0	12	219	255	158	0	5	0	0	7	0	0	0	0	
2	0	4	9	9	0	0	14	2	5	7	0	9	8	0	0	212	255	174	0	6	0	0	3	0	0	0	0	
0	0	1	4	0	9	10	0	0	2	0	0	12	6	0	29	228	255	158	0	0	5	0	0	0	0	0	0	
2	2	7	0	8	0	0	5	0	2	0	8	0	0	10	134	254	255	137	5	0	12	0	0	0	0	0	0	
0	0	0	0	0	0	0	0	5	0	2	0	0	0	13	204	255	242	52	6	0	0	0	9	0	0	0	0	
0	0	0	0	0	0	0	0	0	0	0	4	8	15	26	236	253	223	5	0	0	5	2	0	0	0	0	0	
0	0	0	0	0	0	0	0	4	3	0	0	0	0	0	216	246	202	0	6	0	0	1	0	0	0	0	0	
0	0	0	0	0	0	0	0	0	4	0	0	5	0	15	238	254	167	2	9	0	0	0	4	0	0	0	0	
0	0	0	0	0	0	0	0	0	3	0	1	10	7	66	255	250	99	2	0	12	12	0	0	0	0	0	0	
0	0	0	0	0	0	0	0	1	5	0	0	0	0	112	243	199	30	3	0	6	6	0	4	0	0	0	0	
0	0	0	0	0	0	0	0	0	0	3	0	2	5	191	255	150	1	2	0	0	0	0	10	0	0	0	0	
0	0	0	0	0	0	0	0	0	0	5	0	0	1	227	254	144	1	0	10	3	4	1	0	0	0	0	0	
0	0	0	0	0	0	0	0	0	14	0	0	15	48	233	255	80	21	0	0	4	0	0	6	0	0	0	0	
0	0	0	0	0	0	0	0	6	0	8	0	0	158	249	210	23	0	0	0	2	2	3	0	0	0	0	0	
0	0	0	0	0	0	0	0	3	0	0	19	11	59	254	100	0	0	5	4	0	4	5	0	0	0	0	0	
0	0	0	0	0	0	0	0	1	1	6	0	0	0	0	5	0	5	12	4	0	0	6	0	0	0	0	0	
