0	0	0	0	0	0	0	0	0	0	0	0	0	0	0	0	0	0	0	0	0	0	0	0	0	0	0	0	
0	0	0	0	0	0	0	0	0	0	0	0	0	0	0	0	0	0	0	0	0	0	0	0	0	0	0	0	
0	0	0	0	0	0	0	0	0	0	0	0	0	0	0	0	0	0	0	0	0	0	0	0	0	0	0	0	
0	0	0	0	0	0	0	0	0	0	0	0	0	0	0	0	0	0	0	0	0	0	0	0	0	0	0	0	
0	0	0	0	0	0	0	0	0	0	0	0	0	0	0	0	0	0	0	0	0	0	0	0	0	0	0	0	
0	0	0	0	0	0	0	0	0	0	0	0	0	0	0	0	0	0	0	0	0	0	0	0	0	0	0	0	
0	0	0	0	0	0	0	0	0	0	0	0	0	0	0	0	0	0	0	0	0	0	0	0	0	0	0	0	
0	0	0	0	0	0	0	0	0	0	0	0	0	0	0	0	0	0	0	0	0	0	0	0	0	0	0	0	
0	0	3	5	0	0	1	0	0	12	0	0	0	7	0	4	16	0	0	3	5	0	0	0	0	0	0	0	
0	18	0	0	1	5	0	6	9	0	2	13	0	0	2	0	0	16	0	0	0	0	10	1	0	0	0	0	
0	0	0	0	17	4	0	0	0	0	0	0	10	3	14	36	216	197	221	210	208	152	0	2	0	0	0	0	
0	0	38	39	11	43	75	45	51	59	146	168	136	154	244	255	253	230	255	248	255	255	2	0	0	0	0	0	
1	15	119	222	240	246	255	245	246	250	255	246	255	255	243	211	150	170	205	246	246	197	11	0	0	0	0	0	
5	0	4	121	241	255	249	255	255	240	235	190	125	103	91	28	0	1	222	246	255	60	0	0	0	0	0	0	
0	19	0	6	104	163	116	55	49	51	18	0	7	18	2	0	3	0	255	246	229	27	10	0	0	0	0	0	
0	0	0	4	0	0	1	0	0	7	0	6	0	3	0	2	12	0	96	255	142	4	0	0	0	0	0	0	
0	0	0	0	0	0	0	0	0	0	0	0	0	0	0	0	3	0	105	248	54	4	1	3	0	0	0	0	
0	0	0	0	0	0	0	0	0	0	0	0	0	0	0	0	0	16	159	255	0	3	7	0	0	0	0	0	
0	0	0	0	0	0	0	0	0	0	0	0	0	0	0	0	11	88	238	224	23	3	2	7	0	0	0	0	
0	0	0	0	0	0	0	0	0	0	0	0	0	0	0	0	0	85	255	255	0	1	0	0	0	0	0	0	
0	0	0	0	0	0	0	0	0	0	0	0	0	0	0	0	9	88	255	220	0	17	6	1	0	0	0	0	
0	0	0	0	0	0	0	0	0	0	0	0	0	0	0	0	5	103	250	140	0	0	0	0	0	0	0	0	
0	0	0	0	0	0	0	0	0	0	0	0	0	0	0	0	0	96	255	232	0	9	15	5	0	0	0	0	
0	0	0	0	0	0	0	0	0	0	0	0	0	0	0	0	4	44	159	120	12	0	0	0	0	0	0	0	
0	0	0	0	0	0	0	0	0	0	0	0	0	0	0	0	0	0	0	0	0	0	0	0	0	0	0	0	
0	0	0	0	0	0	0	0	0	0	0	0	0	0	0	0	0	0	0	0	0	0	0	0	0	0	0	0	
0	0	0	0	0	0	0	0	0	0	0	0	0	0	0	0	0	0	0	0	0	0	0	0	0	0	0	0	
0	0	0	0	0	0	0	0	0	0	0	0	0	0	0	0	0	0	0	0	0	0	0	0	0	0	0	0	
