0	0	1	0	0	0	2	3	0	3	0	0	0	1	1	7	0	0	0	0	2	0	2	0	0	0	0	0	
4	7	0	0	0	0	0	0	4	0	0	3	4	0	0	0	3	12	0	1	0	2	4	12	0	0	0	0	
0	1	0	0	9	8	3	7	2	0	0	7	6	3	4	3	0	1	0	10	0	0	0	0	0	0	0	0	
2	0	0	0	2	0	0	0	5	0	0	0	0	0	1	0	20	5	0	0	3	12	0	0	0	0	0	0	
11	0	0	3	0	0	1	7	0	4	9	1	0	5	10	3	0	0	13	0	0	0	0	1	0	0	0	0	
2	0	5	11	0	11	16	0	0	5	3	0	0	0	0	0	9	0	16	1	0	9	12	0	0	0	0	0	
3	0	9	0	0	62	88	9	4	10	0	0	19	7	0	16	14	90	202	180	9	0	0	4	0	0	0	0	
7	0	2	0	15	176	255	179	13	11	0	26	95	101	104	162	227	241	255	204	0	13	0	3	0	0	0	0	
4	0	0	5	5	117	255	250	255	243	254	255	249	252	255	255	249	255	255	28	7	0	4	0	0	0	0	0	
0	3	0	5	0	50	198	255	255	248	252	252	255	250	201	158	236	253	230	13	2	0	3	0	0	0	0	0	
0	11	0	1	2	0	68	138	11	9	0	0	4	9	0	31	232	253	193	0	0	0	1	2	0	0	0	0	
0	14	0	0	9	0	0	0	0	1	0	0	1	0	4	132	245	255	156	0	0	0	0	1	0	0	0	0	
0	5	3	2	0	0	5	0	3	5	0	5	11	0	0	148	255	255	113	0	3	0	0	0	0	0	0	0	
10	0	0	5	0	0	11	7	0	6	0	0	0	4	3	156	255	241	64	0	2	0	2	0	0	0	0	0	
11	0	0	2	2	0	0	0	0	9	11	10	0	6	0	146	252	216	21	1	0	0	5	0	0	0	0	0	
0	5	8	0	3	3	0	8	7	0	0	2	0	2	0	160	251	201	0	4	0	0	7	0	0	0	0	0	
0	2	3	0	0	0	0	5	45	108	157	166	255	155	139	255	255	214	169	161	142	0	23	0	0	0	0	0	
0	0	2	3	3	6	13	19	224	255	255	251	253	242	255	249	255	254	255	243	185	0	0	7	0	0	0	0	
0	2	3	2	0	0	4	9	96	168	179	207	204	207	192	255	247	255	230	32	0	16	3	0	0	0	0	0	
4	4	3	0	0	0	0	0	0	14	4	0	5	2	0	254	246	208	37	6	12	0	7	0	0	0	0	0	
0	1	2	1	1	1	2	4	0	0	4	0	0	7	65	251	255	192	0	3	1	0	22	9	0	0	0	0	
0	0	1	2	2	3	4	4	15	10	11	6	0	0	167	240	251	102	9	2	0	16	0	1	0	0	0	0	
1	0	0	0	0	0	0	0	0	10	0	0	10	0	204	255	255	75	0	0	0	5	18	0	0	0	0	0	
0	0	0	0	2	2	1	0	6	4	0	0	6	0	209	249	253	2	5	0	12	0	0	0	0	0	0	0	
0	0	0	0	0	0	0	0	0	12	0	0	7	0	181	255	255	8	0	7	0	4	5	0	0	0	0	0	
0	0	0	0	0	0	0	0	0	3	0	0	4	0	121	185	129	0	2	5	0	0	0	5	0	0	0	0	
0	0	0	0	0	0	0	0	0	0	0	11	5	0	3	12	12	0	8	0	1	0	0	7	0	0	0	0	
0	0	0	0	0	0	0	0	8	3	0	2	0	5	0	0	0	5	3	0	1	1	4	0	0	0	0	0	
