0	0	0	0	0	0	0	0	0	0	8	0	0	1	0	2	0	8	0	1	0	0	3	3	0	0	0	0	
0	0	0	0	0	0	0	0	8	0	0	11	7	10	0	3	8	0	0	10	2	3	0	1	0	0	0	0	
0	0	0	0	0	0	0	0	0	0	0	10	0	0	0	3	0	0	8	0	0	18	9	0	0	0	0	0	
0	0	0	0	0	0	0	0	3	16	4	6	0	0	6	1	5	0	12	13	2	0	0	12	0	0	0	0	
0	0	0	0	0	0	0	0	0	0	0	0	8	1	8	0	0	7	0	0	9	0	2	0	0	0	0	0	
0	0	0	0	0	0	0	0	4	0	10	9	5	0	0	3	0	20	0	3	9	0	0	14	0	0	0	0	
0	0	0	0	0	0	0	0	0	0	4	0	0	34	0	8	16	0	8	159	254	204	6	0	0	0	0	0	
0	0	0	0	0	0	0	0	1	10	0	11	41	221	157	136	225	255	255	247	255	255	19	0	0	0	0	0	
0	3	0	0	3	0	4	4	5	18	158	213	255	255	247	253	255	255	255	240	255	252	8	0	0	0	0	0	
3	0	1	2	0	0	0	0	25	214	244	241	255	248	253	254	228	245	255	255	233	71	10	0	0	0	0	0	
7	0	9	5	0	1	0	14	158	250	255	255	247	240	127	81	223	255	247	255	138	0	16	1	0	0	0	0	
5	0	10	2	2	4	6	84	255	255	245	239	217	16	4	83	238	255	239	174	19	6	1	0	0	0	0	0	
0	0	4	0	12	0	8	145	230	255	249	243	22	0	59	238	255	255	254	54	0	0	2	0	0	0	0	0	
0	6	0	0	12	0	2	136	255	249	219	52	0	16	72	248	255	237	172	0	5	0	10	1	0	0	0	0	
0	5	0	0	7	0	0	64	178	88	15	2	0	24	189	255	248	193	32	0	4	3	0	0	0	0	0	0	
0	0	0	8	3	0	1	0	13	0	7	3	3	132	255	243	255	173	0	0	7	2	0	8	0	0	0	0	
0	0	0	0	0	0	0	0	9	0	0	8	20	202	255	246	255	66	0	0	0	4	0	5	0	0	0	0	
0	0	0	0	0	0	0	0	0	10	0	52	200	247	255	255	148	26	0	0	0	8	0	0	0	0	0	0	
0	0	0	0	0	0	0	0	0	10	15	120	255	248	255	227	36	0	2	0	0	9	0	0	0	0	0	0	
0	0	0	0	0	0	0	0	12	0	110	240	255	255	239	101	0	0	9	0	0	4	0	4	0	0	0	0	
0	0	0	0	0	0	0	0	9	0	184	255	248	252	162	0	1	4	4	0	0	0	0	7	0	0	0	0	
0	0	0	0	0	0	0	0	0	43	232	234	255	171	50	0	2	0	0	0	5	0	0	4	0	0	0	0	
0	0	0	0	0	0	0	0	29	164	255	255	248	81	0	8	0	0	0	1	3	0	0	0	0	0	0	0	
0	0	0	0	0	0	0	0	134	255	252	248	156	7	0	0	3	3	1	4	0	0	5	0	0	0	0	0	
0	0	4	0	13	0	0	83	235	255	255	224	41	11	0	3	0	0	0	0	0	0	0	0	0	0	0	0	
6	1	6	0	0	0	21	124	255	255	216	158	11	0	0	0	0	0	0	0	0	0	0	0	0	0	0	0	
0	0	9	3	4	0	0	19	0	7	10	15	0	1	4	6	0	0	0	0	0	0	0	0	0	0	0	0	
3	0	3	3	4	9	0	0	0	0	0	0	0	3	0	0	0	0	0	0	0	0	0	0	0	0	0	0	
