0	0	0	0	0	0	0	0	0	0	0	0	0	0	0	0	0	11	0	0	9	6	2	0	0	0	0	0	
0	0	0	0	0	0	0	0	0	0	0	0	0	0	0	0	5	2	2	3	0	0	0	14	0	0	0	0	
0	0	0	0	0	0	0	0	0	0	0	0	0	0	0	0	5	0	2	14	5	5	1	0	0	0	0	0	
0	0	0	0	0	0	0	0	0	0	0	0	0	0	0	0	2	1	14	1	0	0	0	0	0	0	0	0	
0	0	0	0	0	0	0	0	0	0	0	0	0	0	0	0	0	0	0	0	8	8	0	8	0	0	0	0	
0	0	0	0	0	0	0	0	0	0	0	0	0	0	0	0	10	14	0	2	11	0	0	8	0	0	0	0	
0	0	0	0	0	0	0	0	0	0	0	0	0	0	0	0	0	7	0	9	0	0	28	0	0	0	0	0	
0	0	0	0	0	0	0	0	0	0	0	0	0	0	0	0	1	23	47	140	201	255	248	41	0	0	0	0	
0	0	0	0	0	0	0	0	0	0	17	0	0	21	0	37	103	206	255	252	247	248	230	39	0	0	0	0	
0	0	0	0	0	0	0	0	0	4	0	8	20	150	225	248	255	232	233	252	246	242	47	6	0	0	0	0	
0	0	0	0	0	0	0	0	0	12	5	43	226	255	255	224	126	67	39	207	255	97	5	0	0	0	0	0	
0	0	0	0	0	0	0	0	3	19	153	235	253	246	145	27	0	9	167	255	201	0	10	12	0	0	0	0	
0	0	0	0	0	0	0	0	21	181	255	245	255	165	2	1	17	129	255	201	17	3	1	0	0	0	0	0	
0	0	0	0	0	0	0	0	137	248	255	246	255	76	2	2	2	226	246	162	0	0	11	0	0	0	0	0	
0	0	0	0	0	0	0	0	167	247	246	255	111	17	1	5	161	247	162	16	0	0	0	7	0	0	0	0	
0	0	0	0	0	0	0	0	128	243	240	105	9	0	3	23	202	255	152	0	2	7	0	0	0	0	0	0	
0	0	0	0	0	0	0	0	18	51	18	5	2	0	5	140	255	114	18	9	3	0	2	1	0	0	0	0	
0	0	0	0	0	0	0	0	1	0	8	0	0	14	60	255	251	88	0	0	9	1	0	1	0	0	0	0	
0	0	0	0	0	0	0	0	0	5	0	14	0	0	143	248	130	32	0	3	7	0	0	2	0	0	0	0	
0	0	0	0	0	0	0	0	12	0	7	0	0	134	254	245	8	0	3	9	0	0	1	0	0	0	0	0	
0	0	0	0	0	0	0	0	10	0	8	6	86	248	222	82	0	0	0	0	0	3	6	0	0	0	0	0	
0	0	0	0	0	0	0	0	0	19	0	10	182	255	158	19	9	0	0	0	5	0	0	5	0	0	0	0	
0	0	0	0	0	0	0	0	0	16	139	129	255	217	36	2	0	0	0	6	7	0	0	7	0	0	0	0	
0	0	0	0	0	0	0	0	10	57	253	238	255	92	4	0	0	11	4	0	0	6	1	0	0	0	0	0	
0	0	0	0	0	0	0	0	4	50	255	255	160	6	0	0	0	0	0	0	0	0	0	0	0	0	0	0	
0	0	0	0	0	0	0	0	0	98	237	231	57	6	0	21	0	0	0	0	0	0	0	0	0	0	0	0	
0	0	0	0	0	0	0	0	1	141	255	76	0	0	35	0	0	0	0	0	0	0	0	0	0	0	0	0	
0	0	0	0	0	0	0	0	1	0	9	0	10	0	3	4	0	0	0	0	0	0	0	0	0	0	0	0	
