0	0	0	0	0	0	0	0	0	0	0	0	0	0	0	0	0	0	0	0	0	0	0	0	0	0	0	0	
0	0	0	0	0	0	0	0	0	0	0	0	0	0	0	0	0	0	0	0	0	0	0	0	0	0	0	0	
0	0	0	0	0	0	0	0	0	0	0	0	0	0	0	0	0	0	0	0	0	0	0	0	0	0	0	0	
0	0	0	0	0	0	0	0	0	0	0	0	0	0	0	0	0	0	0	0	0	0	0	0	0	0	0	0	
0	0	0	0	0	0	0	0	0	0	0	0	0	0	0	0	0	0	0	0	0	0	0	0	0	0	0	0	
0	0	0	0	0	0	0	0	0	0	0	0	0	0	0	0	0	0	0	0	0	0	0	0	0	0	0	0	
0	0	0	0	0	0	0	0	0	0	0	0	0	0	0	0	0	0	0	0	0	0	0	0	0	0	0	0	
0	0	0	0	0	0	0	0	0	0	0	0	0	0	0	0	0	0	0	0	0	0	0	0	0	0	0	0	
0	4	0	11	129	245	193	47	0	8	0	0	5	0	4	56	103	194	228	52	2	0	0	12	0	0	0	0	
0	12	0	0	113	237	255	247	220	139	58	63	114	134	170	241	255	239	252	131	0	0	15	0	0	0	0	0	
0	0	0	0	9	95	207	255	247	255	255	248	253	247	241	253	178	255	255	114	0	0	9	0	0	0	0	0	
0	19	11	0	0	0	33	112	172	220	235	231	249	230	122	8	0	255	235	37	1	5	0	0	0	0	0	0	
11	0	2	18	0	0	8	0	0	4	0	0	0	0	3	7	25	255	214	11	6	0	0	0	0	0	0	0	
0	5	0	0	9	5	0	2	2	0	0	10	6	0	0	5	91	255	201	0	4	0	3	0	0	0	0	0	
5	2	11	6	0	0	8	4	0	1	3	0	0	4	5	0	113	255	182	0	0	4	0	4	0	0	0	0	
0	0	0	0	7	7	0	0	0	0	2	1	0	3	6	0	181	249	161	15	0	10	0	0	0	0	0	0	
0	0	0	0	0	0	0	0	0	4	8	0	0	2	0	0	182	255	91	0	2	0	3	5	0	0	0	0	
0	0	0	0	0	0	0	0	5	0	0	5	5	2	0	42	254	243	40	0	11	5	5	0	0	0	0	0	
0	0	0	0	0	0	0	0	5	0	0	5	2	9	0	94	253	190	0	0	1	0	6	1	0	0	0	0	
0	0	0	0	0	0	0	0	0	4	4	0	0	14	0	125	255	186	0	11	3	0	0	8	0	0	0	0	
0	0	0	0	0	0	0	0	0	5	5	1	0	3	0	153	255	171	0	0	10	8	0	0	0	0	0	0	
0	0	0	0	0	0	0	0	2	0	0	10	0	0	11	196	243	122	0	0	0	12	0	0	0	0	0	0	
0	0	0	0	0	0	0	0	4	0	0	7	5	0	59	243	255	75	19	5	0	0	0	0	0	0	0	0	
0	0	0	0	0	0	0	0	0	5	0	0	1	4	106	255	249	0	0	10	0	1	8	0	0	0	0	0	
0	0	0	0	0	0	0	0	3	0	5	0	0	0	130	251	217	12	0	5	0	0	2	0	0	0	0	0	
0	0	0	0	0	0	0	0	0	0	5	0	2	5	124	255	184	1	0	6	0	0	2	0	0	0	0	0	
0	0	0	0	0	0	0	0	0	3	4	0	6	4	104	251	150	0	0	8	0	0	1	1	0	0	0	0	
0	0	0	0	0	0	0	0	0	8	2	0	4	0	74	236	136	0	6	9	0	0	0	0	0	0	0	0	
