2	0	0	0	5	7	2	0	0	5	0	2	7	0	1	1	0	0	0	0	0	0	0	0	0	0	0	0	
1	4	6	3	0	0	0	1	3	8	3	0	0	0	1	0	0	0	0	0	0	0	0	0	0	0	0	0	
0	0	2	2	0	0	5	10	0	0	3	0	0	2	2	0	0	0	0	0	0	0	0	0	0	0	0	0	
6	1	0	0	0	0	0	0	4	0	7	4	0	8	6	5	0	0	0	0	0	0	0	0	0	0	0	0	
4	2	2	2	4	6	6	5	5	0	0	6	3	0	0	0	0	0	0	0	0	0	0	0	0	0	0	0	
0	0	3	1	0	0	0	1	0	2	0	0	9	0	0	3	0	0	0	0	0	0	0	0	0	0	0	0	
0	0	0	2	6	7	2	0	0	32	0	0	11	0	7	1	0	0	0	0	0	0	0	0	0	0	0	0	
2	0	0	33	82	113	111	96	109	177	109	92	113	94	111	90	0	0	0	0	0	0	0	0	0	0	0	0	
4	0	80	222	246	255	255	251	246	255	255	249	246	255	255	247	202	34	0	0	10	0	5	6	0	0	0	0	
0	0	108	238	255	250	251	253	254	251	253	255	255	255	255	253	251	177	132	7	0	5	0	0	0	0	0	0	
17	0	13	51	143	170	124	20	119	0	0	25	0	86	251	254	252	244	255	170	83	3	5	7	0	0	0	0	
0	0	0	0	8	5	2	0	0	23	15	0	0	0	52	161	222	245	255	255	197	22	0	0	0	0	0	0	
0	9	0	3	0	3	0	14	0	0	0	0	9	4	0	8	0	107	211	255	255	103	4	0	0	0	0	0	
0	17	8	1	0	4	0	0	0	5	13	7	0	0	0	0	0	0	167	247	232	97	2	3	0	0	0	0	
11	0	0	5	10	0	0	13	2	1	0	0	6	8	1	0	23	16	162	255	255	102	16	0	0	0	0	0	
0	0	11	0	1	0	10	0	2	0	0	3	4	0	0	0	0	220	255	246	232	41	0	6	0	0	0	0	
0	0	0	0	0	0	0	0	0	1	0	7	3	0	4	0	158	243	251	255	162	0	0	10	0	0	0	0	
0	0	0	0	0	0	0	0	0	6	0	0	0	7	0	48	239	255	255	244	21	24	0	0	0	0	0	0	
0	0	0	0	0	0	0	0	5	0	0	3	2	0	0	167	255	249	244	81	0	0	6	0	0	0	0	0	
0	0	0	0	0	0	0	0	6	0	4	5	4	5	64	250	248	238	103	0	2	0	0	7	0	0	0	0	
0	0	0	0	0	0	0	0	0	0	10	0	2	82	184	253	255	164	0	3	0	0	0	0	0	0	0	0	
0	0	0	0	0	0	0	0	0	0	12	0	10	146	253	255	242	59	0	0	21	0	1	0	0	0	0	0	
0	0	0	0	0	0	0	0	0	0	7	8	21	200	255	255	120	12	0	0	10	2	0	11	0	0	0	0	
0	0	0	0	0	0	0	0	2	0	0	0	23	255	252	234	14	0	13	0	0	0	2	0	0	0	0	0	
0	0	0	0	0	0	0	0	8	0	0	5	25	255	248	255	189	73	6	5	0	0	6	1	0	0	0	0	
0	0	0	0	0	0	0	0	0	8	0	0	18	120	240	253	249	255	201	84	11	0	0	0	0	0	0	0	
0	0	0	0	0	0	0	0	0	14	0	0	1	0	104	90	181	195	104	0	0	8	5	13	0	0	0	0	
0	0	0	0	0	0	0	0	4	0	0	7	3	0	5	0	0	18	3	0	17	5	0	0	0	0	0	0	
