0	0	0	0	0	0	0	0	0	0	0	4	8	7	3	0	0	1	6	0	0	0	1	1	0	0	0	0	
0	0	0	0	0	0	0	0	5	2	0	0	0	0	0	0	9	0	0	0	12	4	3	0	0	0	0	0	
0	0	0	0	0	0	0	0	0	0	2	3	1	2	5	8	0	0	9	0	0	0	0	4	0	0	0	0	
0	0	0	0	0	0	0	0	0	0	2	2	0	0	0	0	3	7	15	0	3	0	7	0	0	0	0	0	
0	0	0	0	0	0	0	0	1	0	0	0	0	4	7	8	0	0	4	0	2	0	9	4	0	0	0	0	
0	0	0	0	0	0	0	0	0	0	2	4	3	1	0	0	11	0	0	5	3	0	0	0	0	0	0	0	
0	0	0	0	0	0	0	0	0	4	7	1	0	0	0	5	0	4	0	3	0	17	3	0	0	0	0	0	
0	0	0	0	0	0	0	0	0	0	0	0	4	37	90	131	166	255	255	166	10	0	0	10	0	0	0	0	
0	13	0	0	129	177	180	255	196	225	251	255	254	255	255	255	255	255	246	255	51	0	0	0	0	0	0	0	
8	0	8	62	255	244	243	250	255	255	255	255	255	249	225	199	154	104	234	255	101	0	0	0	0	0	0	0	
9	0	0	34	180	99	106	86	93	66	24	0	0	7	12	6	2	67	255	242	0	0	7	8	0	0	0	0	
0	7	0	0	16	0	0	0	0	6	9	7	6	3	0	0	6	122	253	255	0	26	0	0	0	0	0	0	
0	5	4	4	0	15	0	10	0	0	0	0	0	0	3	9	9	202	255	255	8	0	0	8	0	0	0	0	
3	0	0	0	0	13	0	0	4	1	0	1	5	6	2	0	0	255	233	177	0	12	10	0	0	0	0	0	
6	0	0	4	5	0	0	5	1	0	0	0	1	1	0	0	8	255	255	141	2	0	0	11	0	0	0	0	
0	16	0	8	0	2	0	0	0	1	4	4	0	0	0	4	116	238	255	4	4	0	10	0	0	0	0	0	
0	0	0	0	0	0	0	0	0	0	0	8	0	2	0	6	253	251	222	4	0	2	5	0	0	0	0	0	
0	0	0	0	0	0	0	0	12	7	0	2	0	4	9	23	253	255	112	0	0	2	0	4	0	0	0	0	
0	0	0	0	0	0	0	0	0	0	0	12	0	1	5	157	255	253	18	0	9	2	0	4	0	0	0	0	
0	0	0	0	0	0	0	0	0	4	4	11	0	0	7	255	255	185	0	3	3	0	0	0	0	0	0	0	
0	0	0	0	0	0	0	0	0	15	0	0	0	8	120	255	254	67	0	2	0	0	10	0	0	0	0	0	
0	0	0	0	0	0	0	0	0	0	0	0	8	14	249	254	229	0	0	4	0	0	4	0	0	0	0	0	
0	0	0	0	0	0	0	0	6	4	0	17	5	95	255	247	123	0	0	6	1	0	0	0	0	0	0	0	
0	0	0	0	0	0	0	0	0	14	0	0	0	253	255	255	0	8	0	2	0	9	0	3	0	0	0	0	
0	0	0	0	0	0	0	0	0	0	6	0	110	255	255	174	0	0	0	0	0	0	0	0	0	0	0	0	
0	0	0	0	0	0	0	0	1	7	13	0	238	255	252	0	0	0	0	0	0	0	0	0	0	0	0	0	
0	0	0	0	0	0	0	0	0	0	0	8	87	255	123	22	0	0	0	0	0	0	0	0	0	0	0	0	
0	0	0	0	0	0	0	0	0	23	0	0	4	0	28	0	0	0	0	0	0	0	0	0	0	0	0	0	
