0	0	0	0	0	0	0	0	1	9	3	0	0	0	0	3	4	3	0	8	0	0	3	0	0	0	0	0	
0	0	0	0	0	0	0	0	0	1	4	0	1	14	11	0	0	5	0	0	2	7	19	1	0	0	0	0	
0	0	0	0	0	0	0	0	16	0	0	7	3	0	0	0	0	12	3	0	0	0	0	0	0	0	0	0	
0	0	0	0	0	0	0	0	0	0	4	0	0	6	14	1	0	2	0	0	4	0	0	6	0	0	0	0	
0	0	0	0	0	0	0	0	0	0	3	10	3	0	0	0	14	5	0	0	0	9	4	4	0	0	0	0	
0	0	0	0	0	0	0	0	10	8	0	0	9	12	4	4	0	0	13	2	0	2	0	0	0	0	0	0	
0	0	0	0	0	0	0	0	0	18	4	0	80	163	153	114	25	0	0	11	0	0	3	4	0	0	0	0	
0	0	0	0	0	0	0	0	6	0	1	107	247	255	241	255	180	24	0	8	5	0	0	4	0	0	0	0	
0	0	0	0	0	0	0	1	13	0	152	255	244	255	165	250	250	63	0	3	0	0	9	0	0	0	0	0	
0	0	0	0	0	0	0	0	0	54	245	251	255	41	1	122	255	212	65	0	4	13	0	3	0	0	0	0	
0	0	0	0	0	0	0	0	12	196	255	226	49	0	0	37	226	255	96	5	0	5	0	8	0	0	0	0	
0	0	1	1	1	0	0	0	0	195	242	213	1	4	18	0	125	238	83	15	0	1	0	0	0	0	0	0	
0	0	1	1	1	0	0	0	24	236	242	103	5	0	0	11	61	255	84	0	0	14	0	0	0	0	0	0	
0	0	0	0	0	1	2	3	56	255	248	38	0	25	0	4	100	254	85	9	0	3	7	0	0	0	0	0	
1	0	0	0	0	1	5	7	171	241	203	0	0	0	0	0	136	237	83	20	0	0	11	5	0	0	0	0	
1	0	0	0	0	2	6	9	247	251	178	4	0	0	1	0	109	255	93	0	3	9	0	0	0	0	0	0	
0	0	0	0	0	0	0	0	131	247	174	7	0	13	0	0	105	255	89	0	0	4	0	0	0	0	0	0	
0	0	0	0	0	0	0	0	2	61	49	0	0	1	0	8	25	248	167	22	0	0	10	9	0	0	0	0	
0	0	0	0	0	0	0	0	0	0	0	11	3	0	0	7	0	248	253	74	8	0	2	0	0	0	0	0	
0	0	0	0	0	0	0	0	13	0	0	1	0	0	4	2	63	246	241	55	0	0	4	12	0	0	0	0	
0	0	0	0	0	0	0	0	0	4	0	0	2	5	0	0	94	255	254	88	10	22	0	0	0	0	0	0	
0	0	0	0	0	0	0	0	0	17	3	0	9	1	0	2	91	255	255	71	0	10	0	9	0	0	0	0	
0	0	0	0	0	0	0	0	0	0	0	0	1	0	0	14	27	227	247	58	0	3	0	1	0	0	0	0	
0	0	0	0	0	0	0	0	0	0	5	6	0	0	0	0	92	255	255	50	12	0	0	2	0	0	0	0	
0	0	0	0	0	0	0	0	0	0	0	0	0	0	0	0	61	255	248	62	0	11	1	0	0	0	0	0	
0	0	0	0	0	0	0	0	0	0	0	0	0	0	0	0	15	230	240	46	0	7	17	0	0	0	0	0	
0	0	0	0	0	0	0	0	0	0	0	0	0	0	0	0	0	0	0	0	18	0	0	8	0	0	0	0	
0	0	0	0	0	0	0	0	0	0	0	0	0	0	0	0	0	13	14	0	0	0	0	3	0	0	0	0	
