0	0	0	0	0	0	0	0	3	0	0	3	7	1	0	0	0	0	0	0	0	0	0	0	0	0	0	0	
0	0	0	0	0	0	0	0	0	2	3	0	0	0	4	16	0	0	0	0	0	0	0	0	0	0	0	0	
0	0	0	0	0	0	0	0	0	0	0	3	7	7	0	0	0	0	0	0	0	0	0	0	0	0	0	0	
0	0	0	0	0	0	0	0	0	0	1	1	0	0	2	7	0	0	0	0	0	0	0	0	0	0	0	0	
0	0	0	0	0	0	0	0	8	0	0	0	3	6	1	0	0	0	0	0	0	0	0	0	0	0	0	0	
0	0	0	0	0	0	0	0	0	10	12	0	0	0	3	0	0	0	0	0	0	0	0	0	0	0	0	0	
0	0	0	0	0	0	0	0	14	148	250	229	152	93	43	0	0	0	0	0	0	0	0	0	0	0	0	0	
0	0	0	0	0	0	0	0	0	127	242	253	249	255	231	162	0	0	0	0	0	0	0	0	0	0	0	0	
0	0	0	0	0	0	0	0	0	8	58	65	136	218	211	249	119	14	0	0	12	0	1	1	0	0	0	0	
0	0	0	0	0	0	0	0	0	0	17	2	0	0	64	239	222	63	1	1	0	2	0	0	0	0	0	0	
0	0	0	0	0	0	0	0	4	3	0	0	7	0	0	86	255	212	2	10	0	0	10	4	0	0	0	0	
0	0	0	0	0	0	0	0	0	13	5	0	10	15	0	3	222	255	20	0	0	0	0	0	0	0	0	0	
0	0	0	0	0	0	0	0	0	0	8	0	0	0	0	5	240	241	79	15	0	18	5	0	0	0	0	0	
0	0	0	0	0	0	0	0	9	0	0	5	5	7	0	0	249	223	37	0	0	0	0	0	0	0	0	0	
0	0	0	0	0	0	0	0	3	0	5	0	0	0	0	89	255	247	0	0	23	0	7	8	0	0	0	0	
0	0	0	0	0	0	0	0	2	0	5	0	13	0	14	205	248	196	0	3	0	0	14	0	0	0	0	0	
0	0	0	0	0	0	0	0	0	0	0	8	3	0	101	255	232	52	0	3	1	7	0	0	0	0	0	0	
0	0	0	0	0	0	0	0	13	0	4	14	0	7	217	246	107	6	0	2	0	3	0	7	0	0	0	0	
0	0	0	0	0	0	0	0	0	0	20	0	0	80	254	172	12	0	6	2	0	6	0	3	0	0	0	0	
0	0	0	0	0	0	0	0	12	0	0	14	38	237	201	18	0	0	7	0	0	11	0	0	0	0	0	0	
0	0	0	0	0	0	0	0	0	6	8	32	240	232	90	0	0	0	0	0	0	7	0	1	0	0	0	0	
0	0	0	0	0	0	0	0	0	0	4	195	255	157	14	13	0	3	1	0	0	0	0	5	0	0	0	0	
0	0	0	0	0	0	0	0	4	9	80	229	249	76	0	1	0	5	6	6	0	0	0	2	0	0	0	0	
0	0	0	0	0	0	0	0	0	14	249	255	144	0	6	0	0	0	0	0	0	1	11	0	0	0	0	0	
0	0	0	0	0	0	0	0	0	143	245	234	37	2	1	0	0	0	0	0	0	0	0	0	0	0	0	0	
0	0	0	0	0	0	0	0	0	8	233	40	8	2	0	8	0	0	0	0	0	0	0	0	0	0	0	0	
0	0	0	0	0	0	0	0	3	6	12	0	0	0	14	0	0	0	0	0	0	0	0	0	0	0	0	0	
0	0	0	0	0	0	0	0	0	13	0	16	5	0	6	7	0	0	0	0	0	0	0	0	0	0	0	0	
