0	0	0	0	0	0	0	0	0	0	0	0	0	0	0	0	12	1	0	0	3	2	0	0	2	0	1	4	
0	0	0	0	0	0	0	0	0	0	0	0	0	0	0	0	0	1	10	4	0	0	0	0	0	0	0	0	
0	0	0	0	0	0	0	0	0	0	0	0	0	0	0	0	3	2	0	0	0	1	9	13	0	11	11	4	
0	0	0	0	0	0	0	0	0	0	0	0	0	0	0	0	5	0	0	10	7	0	0	0	0	0	0	0	
0	0	0	0	0	0	0	0	0	0	0	0	0	0	0	0	0	0	4	10	6	0	3	12	13	6	0	0	
0	0	0	0	0	0	0	0	0	0	0	0	0	0	0	0	3	5	0	0	0	9	3	0	0	2	17	8	
0	0	0	0	0	0	0	0	0	0	0	0	0	0	0	0	2	0	0	3	1	0	0	9	5	0	0	7	
0	0	0	0	0	0	0	0	0	0	0	0	0	0	0	0	4	0	0	11	0	5	111	239	172	44	0	9	
2	0	9	0	4	0	0	6	0	39	182	74	0	0	9	0	4	13	0	51	82	178	242	255	255	102	0	3	
6	0	1	0	10	0	5	0	127	238	250	227	68	129	90	193	194	217	196	255	250	255	255	248	149	47	0	2	
3	2	1	0	5	0	12	114	255	233	245	255	246	244	237	255	255	255	255	255	234	250	249	141	28	0	0	2	
0	6	2	2	0	2	0	194	253	255	255	238	242	255	255	202	219	200	211	255	255	240	254	4	0	0	5	3	
0	1	0	2	0	0	44	182	237	255	242	255	253	164	57	8	26	6	121	255	249	234	107	0	0	2	7	4	
2	0	1	0	0	1	235	251	255	218	145	38	24	0	15	3	7	53	255	244	254	99	0	16	3	1	1	3	
3	0	3	0	0	10	255	245	182	47	0	10	0	0	8	0	34	228	244	249	111	7	0	4	0	0	0	0	
1	0	0	7	2	0	66	71	41	0	4	0	0	0	9	32	223	250	255	113	6	0	12	0	0	5	1	0	
0	0	0	0	0	0	0	0	0	3	0	0	0	13	25	225	253	255	204	10	0	8	0	0	0	0	0	0	
0	0	0	0	0	0	0	0	2	9	0	9	13	6	222	245	255	204	8	18	0	0	20	0	0	0	0	0	
0	0	0	0	0	0	0	0	0	0	0	0	28	147	255	255	201	37	0	0	0	14	0	10	0	0	0	0	
0	0	0	0	0	0	0	0	4	0	12	0	158	255	243	201	69	0	12	3	19	0	3	1	0	0	0	0	
0	0	0	0	0	0	0	0	0	10	0	147	250	255	231	46	0	16	0	6	1	0	14	0	0	0	0	0	
0	0	0	0	0	0	0	0	0	2	76	255	248	233	106	0	0	3	0	0	0	22	0	7	0	0	0	0	
0	0	0	0	0	0	0	0	12	10	241	246	249	134	4	6	0	3	8	0	10	0	0	5	0	0	0	0	
0	0	0	0	0	0	0	0	0	77	253	254	200	3	0	5	3	0	0	1	0	0	3	0	0	0	0	0	
0	0	0	0	0	0	0	0	69	249	255	249	102	21	0	0	0	0	0	0	0	0	0	0	0	0	0	0	
0	0	0	0	0	0	0	0	99	237	255	200	9	0	11	19	0	0	0	0	0	0	0	0	0	0	0	0	
0	0	0	0	0	0	0	0	49	255	218	41	0	18	0	0	0	0	0	0	0	0	0	0	0	0	0	0	
0	0	0	0	0	0	0	0	2	0	4	14	0	0	2	3	0	0	0	0	0	0	0	0	0	0	0	0	
