0	0	0	0	0	0	0	0	0	0	0	0	0	3	1	0	0	0	2	3	0	0	0	3	0	0	0	0	
0	0	0	0	0	0	0	0	0	0	0	4	5	1	0	3	10	8	0	0	0	6	4	0	0	0	0	0	
0	0	0	0	0	0	0	0	2	0	0	4	1	0	0	4	1	0	0	7	6	0	0	4	0	0	0	0	
0	0	0	0	0	0	0	0	4	2	0	0	0	0	1	5	0	8	8	0	0	4	10	4	0	0	0	0	
0	0	0	0	0	0	0	0	0	4	3	0	0	7	7	0	0	0	1	5	7	3	0	0	0	0	0	0	
0	0	0	0	0	0	0	0	0	4	6	0	0	0	0	0	1	0	0	5	0	0	0	13	0	0	0	0	
0	0	0	0	0	0	0	0	2	0	3	6	0	0	0	17	5	3	0	0	2	7	1	0	0	0	0	0	
0	0	0	0	0	0	0	0	7	0	0	11	7	0	33	83	124	32	63	221	255	132	14	2	0	0	0	0	
0	1	2	1	0	2	2	2	1	0	11	107	251	255	245	251	248	251	255	255	237	155	4	4	0	0	0	0	
0	0	3	4	3	1	0	0	3	14	3	222	252	252	252	255	255	255	237	255	255	250	75	0	0	0	0	0	
4	1	0	0	0	3	6	7	0	1	131	255	246	244	210	201	237	251	247	255	230	138	16	0	0	0	0	0	
3	0	0	0	1	1	3	6	20	32	255	238	255	203	20	10	226	252	255	229	212	68	1	0	0	0	0	0	
0	0	2	8	6	0	0	0	95	255	252	255	195	0	0	88	238	255	164	2	16	0	6	0	0	0	0	0	
3	0	0	1	0	0	7	22	220	233	254	216	54	0	40	130	255	230	113	6	0	5	0	6	0	0	0	0	
7	1	0	0	0	0	21	48	232	255	233	57	12	3	74	239	250	82	0	0	0	0	0	1	0	0	0	0	
0	0	6	9	0	0	2	22	169	195	122	21	0	27	180	255	216	28	5	0	0	5	16	0	0	0	0	0	
0	0	0	0	0	0	0	0	1	8	0	1	6	41	230	255	197	14	0	0	7	53	0	4	0	0	0	0	
0	0	0	0	0	0	0	0	0	0	0	0	0	101	245	255	92	1	0	1	0	15	0	0	0	0	0	0	
0	0	0	0	0	0	0	0	10	14	0	21	28	245	252	191	4	2	1	9	0	0	5	0	0	0	0	0	
0	0	0	0	0	0	0	0	0	0	19	0	138	255	242	92	0	9	0	3	4	0	8	0	0	0	0	0	
0	0	0	0	0	0	0	0	13	0	0	23	218	249	151	9	4	3	0	0	5	3	0	2	0	0	0	0	
0	0	0	0	0	0	0	0	0	17	13	182	240	219	49	13	4	0	3	0	3	5	0	7	0	0	0	0	
0	0	0	0	0	0	0	0	1	0	61	205	255	182	36	0	1	0	7	2	0	4	0	3	0	0	0	0	
0	0	0	0	0	0	0	0	6	81	242	255	175	38	0	17	1	5	0	0	0	1	10	0	0	0	0	0	
0	0	0	0	0	0	0	0	8	205	241	255	141	0	4	5	0	0	0	0	0	0	0	0	0	0	0	0	
0	0	0	0	0	0	0	0	29	255	255	246	130	16	0	0	0	0	0	0	0	0	0	0	0	0	0	0	
0	0	0	0	0	0	0	0	63	210	241	208	20	0	1	1	0	0	0	0	0	0	0	0	0	0	0	0	
0	0	0	0	0	0	0	0	0	19	0	3	0	18	2	0	0	0	0	0	0	0	0	0	0	0	0	0	
