0	0	0	0	0	0	0	0	0	0	12	2	0	6	0	13	0	5	0	0	5	5	7	0	0	0	0	0	
0	0	0	0	0	0	0	0	7	0	1	0	0	4	0	0	2	9	7	4	0	0	0	0	0	0	0	0	
0	0	0	0	0	0	0	0	0	0	2	2	7	13	0	0	0	0	0	0	0	0	5	13	0	0	0	0	
0	0	0	0	0	0	0	0	0	1	6	1	0	0	0	0	13	0	9	12	5	5	0	0	0	0	0	0	
0	0	0	0	0	0	0	0	3	3	0	0	0	0	8	11	4	0	0	0	0	0	1	6	0	0	0	0	
0	0	0	0	0	0	0	0	0	0	0	4	10	3	2	0	0	17	6	5	7	0	5	7	0	0	0	0	
0	0	0	0	0	0	0	0	0	8	0	1	0	0	3	0	0	24	0	0	12	0	2	0	0	0	0	0	
0	0	0	0	0	0	0	0	0	10	0	0	0	21	100	144	255	246	76	0	2	0	13	3	0	0	0	0	
0	3	9	0	0	0	10	0	0	148	190	242	255	255	255	250	255	255	111	3	0	3	0	5	0	0	0	0	
9	0	0	2	17	1	0	74	241	255	244	255	255	248	190	199	247	228	28	0	11	0	13	0	0	0	0	0	
1	0	11	0	0	0	16	243	255	227	164	57	0	6	10	122	250	151	0	0	10	4	0	0	0	0	0	0	
0	0	8	0	0	3	0	141	126	9	0	0	2	0	0	141	255	118	0	0	5	2	0	11	0	0	0	0	
6	0	0	0	19	9	0	0	0	0	14	12	2	6	6	116	253	138	0	17	8	0	11	1	0	0	0	0	
7	0	2	0	3	0	21	10	13	6	0	0	0	0	2	130	255	128	0	5	0	0	5	0	0	0	0	0	
6	1	0	4	3	0	6	0	0	18	9	0	5	3	0	128	255	111	12	0	0	18	0	3	0	0	0	0	
0	10	0	4	0	6	0	1	2	0	0	2	9	0	12	250	251	133	0	3	0	0	7	5	0	0	0	0	
0	0	0	0	0	0	0	0	7	0	0	0	14	0	71	255	247	147	0	5	0	2	0	2	0	0	0	0	
0	0	0	0	0	0	0	0	0	8	10	0	0	0	138	249	255	105	5	0	0	0	0	1	0	0	0	0	
0	0	0	0	0	0	0	0	0	22	0	0	10	0	125	255	233	29	6	0	0	1	4	2	0	0	0	0	
0	0	0	0	0	0	0	0	0	6	0	0	8	1	132	255	140	0	0	0	3	4	0	0	0	0	0	0	
0	0	0	0	0	0	0	0	5	0	15	13	0	4	237	249	57	0	0	4	6	2	0	0	0	0	0	0	
0	0	0	0	0	0	0	0	0	0	10	0	0	4	255	254	4	15	0	3	0	0	0	5	0	0	0	0	
0	0	0	0	0	0	0	0	0	7	0	0	19	106	251	255	0	5	0	0	0	1	0	8	0	0	0	0	
0	0	0	0	0	0	0	0	3	0	0	9	0	255	255	247	3	0	8	3	0	5	0	0	0	0	0	0	
0	0	0	0	0	0	0	0	9	0	4	14	0	255	246	133	0	0	0	0	0	0	0	0	0	0	0	0	
0	0	0	0	0	0	0	0	0	21	5	0	64	255	255	0	0	0	0	0	0	0	0	0	0	0	0	0	
0	0	0	0	0	0	0	0	0	0	0	8	7	255	125	9	0	0	0	0	0	0	0	0	0	0	0	0	
0	0	0	0	0	0	0	0	10	6	0	0	3	0	23	0	0	0	0	0	0	0	0	0	0	0	0	0	
