0	0	0	0	0	0	0	0	0	12	0	10	0	10	8	0	0	5	0	8	9	0	8	0	0	0	0	0	
0	0	0	0	0	0	0	0	3	0	0	0	1	0	6	0	1	7	0	0	0	0	6	1	0	0	0	0	
0	0	0	0	0	0	0	0	0	0	4	13	0	0	0	11	5	10	1	5	3	0	2	0	0	0	0	0	
0	0	0	0	0	0	0	0	11	0	0	0	11	9	3	3	0	0	0	1	3	2	4	2	0	0	0	0	
0	0	0	0	0	0	0	0	0	11	0	1	0	6	0	3	11	6	5	0	0	0	0	1	0	0	0	0	
0	0	0	0	0	0	0	0	0	12	0	10	16	3	0	0	0	0	1	0	0	4	0	0	0	0	0	0	
0	0	0	0	0	0	0	0	18	0	0	20	183	103	129	64	10	0	9	0	0	7	0	7	0	0	0	0	
0	0	0	0	0	0	0	0	0	13	0	162	255	255	250	249	169	129	93	34	1	0	0	4	0	0	0	0	
0	0	0	0	0	0	0	0	5	0	22	209	252	245	255	251	253	253	253	94	5	8	0	2	0	0	0	0	
0	0	0	0	0	0	0	0	0	40	171	242	255	239	34	112	249	254	247	252	47	8	1	0	0	0	0	0	
0	0	0	0	0	0	0	0	13	55	255	255	242	109	0	0	54	230	255	243	180	0	0	11	0	0	0	0	
0	0	0	0	0	0	0	0	9	76	255	242	198	2	0	20	31	225	255	245	122	4	0	0	0	0	0	0	
0	0	0	0	0	0	0	0	0	219	241	255	66	0	8	0	194	249	249	183	5	2	11	0	0	0	0	0	
0	0	0	0	0	0	0	0	16	111	223	103	11	0	0	23	243	255	255	45	12	0	12	9	0	0	0	0	
0	0	0	0	0	0	0	0	0	6	0	13	6	0	6	197	246	246	190	28	1	0	12	0	0	0	0	0	
0	0	0	0	0	0	0	0	1	0	5	8	0	0	156	236	255	205	28	0	6	4	0	5	0	0	0	0	
0	0	0	0	0	0	0	0	0	9	4	0	8	0	255	255	255	137	11	0	6	0	6	0	0	0	0	0	
0	0	0	0	0	0	0	0	0	0	0	7	8	184	255	244	250	109	7	0	7	0	0	5	0	0	0	0	
0	0	0	0	0	0	0	0	3	2	1	0	27	255	249	244	109	13	0	0	4	10	0	8	0	0	0	0	
0	0	0	0	0	0	0	0	0	12	0	1	137	247	253	232	8	0	6	3	0	8	0	0	0	0	0	0	
0	0	0	0	0	0	0	0	5	0	0	78	237	243	207	94	0	10	7	5	0	0	10	0	0	0	0	0	
0	0	0	0	0	0	0	0	12	0	39	189	245	255	138	0	0	0	0	3	0	0	13	4	0	0	0	0	
0	0	0	0	0	0	0	0	0	0	144	251	249	244	88	11	14	1	0	14	9	0	1	0	0	0	0	0	
0	0	0	0	0	0	0	0	0	47	224	242	255	154	3	0	0	0	13	0	0	8	2	5	0	0	0	0	
0	0	0	0	0	0	0	0	0	66	246	252	221	38	0	8	0	0	0	0	0	0	0	0	0	0	0	0	
0	0	0	0	0	0	0	0	0	30	226	246	112	0	16	0	0	0	0	0	0	0	0	0	0	0	0	0	
0	0	0	0	0	0	0	0	1	3	0	0	3	5	0	3	0	0	0	0	0	0	0	0	0	0	0	0	
0	0	0	0	0	0	0	0	0	1	8	10	0	1	0	8	0	0	0	0	0	0	0	0	0	0	0	0	
