0	0	0	0	0	0	0	0	0	0	5	4	0	0	0	2	0	0	15	4	0	5	0	3	0	0	0	0	
0	0	0	0	0	0	0	0	7	2	0	0	0	0	0	0	15	0	0	0	0	2	0	13	0	0	0	0	
0	0	0	0	0	0	0	0	0	0	0	2	8	10	7	3	0	2	9	0	0	13	0	0	0	0	0	0	
0	0	0	0	0	0	0	0	1	3	3	0	0	0	0	0	0	0	4	0	0	3	5	4	0	0	0	0	
0	0	0	0	0	0	0	0	5	3	0	0	0	0	6	10	4	0	0	7	5	0	0	0	0	0	0	0	
0	0	0	0	0	0	0	0	0	0	0	3	9	7	0	0	0	5	0	0	4	10	15	0	0	0	0	0	
0	0	0	0	0	0	0	0	0	1	1	0	0	0	2	8	0	9	0	4	0	0	1	0	0	0	0	0	
0	0	0	0	0	0	0	0	0	6	5	0	0	37	108	166	158	156	187	248	187	39	0	7	0	0	0	0	
4	4	0	2	5	2	2	0	7	0	8	5	83	217	254	249	255	255	250	250	255	94	4	0	0	0	0	0	
0	3	0	0	0	0	1	0	0	0	88	227	255	253	255	254	249	242	255	255	227	118	0	9	0	0	0	0	
0	3	0	0	2	0	0	0	33	152	251	245	247	229	109	9	0	0	165	255	255	4	13	0	0	0	0	0	
5	0	0	4	7	0	0	35	182	253	247	255	224	63	18	11	5	21	216	255	116	0	6	0	0	0	0	0	
3	0	0	3	1	0	35	152	255	255	255	164	34	0	0	0	0	119	255	247	60	15	6	0	0	0	0	0	
3	0	7	3	0	0	89	255	246	255	97	1	16	1	1	5	21	255	246	184	11	5	0	17	0	0	0	0	
3	0	13	1	0	6	82	254	235	60	6	5	0	8	7	0	106	255	255	27	4	6	0	1	0	0	0	0	
0	0	7	0	1	3	32	159	20	0	3	3	0	0	0	43	253	251	139	6	8	0	2	0	0	0	0	0	
0	0	0	0	0	0	0	0	5	0	12	0	0	0	1	165	251	255	24	0	2	7	0	6	0	0	0	0	
0	0	0	0	0	0	0	0	0	0	0	31	0	0	108	254	255	141	4	8	0	0	3	0	0	0	0	0	
0	0	0	0	0	0	0	0	6	9	6	0	0	0	213	247	216	29	0	6	1	0	7	0	0	0	0	0	
0	0	0	0	0	0	0	0	0	8	0	0	0	120	253	237	88	0	4	0	6	1	0	2	0	0	0	0	
0	0	0	0	0	0	0	0	3	0	0	5	100	222	255	207	1	0	6	0	4	5	0	0	0	0	0	0	
0	0	0	0	0	0	0	0	13	0	7	28	230	255	235	88	0	0	0	5	0	2	9	0	0	0	0	0	
0	0	0	0	0	0	0	0	0	6	0	144	247	255	126	8	7	0	0	0	2	1	2	0	0	0	0	0	
0	0	0	0	0	0	0	0	1	1	52	255	254	186	3	0	0	2	12	0	14	3	0	10	0	0	0	0	
0	0	0	0	0	0	0	0	4	8	220	251	255	54	0	9	0	0	0	0	0	0	0	0	0	0	0	0	
0	0	0	0	0	0	0	0	1	154	251	248	124	6	0	0	0	0	0	0	0	0	0	0	0	0	0	0	
0	0	0	0	0	0	0	0	47	234	242	204	27	0	9	3	0	0	0	0	0	0	0	0	0	0	0	0	
0	0	0	0	0	0	0	0	0	5	9	0	0	13	0	0	0	0	0	0	0	0	0	0	0	0	0	0	
