0	0	0	0	0	0	0	0	0	6	0	0	0	7	9	0	0	0	0	0	0	0	0	0	0	0	0	0	
0	0	0	0	0	0	0	0	9	0	12	0	5	0	0	15	1	1	0	0	0	0	0	0	0	0	0	0	
0	0	0	0	0	0	0	0	0	0	0	0	0	24	0	0	2	2	1	1	0	0	0	0	0	0	0	0	
0	0	0	0	0	0	0	0	10	10	4	7	0	0	0	13	0	0	0	0	0	0	0	0	0	0	0	0	
0	0	0	0	0	0	0	0	0	0	5	0	13	0	25	0	0	0	0	0	0	0	0	0	0	0	0	0	
0	0	0	0	0	0	0	0	8	0	0	14	0	0	12	0	0	0	0	0	0	0	0	0	0	0	0	0	
0	0	0	0	0	0	0	0	0	0	122	250	132	56	0	5	4	3	3	2	1	0	0	0	0	0	0	0	
0	0	0	0	0	0	0	0	10	0	214	255	248	211	113	30	9	8	7	4	2	0	0	0	0	0	0	0	
0	0	0	0	0	0	0	0	3	128	255	252	252	253	254	246	204	226	68	1	0	0	0	4	0	0	0	0	
0	0	0	0	0	0	0	0	35	221	246	192	89	179	247	255	241	255	187	17	9	0	15	0	0	0	0	0	
0	0	0	0	0	0	0	0	46	246	255	37	7	6	90	153	235	255	255	28	7	0	10	0	0	0	0	0	
0	0	0	0	0	0	0	0	0	180	60	5	0	0	0	8	17	172	242	49	0	0	1	18	0	0	0	0	
0	0	0	0	0	0	0	0	3	3	0	0	18	13	7	0	11	234	247	48	3	4	0	0	0	0	0	0	
0	0	0	0	0	0	0	0	0	17	0	15	5	0	15	3	19	246	207	0	0	2	5	0	0	0	0	0	
0	0	0	0	0	0	0	0	0	6	0	0	0	10	0	3	52	251	221	11	5	0	3	8	0	0	0	0	
0	0	0	0	0	0	0	0	3	0	2	2	0	1	16	5	192	255	164	0	0	6	0	3	0	0	0	0	
0	0	0	0	0	0	0	0	0	7	2	0	12	5	0	70	255	255	10	5	0	0	10	0	0	0	0	0	
0	0	0	0	0	0	0	0	3	0	15	12	0	0	44	219	235	200	23	0	10	2	0	2	0	0	0	0	
0	0	0	0	0	0	0	0	0	0	0	3	0	9	182	255	255	79	5	0	7	0	0	2	0	0	0	0	
0	0	0	0	0	0	0	0	0	16	0	0	2	87	255	242	211	1	0	4	3	0	0	3	0	0	0	0	
0	0	0	0	0	0	0	0	2	0	4	3	0	182	246	241	40	5	5	0	6	2	0	7	0	0	0	0	
0	0	0	0	0	0	0	0	1	0	9	0	103	251	245	139	0	4	0	0	3	0	1	2	0	0	0	0	
0	0	0	0	0	0	0	0	0	2	0	35	232	255	197	13	20	0	0	10	1	0	16	0	0	0	0	0	
0	0	0	0	0	0	0	0	2	0	4	130	251	255	70	2	0	8	5	0	12	0	7	0	0	0	0	0	
0	0	0	0	0	0	0	0	0	10	0	160	254	158	6	0	0	0	0	0	0	0	0	0	0	0	0	0	
0	0	0	0	0	0	0	0	4	0	14	128	233	56	0	4	0	0	0	0	0	0	0	0	0	0	0	0	
0	0	0	0	0	0	0	0	0	17	0	0	10	0	0	7	0	0	0	0	0	0	0	0	0	0	0	0	
0	0	0	0	0	0	0	0	0	22	0	21	0	14	0	0	0	0	0	0	0	0	0	0	0	0	0	0	
