0	0	0	0	0	0	0	0	0	0	0	0	0	0	0	0	0	0	0	0	0	0	0	0	0	0	0	0	
0	0	0	0	0	0	0	0	0	0	0	0	0	0	0	0	0	0	0	0	0	0	0	0	0	0	0	0	
0	0	0	0	0	0	0	0	0	0	0	0	0	0	0	0	0	0	0	0	0	0	0	0	0	0	0	0	
0	0	0	0	0	0	0	0	0	0	0	0	0	0	0	0	0	0	0	0	0	0	0	0	0	0	0	0	
0	0	0	0	0	0	0	0	0	0	0	0	0	0	0	0	0	0	0	0	0	0	0	0	0	0	0	0	
0	0	0	0	0	0	0	0	0	0	0	0	0	0	0	0	0	0	0	0	0	0	0	0	0	0	0	0	
0	0	0	0	0	0	0	0	0	0	0	0	0	0	0	0	0	0	0	0	0	0	0	0	0	0	0	0	
0	0	0	0	0	0	0	0	0	0	0	0	0	0	0	0	0	0	0	0	0	0	0	0	0	0	0	0	
0	0	57	245	255	244	85	55	128	136	122	1	130	120	135	123	136	111	12	10	0	0	3	0	0	0	0	0	
0	8	122	255	246	254	231	255	235	255	255	234	255	255	255	255	255	255	253	174	16	4	11	1	0	0	0	0	
7	0	76	231	253	255	253	254	255	248	248	255	242	255	244	248	251	255	255	254	125	0	0	0	0	0	0	0	
6	0	0	10	6	0	6	61	67	6	0	1	7	10	8	2	0	80	234	255	204	0	17	0	0	0	0	0	
0	6	0	0	11	0	0	2	10	0	5	0	8	0	0	2	5	0	255	246	190	0	0	5	0	0	0	0	
0	0	11	2	0	0	23	0	0	0	9	0	7	6	0	7	4	2	243	255	243	17	0	0	0	0	0	0	
0	0	0	3	0	0	16	0	3	2	1	0	0	11	0	0	0	152	249	240	145	0	9	0	0	0	0	0	
0	16	0	0	19	0	0	8	8	0	9	0	0	0	4	0	7	183	255	255	58	0	0	2	0	0	0	0	
0	0	0	0	0	0	0	0	5	0	0	0	2	3	0	0	0	255	255	250	1	2	0	5	0	0	0	0	
0	0	0	0	0	0	0	0	0	1	3	1	0	0	4	5	134	252	240	130	17	0	18	0	0	0	0	0	
0	0	0	0	0	0	0	0	0	4	0	3	0	0	1	0	182	255	255	124	7	17	0	0	0	0	0	0	
0	0	0	0	0	0	0	0	0	5	0	3	1	0	0	0	255	249	255	0	0	5	0	5	0	0	0	0	
0	0	0	0	0	0	0	0	0	6	0	4	0	1	0	71	251	255	255	10	21	0	6	6	0	0	0	0	
0	0	0	0	0	0	0	0	0	5	4	3	0	0	11	184	255	255	44	7	0	5	0	0	0	0	0	0	
0	0	0	0	0	0	0	0	0	0	5	0	0	1	2	253	249	255	0	7	0	0	13	10	0	0	0	0	
0	0	0	0	0	0	0	0	7	0	0	0	7	6	0	255	255	251	10	0	4	0	0	0	0	0	0	0	
0	0	0	0	0	0	0	0	11	0	0	0	2	0	131	245	255	122	0	0	7	0	0	1	0	0	0	0	
0	0	0	0	0	0	0	0	0	0	6	3	0	7	127	255	251	154	0	0	0	1	4	0	0	0	0	0	
0	0	0	0	0	0	0	0	0	2	8	2	0	4	71	231	255	215	11	0	0	1	6	0	0	0	0	0	
0	0	0	0	0	0	0	0	2	2	0	0	0	4	1	150	255	255	9	5	0	0	3	0	0	0	0	0	
