0	2	4	0	0	4	9	0	3	0	0	0	0	0	0	6	1	0	7	0	7	0	1	6	0	0	0	0	
3	0	0	4	4	0	0	0	0	0	2	4	3	0	0	0	0	1	3	5	4	0	0	0	0	0	0	0	
0	0	0	3	12	7	1	8	0	1	5	3	0	0	0	0	13	13	0	2	0	0	11	3	0	0	0	0	
0	9	1	0	0	0	0	0	0	3	2	0	0	3	6	3	0	0	0	0	4	2	9	0	0	0	0	0	
0	3	3	2	1	0	1	11	0	0	0	0	0	0	0	0	11	0	20	0	6	0	0	0	0	0	0	0	
7	0	0	12	3	0	0	0	4	1	2	7	9	4	0	0	0	0	13	0	3	0	0	10	0	0	0	0	
15	0	0	0	0	8	19	0	0	0	0	0	0	0	0	10	0	30	0	1	13	3	0	0	0	0	0	0	
0	0	8	0	8	102	140	71	76	66	66	72	66	60	82	116	183	189	0	8	0	0	3	0	0	0	0	0	
2	1	0	0	3	65	180	255	255	255	250	254	255	254	253	255	255	240	44	0	0	1	0	5	0	0	0	0	
0	0	2	0	0	10	63	116	144	143	145	150	152	150	148	148	208	249	90	0	0	0	0	0	0	0	0	0	
0	1	4	5	0	0	0	4	0	3	6	5	3	4	3	0	134	255	158	0	10	5	0	3	0	0	0	0	
6	1	0	3	3	0	0	0	0	3	0	0	0	0	1	0	58	251	181	0	3	0	0	0	0	0	0	0	
6	0	0	0	0	0	2	6	0	1	0	0	2	7	7	2	56	251	171	0	3	0	0	0	0	0	0	0	
0	0	0	1	0	0	0	0	0	0	0	3	3	0	0	0	128	255	129	6	8	6	2	1	0	0	0	0	
0	1	4	6	5	3	1	0	3	0	2	7	1	0	0	13	199	250	47	3	0	0	0	0	0	0	0	0	
0	1	0	0	0	1	3	3	3	0	0	7	0	0	21	58	248	241	0	6	0	3	4	0	0	0	0	0	
0	0	0	0	0	0	0	0	8	0	0	8	1	0	55	222	246	173	3	0	2	0	8	0	0	0	0	0	
0	0	0	0	0	0	0	0	0	10	4	6	0	18	119	255	223	36	0	9	2	0	0	5	0	0	0	0	
0	0	0	0	0	0	0	0	6	4	13	0	6	53	220	255	122	0	0	3	0	6	5	0	0	0	0	0	
0	0	0	0	0	0	0	0	3	0	0	16	0	124	249	207	9	9	3	0	0	0	10	0	0	0	0	0	
0	0	0	0	0	0	0	0	4	0	8	0	1	136	255	130	0	31	0	5	11	0	0	5	0	0	0	0	
0	0	0	0	0	0	0	0	1	12	0	8	11	218	246	64	0	6	0	8	0	6	0	0	0	0	0	0	
0	0	0	0	0	0	0	0	0	2	3	8	137	255	206	9	4	0	7	0	0	13	1	0	0	0	0	0	
0	0	0	0	0	0	0	0	3	16	0	0	165	250	161	50	0	0	4	0	11	0	0	8	0	0	0	0	
0	0	0	0	0	0	0	0	12	0	3	0	159	245	255	169	0	0	0	0	0	0	0	0	0	0	0	0	
0	0	0	0	0	0	0	0	0	0	3	0	161	255	235	58	0	0	0	0	0	0	0	0	0	0	0	0	
0	0	0	0	0	0	0	0	1	6	5	5	107	172	127	4	0	0	0	0	0	0	0	0	0	0	0	0	
0	0	0	0	0	0	0	0	0	0	0	0	10	11	2	0	0	0	0	0	0	0	0	0	0	0	0	0	
