2	0	0	0	0	4	0	5	0	2	0	0	6	3	0	0	4	0	0	2	0	0	0	3	0	0	0	0	
0	0	0	3	6	13	2	8	4	3	0	0	0	0	0	3	0	0	0	1	8	7	0	0	0	0	0	0	
0	4	0	0	1	0	0	0	0	0	2	7	10	8	5	3	10	10	5	0	0	0	1	5	0	0	0	0	
0	0	0	5	8	0	14	7	8	2	0	0	0	0	0	0	0	0	2	0	0	1	0	0	0	0	0	0	
2	0	0	8	0	0	0	0	0	0	1	7	0	1	7	1	6	2	0	0	5	10	3	0	0	0	0	0	
9	0	1	5	0	16	7	4	6	0	6	7	0	0	3	0	0	0	0	0	0	0	0	7	0	0	0	0	
2	0	2	7	10	139	141	144	150	164	212	236	203	166	128	81	23	7	0	4	4	0	0	0	0	0	0	0	
5	0	1	0	25	233	250	255	253	242	255	255	242	246	255	246	233	130	24	0	0	6	3	0	0	0	0	0	
0	5	0	7	3	0	113	4	0	3	0	0	8	0	23	103	190	255	168	0	0	3	0	2	0	0	0	0	
5	5	0	0	0	0	37	0	0	0	5	8	0	0	0	11	69	221	209	2	0	1	0	0	0	0	0	0	
3	0	0	0	5	1	0	0	12	0	1	1	0	10	12	0	101	242	218	0	3	14	1	0	0	0	0	0	
0	0	0	0	6	15	0	15	2	0	4	9	0	9	0	0	196	255	185	3	0	0	0	18	0	0	0	0	
1	4	0	8	0	6	0	1	0	0	1	3	0	4	0	73	255	217	49	0	17	3	0	0	0	0	0	0	
1	7	0	11	0	0	10	0	3	10	0	0	0	3	12	188	241	158	12	0	0	0	3	8	0	0	0	0	
0	2	0	7	0	0	6	1	0	4	1	7	0	0	4	207	255	93	0	0	0	8	9	0	0	0	0	0	
0	0	0	0	8	0	0	6	0	0	0	6	0	9	45	255	235	25	0	6	0	0	0	0	0	0	0	0	
0	0	0	0	0	0	0	0	0	12	0	0	15	0	185	255	143	0	10	4	4	0	7	0	0	0	0	0	
0	0	0	0	0	0	0	0	0	0	3	2	0	6	236	246	114	0	0	0	0	0	7	3	0	0	0	0	
0	0	0	0	0	0	0	0	0	2	15	1	0	1	255	255	68	15	3	10	9	0	0	2	0	0	0	0	
0	0	0	0	0	0	0	0	0	9	0	0	16	51	252	228	1	5	0	2	5	0	0	3	0	0	0	0	
0	0	0	0	0	0	0	0	0	11	0	0	11	96	247	173	0	6	0	0	0	5	7	0	0	0	0	0	
0	0	0	0	0	0	0	0	0	5	5	4	0	153	253	102	1	0	14	7	0	0	4	0	0	0	0	0	
0	0	0	0	0	0	0	0	4	0	0	20	34	230	255	91	46	0	4	4	0	0	7	7	0	0	0	0	
0	0	0	0	0	0	0	0	0	12	0	3	4	204	255	251	198	17	0	0	5	1	10	0	0	0	0	0	
0	0	0	0	0	0	0	0	8	0	0	4	0	149	255	248	127	21	0	13	2	0	10	0	0	0	0	0	
0	0	0	0	0	0	0	0	0	24	0	6	0	19	245	225	40	0	0	10	0	0	9	3	0	0	0	0	
0	0	0	0	0	0	0	0	4	0	11	14	0	10	5	0	0	0	5	7	0	0	4	1	0	0	0	0	
0	0	0	0	0	0	0	0	11	2	0	5	0	9	1	6	1	7	4	0	2	3	0	0	0	0	0	0	
