0	1	1	0	0	7	7	0	0	0	0	2	0	0	4	6	0	0	0	0	0	0	0	0	0	0	0	0	
0	1	8	7	0	0	0	0	0	5	6	1	0	3	2	0	0	0	0	0	0	0	0	0	0	0	0	0	
10	0	0	0	0	0	5	11	0	5	0	0	1	0	0	0	0	0	0	0	0	0	0	0	0	0	0	0	
0	0	0	0	1	0	0	0	2	0	0	0	11	1	0	19	0	0	0	0	0	0	0	0	0	0	0	0	
0	6	12	3	0	0	5	5	7	3	0	1	4	0	0	0	0	0	0	0	0	0	0	0	0	0	0	0	
3	3	0	0	0	1	0	0	0	0	2	3	1	14	16	0	0	0	0	0	0	0	0	0	0	0	0	0	
0	0	0	6	4	0	0	13	18	0	0	5	0	0	5	0	0	0	0	0	0	0	0	0	0	0	0	0	
4	0	1	5	0	10	110	222	251	154	124	122	53	0	1	3	0	0	0	0	0	0	0	0	0	0	0	0	
0	8	0	0	0	7	236	241	254	250	254	254	245	243	243	234	246	227	209	106	176	97	0	1	0	0	0	0	
0	6	0	0	0	0	215	255	249	252	255	255	248	249	253	249	244	255	253	252	252	219	5	9	0	0	0	0	
0	0	0	11	2	11	170	249	245	252	255	248	243	247	252	253	255	255	243	255	255	231	0	0	0	0	0	0	
6	0	0	8	0	0	48	94	183	189	185	180	184	188	187	188	171	254	255	231	255	220	16	7	0	0	0	0	
6	0	0	2	0	0	0	0	0	0	0	0	8	3	0	0	3	212	254	252	250	182	11	0	0	0	0	0	
0	0	2	1	1	11	7	8	2	8	3	5	12	0	0	24	100	219	255	255	249	92	0	0	0	0	0	0	
3	0	5	0	0	0	3	0	0	0	0	0	0	0	29	114	255	240	253	227	149	0	0	3	0	0	0	0	
5	0	5	6	4	0	13	0	0	9	2	0	4	22	119	254	250	251	255	223	19	4	5	0	0	0	0	0	
0	0	0	0	0	0	0	0	6	0	0	5	4	66	255	251	255	255	215	37	6	0	0	0	0	0	0	0	
0	0	0	0	0	0	0	0	0	0	5	0	61	198	248	253	244	238	121	0	10	0	0	7	0	0	0	0	
0	0	0	0	0	0	0	0	0	10	3	29	197	241	255	250	255	129	19	0	12	0	9	0	0	0	0	0	
0	0	0	0	0	0	0	0	2	8	0	181	248	248	253	255	203	19	0	3	3	0	0	0	0	0	0	0	
0	0	0	0	0	0	0	0	0	0	99	255	248	255	255	214	47	0	16	0	0	4	0	10	0	0	0	0	
0	0	0	0	0	0	0	0	0	77	230	248	255	241	255	93	0	0	0	7	1	0	15	0	0	0	0	0	
0	0	0	0	0	0	0	0	0	191	251	255	248	247	144	9	20	0	0	17	4	0	13	0	0	0	0	0	
0	0	0	0	0	0	0	0	2	188	255	232	255	237	0	0	0	5	15	0	0	15	0	13	0	0	0	0	
0	0	0	0	0	0	0	0	0	193	243	250	229	53	0	3	0	0	0	0	0	0	0	0	0	0	0	0	
0	0	0	0	0	0	0	0	19	168	255	255	123	0	0	4	0	0	0	0	0	0	0	0	0	0	0	0	
0	0	0	0	0	0	0	0	0	99	216	242	90	5	5	8	0	0	0	0	0	0	0	0	0	0	0	0	
0	0	0	0	0	0	0	0	4	5	0	5	3	11	0	0	0	0	0	0	0	0	0	0	0	0	0	0	
