0	0	0	0	0	0	0	0	0	1	5	3	0	0	0	6	7	1	0	0	0	0	1	10	0	0	0	0	
0	0	0	0	0	0	0	0	0	0	0	4	6	4	0	0	0	0	0	5	11	7	0	0	0	0	0	0	
0	0	0	0	0	0	0	0	9	2	0	0	0	3	7	8	5	8	6	0	0	0	2	4	0	0	0	0	
0	0	0	0	0	0	0	0	0	0	5	4	0	0	0	0	0	0	1	0	0	3	5	3	0	0	0	0	
0	0	0	0	0	0	0	0	0	1	4	5	6	6	8	9	12	6	0	0	2	7	2	0	0	0	0	0	
0	0	0	0	0	0	0	0	11	3	0	0	0	0	0	0	0	0	0	0	0	0	0	5	0	0	0	0	
0	0	0	0	0	0	0	0	0	0	3	3	1	2	7	12	15	1	0	6	8	0	0	2	0	0	0	0	
0	0	0	0	0	0	0	0	0	2	0	0	11	72	165	236	250	143	33	0	0	4	0	0	0	0	0	0	
0	3	0	0	13	4	0	11	30	30	83	154	220	255	252	255	246	255	83	8	1	0	7	0	0	0	0	0	
0	3	0	0	0	0	11	86	255	245	248	255	255	233	169	94	216	252	38	3	6	3	0	0	0	0	0	0	
0	1	0	2	6	0	7	63	219	212	177	102	47	1	8	14	220	242	4	0	0	3	0	2	0	0	0	0	
0	4	0	0	8	6	0	0	0	21	20	2	0	0	0	94	241	194	0	4	0	0	0	12	0	0	0	0	
0	5	4	0	0	0	0	1	10	6	0	0	0	3	0	174	254	109	2	8	3	3	0	2	0	0	0	0	
0	0	0	9	3	0	0	8	0	1	6	12	7	0	10	237	255	51	1	0	0	3	3	0	0	0	0	0	
4	0	0	8	7	0	0	0	9	0	0	0	1	0	80	239	185	18	1	0	0	0	9	0	0	0	0	0	
0	3	5	0	0	2	12	0	2	0	2	0	6	2	167	255	65	0	0	10	9	0	7	0	0	0	0	0	
0	0	0	0	0	0	0	0	7	0	1	0	0	20	255	240	29	12	0	0	3	2	0	0	0	0	0	0	
0	0	0	0	0	0	0	0	0	0	1	2	3	86	255	158	11	1	0	0	3	2	0	0	0	0	0	0	
0	0	0	0	0	0	0	0	0	2	0	0	4	169	255	57	0	0	0	0	3	1	0	0	0	0	0	0	
0	0	0	0	0	0	0	0	3	4	0	0	17	237	254	16	0	0	2	4	2	0	0	0	0	0	0	0	
0	0	0	0	0	0	0	0	0	2	0	5	61	255	212	18	2	4	5	2	0	0	0	1	0	0	0	0	
0	0	0	0	0	0	0	0	0	4	0	9	125	251	115	2	0	1	1	0	0	0	3	2	0	0	0	0	
0	0	0	0	0	0	0	0	0	9	0	4	195	235	25	0	0	0	0	0	0	3	4	0	0	0	0	0	
0	0	0	0	0	0	0	0	0	10	0	0	249	243	0	6	0	2	2	0	1	6	3	0	0	0	0	0	
0	0	0	0	0	0	0	0	0	3	0	87	255	237	0	2	0	0	0	0	0	0	0	0	0	0	0	0	
0	0	0	0	0	0	0	0	0	23	0	84	255	238	0	3	0	0	0	0	0	0	0	0	0	0	0	0	
0	0	0	0	0	0	0	0	0	7	18	13	171	94	3	0	0	0	0	0	0	0	0	0	0	0	0	0	
0	0	0	0	0	0	0	0	1	0	5	2	11	0	1	0	0	0	0	0	0	0	0	0	0	0	0	0	
