0	0	0	0	0	0	0	0	0	0	5	0	9	0	0	7	0	0	13	0	5	6	0	0	0	0	0	0	
0	0	0	0	0	0	0	0	2	0	1	10	0	9	4	0	15	0	0	0	0	1	0	22	0	0	0	0	
0	0	0	0	0	0	0	0	0	0	0	1	0	2	8	7	0	0	8	1	0	2	0	0	0	0	0	0	
0	0	0	0	0	0	0	0	6	4	0	0	18	0	0	9	0	0	12	0	6	1	13	2	0	0	0	0	
0	0	0	0	0	0	0	0	7	0	0	2	20	11	4	0	7	1	0	0	6	0	0	0	0	0	0	0	
0	0	0	0	0	0	0	0	0	0	2	14	0	0	11	0	0	10	0	0	0	12	9	0	0	0	0	0	
0	0	0	0	0	0	0	0	5	0	7	3	13	0	0	3	0	2	2	5	12	0	8	5	0	0	0	0	
0	0	0	0	0	0	0	0	3	0	6	15	199	100	70	98	165	107	176	208	227	8	0	0	0	0	0	0	
0	0	0	0	0	0	0	0	11	0	3	114	246	255	236	255	255	221	255	255	191	2	1	2	0	0	0	0	
0	0	0	0	0	0	0	0	0	8	65	238	235	108	80	5	15	0	178	236	62	3	1	0	0	0	0	0	
0	0	0	0	0	0	0	0	5	41	208	249	61	0	16	0	4	22	250	219	6	5	6	0	0	0	0	0	
0	0	0	0	0	0	0	0	0	125	255	143	0	9	0	0	5	123	255	73	3	0	8	8	0	0	0	0	
0	0	0	0	0	0	0	0	61	255	182	4	3	7	0	3	20	247	205	0	21	0	0	0	0	0	0	0	
0	0	0	0	0	0	0	0	29	184	82	2	16	0	0	0	28	248	81	0	0	12	6	3	0	0	0	0	
0	0	0	0	0	0	0	0	2	0	0	0	0	0	10	8	142	206	7	10	0	4	0	1	0	0	0	0	
0	0	0	0	0	0	0	0	6	0	3	3	0	0	0	29	239	149	0	0	17	0	1	4	0	0	0	0	
0	0	0	0	0	0	0	0	3	5	0	0	4	0	6	130	230	8	0	0	5	0	0	0	0	0	0	0	
0	0	0	0	0	0	0	0	0	8	1	0	8	6	2	247	169	1	0	0	5	0	2	0	0	0	0	0	
0	0	0	0	0	0	0	0	1	0	7	0	0	4	86	247	84	0	0	0	7	0	5	2	0	0	0	0	
0	0	0	0	0	0	0	0	4	0	1	5	2	17	227	189	18	0	0	0	8	0	8	0	0	0	0	0	
0	0	0	0	0	0	0	0	0	5	0	0	11	56	253	102	0	4	0	0	8	0	7	0	0	0	0	0	
0	0	0	0	0	0	0	0	2	4	5	0	0	171	228	5	0	7	2	0	5	1	3	0	0	0	0	0	
0	0	0	0	0	0	0	0	0	0	5	0	65	255	172	0	0	3	4	0	0	4	0	1	0	0	0	0	
0	0	0	0	0	0	0	0	0	11	0	9	165	211	21	4	3	0	5	0	0	4	0	5	0	0	0	0	
0	0	0	0	0	0	0	0	0	4	9	30	244	169	5	0	0	0	0	0	0	0	0	0	0	0	0	0	
0	0	0	0	0	0	0	0	5	0	158	200	235	51	0	0	0	0	0	0	0	0	0	0	0	0	0	0	
0	0	0	0	0	0	0	0	0	11	198	243	120	0	0	13	0	0	0	0	0	0	0	0	0	0	0	0	
0	0	0	0	0	0	0	0	13	0	8	15	0	5	0	0	0	0	0	0	0	0	0	0	0	0	0	0	
