9	0	0	13	0	0	10	0	0	0	1	0	1	5	3	0	0	0	0	0	0	0	0	0	0	0	0	0	
0	11	0	0	0	2	0	0	20	0	0	2	8	0	0	7	0	0	0	0	0	0	0	0	0	0	0	0	
0	5	0	0	2	1	0	17	0	11	19	0	0	5	11	1	0	0	0	0	0	0	0	0	0	0	0	0	
11	0	0	15	0	5	1	0	4	0	0	0	0	0	0	0	0	0	0	0	0	0	0	0	0	0	0	0	
4	0	0	4	0	11	0	0	0	0	1	0	1	3	6	7	0	0	0	0	0	0	0	0	0	0	0	0	
0	6	0	3	0	0	16	176	254	222	134	29	0	3	9	0	0	0	0	0	0	0	0	0	0	0	0	0	
0	8	0	9	8	0	18	242	244	255	255	191	89	10	0	8	0	0	0	0	0	0	0	0	0	0	0	0	
0	6	0	0	0	14	0	96	255	252	239	237	255	246	158	58	0	0	0	0	0	0	0	0	0	0	0	0	
0	0	0	0	0	0	0	0	172	236	0	12	115	201	254	252	200	55	0	0	2	0	0	9	0	0	0	0	
0	0	0	0	0	0	0	0	109	194	26	0	0	8	110	186	249	230	130	0	13	0	26	0	0	0	0	0	
0	0	0	0	0	0	0	0	0	49	0	12	16	0	6	9	91	255	239	159	0	0	0	9	0	0	0	0	
0	0	0	0	0	0	0	0	5	0	0	0	6	1	1	0	0	79	255	255	78	5	0	0	0	0	0	0	
0	0	0	0	0	0	0	0	0	0	16	7	0	0	4	2	13	46	255	255	119	2	13	0	0	0	0	0	
0	0	0	0	0	0	0	0	6	0	3	0	0	7	5	6	4	182	255	233	36	0	0	4	0	0	0	0	
0	0	0	0	0	0	0	0	0	3	14	5	0	0	0	1	73	247	233	104	10	0	0	0	0	0	0	0	
0	0	0	0	0	0	0	0	0	2	0	0	0	5	0	45	221	255	200	1	0	0	0	0	0	0	0	0	
0	0	0	0	0	0	0	0	5	7	0	12	0	0	55	215	251	216	29	0	5	6	0	0	0	0	0	0	
0	0	0	0	0	0	0	0	0	5	10	0	17	20	206	255	246	25	0	13	0	0	0	4	0	0	0	0	
0	0	0	0	0	0	0	0	0	0	14	0	5	184	255	233	67	0	14	9	0	0	13	0	0	0	0	0	
0	0	0	0	0	0	0	0	0	1	0	3	151	247	246	66	0	11	0	0	14	0	3	6	0	0	0	0	
0	0	0	0	0	0	0	0	10	0	0	53	255	229	148	0	9	0	3	12	6	8	0	1	0	0	0	0	
0	0	0	0	0	0	0	0	0	0	19	196	245	205	6	1	0	6	0	0	0	2	14	0	0	0	0	0	
0	0	0	0	0	0	0	0	1	17	45	242	255	233	218	204	155	106	5	12	16	0	5	0	0	0	0	0	
0	0	0	0	0	0	0	0	0	0	127	253	255	255	238	133	33	0	13	0	0	3	0	6	0	0	0	0	
0	0	0	0	0	0	0	0	0	0	26	176	182	38	4	0	0	0	0	0	0	0	0	0	0	0	0	0	
0	0	0	0	0	0	0	0	0	11	0	9	14	0	17	0	0	0	0	0	0	0	0	0	0	0	0	0	
0	0	0	0	0	0	0	0	0	6	0	0	0	0	9	0	0	0	0	0	0	0	0	0	0	0	0	0	
0	0	0	0	0	0	0	0	5	0	0	10	12	3	0	2	0	0	0	0	0	0	0	0	0	0	0	0	
