0	0	0	0	0	0	0	0	0	1	6	1	0	0	3	0	4	0	0	3	0	1	4	0	0	0	0	0	
0	0	0	0	0	0	0	0	0	0	0	0	4	10	7	0	0	2	8	3	0	0	0	0	0	0	0	0	
0	0	0	0	0	0	0	0	13	10	0	0	6	1	0	0	0	5	0	0	1	7	1	0	0	0	0	0	
0	0	0	0	0	0	0	0	0	0	0	0	1	0	0	17	4	7	0	0	0	0	0	0	0	0	0	0	
0	0	0	0	0	0	0	0	1	3	1	0	0	0	0	0	0	0	0	4	1	0	0	14	0	0	0	0	
0	0	0	0	0	0	0	0	3	0	3	8	4	10	9	0	10	0	2	13	7	1	0	0	0	0	0	0	
0	0	0	0	0	0	0	0	2	0	11	4	0	0	13	0	0	0	3	0	0	0	16	0	0	0	0	0	
0	0	0	0	0	0	0	0	3	22	80	99	91	160	247	255	255	255	252	156	21	0	11	0	0	0	0	0	
3	0	0	6	8	9	18	26	113	210	245	242	255	252	247	255	249	255	255	236	20	6	0	2	0	0	0	0	
3	6	0	25	161	255	255	234	245	249	251	255	250	249	255	239	255	245	255	255	8	5	0	0	0	0	0	0	
0	0	4	112	255	255	229	255	254	255	221	231	213	214	220	242	255	243	255	223	3	1	5	0	0	0	0	0	
0	25	0	15	168	255	194	118	125	135	56	6	0	4	0	108	250	255	250	117	9	0	8	0	0	0	0	0	
4	5	0	0	24	38	22	11	0	0	1	2	0	20	3	146	247	255	254	84	8	0	4	0	0	0	0	0	
0	0	0	11	2	0	0	0	7	0	0	0	0	0	15	246	253	250	255	123	0	0	0	0	0	0	0	0	
10	0	2	4	0	0	3	1	0	12	7	1	11	0	39	255	255	249	244	102	0	1	0	4	0	0	0	0	
0	0	0	0	3	4	0	0	3	0	0	7	0	8	129	243	251	255	225	26	7	7	0	7	0	0	0	0	
0	0	0	0	0	0	0	0	0	10	0	0	8	0	194	245	253	255	128	15	5	3	2	0	0	0	0	0	
0	0	0	0	0	0	0	0	2	0	0	17	0	14	197	255	255	244	41	0	0	0	0	2	0	0	0	0	
0	0	0	0	0	0	0	0	0	0	6	0	0	104	233	255	248	255	27	0	2	7	4	3	0	0	0	0	
0	0	0	0	0	0	0	0	0	2	7	0	46	214	255	249	254	234	23	9	0	4	2	0	0	0	0	0	
0	0	0	0	0	0	0	0	1	0	0	5	149	255	253	251	255	129	0	2	3	0	0	0	0	0	0	0	
0	0	0	0	0	0	0	0	1	5	0	4	184	255	248	255	174	37	0	1	0	0	6	6	0	0	0	0	
0	0	0	0	0	0	0	0	0	13	0	39	206	246	255	255	58	0	11	0	0	0	3	0	0	0	0	0	
0	0	0	0	0	0	0	0	0	0	0	123	255	249	249	254	48	0	0	4	8	6	0	3	0	0	0	0	
0	0	0	0	0	0	0	0	0	12	0	241	255	255	251	190	9	6	2	0	0	0	0	1	0	0	0	0	
0	0	0	0	0	0	0	0	10	0	144	255	240	254	232	91	7	5	1	0	0	0	0	1	0	0	0	0	
0	0	0	0	0	0	0	0	0	0	69	89	220	248	127	12	3	2	1	0	0	0	0	0	0	0	0	0	
0	0	0	0	0	0	0	0	12	8	0	0	0	8	2	0	0	0	0	1	1	1	0	0	0	0	0	0	
