4	4	0	0	0	2	0	1	0	0	12	3	0	5	0	0	0	0	0	0	0	0	0	0	0	0	0	0	
0	0	18	15	0	0	9	1	4	0	0	0	0	5	0	9	0	0	0	0	0	0	0	0	0	0	0	0	
4	0	0	0	6	0	6	0	10	1	6	0	1	6	0	0	0	0	0	0	0	0	0	0	0	0	0	0	
0	16	5	0	7	0	0	8	0	0	0	0	1	3	0	0	0	0	0	0	0	0	0	0	0	0	0	0	
0	0	0	2	3	11	3	7	8	8	3	1	0	0	0	1	0	0	0	0	0	0	0	0	0	0	0	0	
23	0	6	13	0	0	11	0	0	1	0	3	4	0	0	0	0	0	0	0	0	0	0	0	0	0	0	0	
0	0	8	0	18	0	9	0	6	5	0	0	6	4	13	0	0	0	0	0	0	0	0	0	0	0	0	0	
6	0	0	14	255	242	179	136	143	112	45	21	14	8	22	8	0	0	0	0	0	0	0	0	0	0	0	0	
0	10	0	0	241	255	241	250	244	254	255	253	251	251	239	224	162	148	163	66	38	39	0	9	0	0	0	0	
19	0	10	0	39	97	202	215	204	221	237	246	255	255	255	246	242	254	255	248	249	255	174	37	0	0	0	0	
9	0	1	7	0	2	8	0	2	26	58	92	130	163	179	180	255	210	255	255	255	230	255	213	0	0	0	0	
0	17	0	0	7	12	0	14	0	0	0	0	2	8	9	4	41	23	31	73	104	255	250	254	0	0	0	0	
0	0	11	4	1	0	0	0	7	6	1	0	0	0	0	0	4	2	0	2	21	211	247	250	0	0	0	0	
15	0	0	0	6	7	19	0	0	0	0	0	3	3	1	0	0	0	16	95	252	253	253	197	0	0	0	0	
0	4	9	0	9	0	0	0	1	0	1	4	5	3	0	0	5	0	112	255	242	249	224	41	0	0	0	0	
5	0	0	1	0	0	5	3	4	0	0	0	0	0	2	5	22	157	253	248	255	177	45	7	0	0	0	0	
0	0	0	0	0	0	0	1	0	16	0	8	0	4	0	96	215	255	231	255	185	16	0	0	0	0	0	0	
0	0	0	0	0	0	0	0	0	0	14	0	0	0	69	220	255	237	255	157	8	0	4	15	0	0	0	0	
0	0	0	0	0	0	0	0	0	17	0	0	3	41	250	255	243	255	78	0	9	0	17	0	0	0	0	0	
0	0	1	1	1	0	0	0	2	0	17	0	90	242	245	239	201	17	3	6	0	16	0	7	0	0	0	0	
0	0	1	1	1	0	0	0	4	0	21	193	255	244	241	126	3	9	1	0	0	5	0	1	0	0	0	0	
0	0	0	0	0	1	2	3	5	28	248	255	241	255	134	0	0	0	0	0	7	3	0	7	0	0	0	0	
1	0	0	0	0	1	5	7	88	214	250	248	211	68	6	2	10	0	20	0	0	9	5	1	0	0	0	0	
1	0	0	0	0	2	6	9	215	255	254	192	28	0	0	2	0	0	0	1	9	0	0	1	0	0	0	0	
2	0	0	6	5	4	0	172	247	255	189	27	0	0	3	0	0	0	0	0	0	0	0	0	0	0	0	0	
1	5	0	1	0	3	10	178	255	216	95	4	0	8	0	0	0	0	0	0	0	0	0	0	0	0	0	0	
0	7	0	8	0	0	5	101	138	89	10	0	0	8	0	2	0	0	0	0	0	0	0	0	0	0	0	0	
0	4	0	9	0	0	0	7	1	0	0	2	0	4	0	0	0	0	0	0	0	0	0	0	0	0	0	0	
