0	0	0	0	0	0	0	0	0	0	0	0	0	0	0	0	9	1	0	0	0	5	5	0	0	0	0	0	
0	0	0	0	0	0	0	0	0	0	0	0	0	0	0	0	0	0	9	14	4	0	0	11	0	0	0	0	
0	0	0	0	0	0	0	0	0	0	0	0	0	0	0	0	0	0	0	0	1	2	0	4	0	0	0	0	
0	0	0	0	0	0	0	0	0	0	0	0	0	0	0	0	0	20	13	0	0	0	0	1	0	0	0	0	
0	0	0	0	0	0	0	0	0	0	0	0	0	0	0	0	0	0	0	0	7	11	6	0	0	0	0	0	
0	0	0	0	0	0	0	0	0	0	0	0	0	0	0	0	15	0	0	9	0	0	0	0	0	0	0	0	
0	0	0	0	0	0	0	0	0	0	0	0	0	0	0	0	0	0	10	13	0	1	19	0	0	0	0	0	
0	0	0	0	0	0	0	0	0	0	0	0	0	0	0	0	10	0	17	76	162	255	239	109	0	0	0	0	
0	1	4	0	6	7	0	3	7	5	2	3	9	0	9	3	89	169	227	255	255	241	251	95	0	0	0	0	
4	5	0	2	0	0	0	3	0	0	0	0	0	60	175	207	244	243	251	241	249	255	225	25	0	0	0	0	
0	0	0	11	1	12	12	5	109	89	42	78	134	220	254	253	254	208	92	66	246	255	84	11	0	0	0	0	
9	0	12	0	4	0	27	244	245	244	255	255	230	255	236	110	22	0	72	247	255	196	37	0	0	0	0	0	
0	20	0	10	0	9	239	246	255	255	230	171	125	58	13	0	0	54	230	255	227	17	0	2	0	0	0	0	
4	8	3	0	2	0	106	243	153	45	22	14	11	0	2	3	20	181	252	242	44	0	7	0	0	0	0	0	
0	0	0	0	10	9	0	47	0	14	4	0	0	12	0	1	120	255	244	155	0	0	13	0	0	0	0	0	
3	0	2	9	0	19	0	7	1	0	0	15	0	0	9	114	253	255	122	0	9	5	0	5	0	0	0	0	
0	0	0	0	0	0	0	0	0	0	4	0	4	3	70	228	255	115	9	1	1	0	4	0	0	0	0	0	
0	0	0	0	0	0	0	0	1	17	0	0	3	8	171	255	167	56	0	0	0	0	4	3	0	0	0	0	
0	0	0	0	0	0	0	0	0	0	0	8	0	144	248	207	55	1	0	4	1	0	2	2	0	0	0	0	
0	0	0	0	0	0	0	0	0	0	18	0	87	255	230	75	3	0	0	11	2	0	0	0	0	0	0	0	
0	0	0	0	0	0	0	0	0	17	5	85	214	255	109	0	0	0	5	7	0	0	0	0	0	0	0	0	
0	0	0	0	0	0	0	0	8	0	92	237	255	150	13	0	0	1	0	0	0	0	0	3	0	0	0	0	
0	0	0	0	0	0	0	0	12	16	242	255	208	25	6	0	0	0	0	0	0	1	0	1	0	0	0	0	
0	0	0	0	0	0	0	0	0	231	253	243	62	0	0	5	0	2	0	0	8	4	0	0	0	0	0	0	
1	0	0	0	0	1	4	6	139	255	246	38	13	0	9	0	0	0	0	0	0	0	0	0	0	0	0	0	
1	0	0	0	0	1	4	5	226	255	191	2	1	1	10	0	0	0	0	0	0	0	0	0	0	0	0	0	
0	0	0	0	0	1	3	4	196	215	135	7	5	1	0	0	0	0	0	0	0	0	0	0	0	0	0	0	
0	0	0	0	0	1	2	3	0	17	5	0	0	0	0	16	0	0	0	0	0	0	0	0	0	0	0	0	
