0	0	0	0	0	0	0	0	3	2	0	0	2	0	0	0	0	8	1	0	2	0	4	6	0	0	0	0	
0	0	0	0	0	0	0	0	2	0	20	0	5	0	0	12	0	0	0	0	12	0	2	0	0	0	0	0	
0	0	0	0	0	0	0	0	0	7	0	3	4	2	0	0	12	0	4	0	1	1	7	1	0	0	0	0	
0	0	0	0	0	0	0	0	7	13	0	0	0	6	4	8	0	0	14	8	0	2	0	0	0	0	0	0	
0	0	0	0	0	0	0	0	0	0	27	0	0	1	0	0	6	5	2	0	0	7	7	11	0	0	0	0	
0	0	0	0	0	0	0	0	1	9	0	25	0	7	19	0	4	0	0	0	16	0	0	0	0	0	0	0	
0	0	0	0	0	0	0	0	0	2	0	63	9	64	105	75	105	103	126	139	183	12	5	0	0	0	0	0	
0	0	0	0	0	0	0	0	6	0	255	243	249	255	255	255	255	244	255	237	255	0	0	6	0	0	0	0	
0	0	0	0	0	0	0	0	0	13	66	108	136	135	186	193	125	253	255	254	114	4	0	3	0	0	0	0	
0	0	0	0	0	0	0	0	0	0	8	24	0	0	0	0	181	255	232	203	19	5	0	0	0	0	0	0	
0	0	0	0	0	0	0	0	6	8	0	0	0	1	0	64	255	251	255	0	5	0	16	0	0	0	0	0	
0	0	0	0	0	0	0	0	0	0	0	0	5	3	138	255	255	240	70	7	0	12	0	7	0	0	0	0	
0	0	0	0	0	0	0	0	8	13	0	0	4	69	243	255	241	131	65	6	127	125	126	0	0	0	0	0	
0	0	0	0	0	0	0	0	0	184	186	136	116	181	255	255	255	255	253	238	255	206	0	10	0	0	0	0	
0	0	0	0	0	0	0	0	14	238	255	249	255	255	243	249	248	255	255	196	51	6	12	0	0	0	0	0	
0	0	0	0	0	0	0	0	0	79	239	255	250	254	255	255	255	188	55	9	1	5	0	2	0	0	0	0	
0	0	0	0	0	0	0	0	3	0	6	117	254	255	192	128	0	0	0	0	0	0	0	0	0	0	0	0	
0	0	0	0	0	0	0	0	2	0	4	149	251	247	66	3	0	0	0	0	0	0	0	0	0	0	0	0	
0	0	0	0	0	0	0	0	0	11	0	240	255	125	3	0	0	0	0	0	0	0	0	0	0	0	0	0	
0	0	0	0	0	0	0	0	12	0	0	255	255	45	11	3	0	0	0	0	0	0	0	0	0	0	0	0	
0	0	0	0	0	0	0	0	0	0	122	255	243	3	2	5	0	0	0	0	0	0	0	0	0	0	0	0	
0	0	0	0	0	0	0	0	11	6	129	255	253	15	0	0	0	0	0	0	0	0	0	0	0	0	0	0	
0	0	0	0	0	0	0	0	0	15	56	244	246	67	0	8	0	0	0	0	0	0	0	0	0	0	0	0	
0	0	0	0	0	0	0	0	2	8	0	197	255	251	0	0	0	0	0	0	0	0	0	0	0	0	0	0	
0	0	0	0	0	0	0	0	14	0	11	64	246	255	179	5	0	0	0	0	0	0	0	0	0	0	0	0	
0	0	0	0	0	0	0	0	0	23	1	0	86	248	243	141	0	0	0	0	0	0	0	0	0	0	0	0	
0	0	0	0	0	0	0	0	4	18	0	0	0	19	0	0	0	0	0	0	0	0	0	0	0	0	0	0	
0	0	0	0	0	0	0	0	0	0	0	14	3	0	0	1	0	0	0	0	0	0	0	0	0	0	0	0	
