0	0	0	0	0	0	0	0	0	3	5	0	0	2	0	7	6	1	0	0	11	0	0	4	0	0	0	0	
0	0	0	0	0	0	0	0	10	0	0	8	0	5	17	0	0	3	11	11	0	12	10	3	0	0	0	0	
0	0	0	0	0	0	0	0	0	5	3	3	0	0	0	4	5	12	0	0	0	0	0	8	0	0	0	0	
0	0	0	0	0	0	0	0	0	18	0	0	10	0	0	1	0	10	7	0	2	16	8	0	0	0	0	0	
0	0	0	0	0	0	0	0	14	0	0	2	0	7	19	0	11	0	6	9	0	0	2	2	0	0	0	0	
0	0	0	0	0	0	0	0	0	0	13	7	0	0	0	0	0	8	0	0	26	9	0	13	0	0	0	0	
0	0	0	0	0	0	0	0	12	0	17	79	210	255	171	139	172	221	127	25	0	15	0	2	0	0	0	0	
0	0	0	0	0	0	0	0	0	47	211	255	253	255	233	255	255	237	254	255	28	0	0	0	0	0	0	0	
0	1	8	0	8	11	0	35	141	255	243	245	255	248	252	255	254	246	255	255	135	9	0	0	0	0	0	0	
0	0	9	0	0	0	16	139	255	253	255	255	239	243	237	212	216	255	255	247	164	0	0	13	0	0	0	0	
4	0	3	4	5	0	13	123	255	236	251	196	120	18	0	10	7	213	241	250	148	0	0	0	0	0	0	0	
0	1	4	0	10	5	0	23	171	218	141	30	0	0	16	0	0	227	249	255	70	0	0	0	0	0	0	0	
0	9	11	0	0	2	0	0	0	4	0	1	2	0	7	13	173	255	255	248	30	0	0	3	0	0	0	0	
0	2	0	0	1	0	0	5	0	3	11	5	0	6	0	96	243	245	255	176	15	0	12	0	0	0	0	0	
3	0	0	0	9	3	0	0	20	0	0	0	15	0	24	209	255	255	224	62	0	0	11	0	0	0	0	0	
0	6	1	0	0	0	6	0	1	0	16	3	0	7	153	255	250	246	132	0	2	14	0	3	0	0	0	0	
1	0	0	0	0	0	0	0	0	1	5	0	8	105	238	255	248	231	24	0	7	0	1	0	0	0	0	0	
0	0	0	0	0	0	1	1	0	0	10	0	96	255	236	249	246	84	0	0	0	4	0	7	0	0	0	0	
0	0	0	1	1	1	1	1	16	0	0	81	226	253	255	255	221	14	14	4	1	0	0	0	0	0	0	0	
0	0	0	0	1	0	0	0	2	14	4	209	255	237	251	220	76	0	0	0	14	0	1	3	0	0	0	0	
0	0	0	0	0	0	0	0	0	9	186	253	244	255	239	49	0	4	0	0	6	0	7	5	0	0	0	0	
1	0	0	0	0	0	0	0	18	176	254	250	254	228	50	3	6	4	10	12	0	7	0	0	0	0	0	0	
2	0	0	0	0	1	4	6	148	255	255	249	234	58	0	7	4	0	0	4	0	6	3	0	0	0	0	0	
1	0	0	0	0	5	10	13	244	255	238	255	138	0	8	0	0	17	0	0	3	0	8	0	0	0	0	0	
0	2	5	0	10	0	16	132	255	255	255	234	35	5	0	0	0	0	0	0	0	0	0	0	0	0	0	0	
5	2	0	0	7	0	0	44	249	247	224	50	0	0	42	0	0	0	0	0	0	0	0	0	0	0	0	0	
3	0	0	0	5	9	0	0	3	3	14	0	21	0	0	0	0	0	0	0	0	0	0	0	0	0	0	0	
0	0	4	0	0	5	6	3	0	6	0	6	0	0	0	14	0	0	0	0	0	0	0	0	0	0	0	0	
