0	0	0	0	0	0	0	0	4	0	6	0	1	11	0	0	0	0	0	0	3	5	2	0	0	0	0	0	
0	0	0	0	0	0	0	0	4	0	5	0	0	2	0	1	7	6	2	0	0	0	0	0	0	0	0	0	
0	0	0	0	0	0	0	0	0	0	8	2	0	5	1	10	0	0	3	4	1	0	0	0	0	0	0	0	
0	0	0	0	0	0	0	0	0	0	1	0	0	0	0	0	4	1	0	0	0	0	3	9	0	0	0	0	
0	0	0	0	0	0	0	0	7	6	0	0	0	0	0	0	0	0	0	1	1	0	0	0	0	0	0	0	
0	0	0	0	0	0	0	0	1	4	0	0	0	0	9	8	8	0	0	0	0	0	3	13	0	0	0	0	
0	0	0	0	0	0	0	0	0	6	4	11	3	0	2	0	0	0	4	8	0	0	0	5	0	0	0	0	
0	0	0	0	0	0	0	0	21	52	59	65	41	5	7	0	2	60	143	193	169	93	21	0	0	0	0	0	
0	0	0	0	0	0	0	0	95	255	246	249	243	248	234	236	235	254	255	255	253	185	0	4	0	0	0	0	
0	0	0	0	0	0	0	0	28	173	214	255	255	247	245	255	253	246	255	244	210	31	4	2	0	0	0	0	
0	0	0	0	0	0	0	0	0	13	9	47	62	51	56	60	63	161	243	255	139	0	11	0	0	0	0	0	
0	0	0	0	0	0	0	0	8	0	0	9	3	0	0	2	0	171	252	187	16	6	0	1	0	0	0	0	
0	0	0	0	0	0	0	0	0	0	0	2	1	0	0	0	115	255	249	52	0	0	0	11	0	0	0	0	
0	0	0	0	0	0	0	0	17	1	0	0	0	16	0	29	227	255	147	2	20	0	0	7	0	0	0	0	
0	0	0	0	0	0	0	0	0	0	10	10	0	0	5	141	255	208	32	0	11	0	0	0	0	0	0	0	
0	0	0	0	0	0	0	0	12	4	0	2	0	9	36	240	241	127	5	0	0	0	17	0	0	0	0	0	
0	0	0	0	0	0	0	0	0	16	0	0	5	0	206	254	169	22	0	8	1	6	0	1	0	0	0	0	
0	0	0	0	0	0	0	0	0	6	0	17	0	119	255	227	66	0	0	5	0	2	0	8	0	0	0	0	
0	0	0	0	0	0	0	0	1	5	0	0	29	222	236	123	0	0	13	3	0	4	0	3	0	0	0	0	
0	0	0	0	0	0	0	0	0	1	17	0	196	255	147	0	0	3	12	0	0	11	0	0	0	0	0	0	
0	0	0	0	0	0	0	0	0	2	0	137	255	247	34	0	2	3	0	0	0	10	0	2	0	0	0	0	
0	0	0	0	0	0	0	0	7	0	44	251	247	135	0	17	0	2	0	0	2	0	0	5	0	0	0	0	
0	0	0	0	0	0	0	0	4	0	222	255	226	20	14	0	1	4	3	6	1	0	0	0	0	0	0	0	
0	0	0	0	0	0	0	0	0	87	246	233	43	10	0	1	2	0	0	0	0	0	7	0	0	0	0	0	
0	0	0	4	1	0	0	9	66	255	243	119	1	4	0	2	0	0	0	0	0	0	0	0	0	0	0	0	
0	0	0	4	3	0	6	20	253	247	215	0	15	0	5	2	0	0	0	0	0	0	0	0	0	0	0	0	
2	0	0	2	2	1	9	22	163	213	9	21	0	0	19	0	0	0	0	0	0	0	0	0	0	0	0	0	
2	0	0	0	0	0	2	10	6	2	13	0	13	3	0	4	0	0	0	0	0	0	0	0	0	0	0	0	
