8	0	0	0	0	0	0	6	0	0	1	4	3	0	0	1	0	0	0	0	0	0	0	0	0	0	0	0	
0	0	7	10	4	0	0	0	3	0	0	0	0	0	0	0	0	0	0	0	0	0	0	0	0	0	0	0	
5	1	0	0	0	4	8	8	7	5	3	3	4	3	0	0	0	0	0	0	0	0	0	0	0	0	0	0	
0	2	0	0	0	0	0	0	0	0	0	0	0	1	4	3	0	0	0	0	0	0	0	0	0	0	0	0	
0	2	9	6	1	2	8	13	7	10	7	0	0	0	1	3	0	0	0	0	0	0	0	0	0	0	0	0	
3	0	0	2	3	0	0	0	0	0	4	3	1	3	0	0	0	0	0	0	0	0	0	0	0	0	0	0	
1	0	0	6	4	0	2	16	8	8	1	0	0	7	7	0	0	0	0	0	0	0	0	0	0	0	0	0	
3	4	4	0	0	34	148	255	177	137	70	10	0	0	0	0	0	0	0	0	0	0	0	0	0	0	0	0	
4	0	1	0	0	53	249	245	252	244	255	139	107	50	0	2	0	8	4	2	0	3	0	0	0	0	0	0	
1	0	0	6	3	0	162	255	255	249	235	255	238	245	255	139	69	56	26	0	0	13	0	9	0	0	0	0	
0	8	3	0	11	0	100	243	235	255	255	255	240	255	255	246	255	249	237	149	0	1	8	0	0	0	0	0	
0	9	3	0	13	8	102	255	255	217	19	40	110	135	194	255	232	249	247	222	3	0	8	3	0	0	0	0	
6	0	1	0	4	0	95	255	255	154	9	4	8	0	10	48	65	255	243	207	2	4	0	0	0	0	0	0	
1	0	6	2	0	0	45	115	113	7	4	0	0	9	0	3	10	251	255	199	0	4	1	4	0	0	0	0	
0	8	2	0	0	6	2	0	0	7	0	1	12	0	11	0	189	245	252	197	16	5	0	0	0	0	0	0	
2	9	0	0	6	0	0	11	1	0	5	5	0	0	1	0	206	254	255	93	0	11	0	2	0	0	0	0	
0	0	0	0	0	0	0	0	0	0	0	5	0	0	14	32	249	244	211	0	6	0	0	4	0	0	0	0	
0	0	0	0	0	0	0	0	1	3	0	0	0	4	0	124	246	250	180	0	0	0	0	0	0	0	0	0	
0	0	0	0	0	0	0	0	1	1	0	0	1	16	0	231	255	255	131	4	0	0	4	0	0	0	0	0	
0	0	0	0	0	0	0	0	0	0	0	3	5	4	0	255	255	228	59	4	1	0	6	0	0	0	0	0	
0	0	0	0	0	0	0	0	4	0	1	1	0	0	60	241	252	163	0	0	1	0	2	4	0	0	0	0	
0	0	0	0	0	0	0	0	4	0	0	0	2	0	168	244	255	112	0	3	9	0	0	2	0	0	0	0	
0	0	0	0	0	0	0	0	0	0	0	0	8	33	249	255	239	63	2	6	11	0	0	0	0	0	0	0	
0	0	0	0	0	0	0	0	0	5	0	1	5	47	255	248	190	5	0	0	0	0	4	0	0	0	0	0	
0	0	0	0	0	0	0	0	15	0	2	0	0	107	247	255	98	6	0	0	0	8	0	3	0	0	0	0	
0	0	0	0	0	0	0	0	0	0	17	3	11	143	255	244	72	0	0	0	0	8	0	0	0	0	0	0	
0	0	0	0	0	0	0	0	5	4	0	0	10	143	252	255	36	0	1	0	0	8	0	0	0	0	0	0	
0	0	0	0	0	0	0	0	0	0	3	1	0	7	10	0	9	0	4	0	0	5	0	0	0	0	0	0	
