1	1	1	0	0	0	0	0	0	1	3	0	0	0	3	8	3	0	1	15	0	0	0	6	0	0	0	0	
1	1	1	0	0	0	0	0	2	0	1	0	10	2	0	0	0	8	0	0	0	8	1	0	0	0	0	0	
1	1	0	0	0	0	0	0	0	0	4	0	6	0	8	5	0	7	0	0	2	10	0	0	0	0	0	0	
0	0	0	0	0	0	0	0	9	1	8	0	3	0	2	0	0	10	0	12	0	3	0	5	0	0	0	0	
0	0	0	0	0	0	0	0	3	0	0	0	12	5	5	0	0	0	0	0	0	6	14	1	0	0	0	0	
0	0	0	0	0	0	1	1	0	2	1	0	0	0	0	5	17	0	3	18	13	0	0	0	0	0	0	0	
0	0	0	0	0	1	1	1	0	3	0	16	0	10	0	1	0	3	3	0	8	0	1	15	0	0	0	0	
0	0	0	0	0	1	1	1	66	74	78	161	197	238	182	147	189	255	198	2	0	0	4	0	0	0	0	0	
3	0	0	4	0	0	69	215	247	255	255	238	255	252	249	255	253	255	241	72	6	0	5	0	0	0	0	0	
0	4	0	0	8	33	132	255	248	246	236	207	204	162	144	143	205	255	255	76	0	4	0	1	0	0	0	0	
0	12	3	0	0	0	0	32	0	0	1	4	13	0	2	7	81	234	247	53	0	8	0	0	0	0	0	0	
0	2	0	0	12	18	5	0	9	0	0	0	0	0	0	0	100	248	248	1	0	0	6	4	0	0	0	0	
0	5	2	0	0	0	0	2	0	0	0	0	0	13	15	1	157	255	218	0	10	0	3	0	0	0	0	0	
0	0	0	8	8	0	0	0	0	5	0	0	0	2	0	0	175	241	156	0	9	14	0	0	0	0	0	0	
14	0	0	0	0	0	1	0	1	13	0	8	0	0	0	24	248	255	135	0	0	5	0	5	0	0	0	0	
0	0	8	9	0	0	1	2	0	4	0	7	1	0	7	80	255	242	139	0	2	0	6	0	0	0	0	0	
0	0	0	0	0	0	0	0	0	10	2	0	8	0	6	108	252	255	52	0	2	4	0	4	0	0	0	0	
0	0	0	0	0	0	0	0	0	0	0	2	1	7	0	183	253	223	39	0	3	6	0	0	0	0	0	0	
0	0	0	0	0	0	0	0	5	0	0	3	0	8	0	218	254	154	13	0	0	7	0	0	0	0	0	0	
0	0	0	0	0	0	0	0	4	4	2	0	0	6	75	224	255	99	2	0	0	4	0	3	0	0	0	0	
0	0	0	0	0	0	0	0	0	0	0	4	9	0	192	250	244	59	4	3	0	0	0	0	0	0	0	0	
0	0	0	0	0	0	0	0	5	0	0	5	1	0	238	254	166	9	0	0	3	0	1	0	0	0	0	0	
0	0	0	0	0	0	0	0	9	0	1	1	0	69	240	243	95	0	0	0	7	0	6	0	0	0	0	0	
0	0	0	0	0	0	0	0	0	0	7	0	3	189	255	255	81	0	14	0	8	0	5	0	0	0	0	0	
0	0	0	0	0	0	0	0	0	0	16	0	0	239	245	253	24	12	0	0	0	4	1	0	0	0	0	0	
0	0	0	0	0	0	0	0	0	7	0	0	17	234	255	223	9	3	0	0	2	5	4	0	0	0	0	0	
0	0	0	0	0	0	0	0	8	0	9	26	0	161	255	85	0	0	0	0	3	4	2	0	0	0	0	0	
0	0	0	0	0	0	0	0	4	17	0	0	7	0	0	0	0	0	1	2	1	0	0	0	0	0	0	0	
