0	6	8	2	0	0	0	0	10	0	6	0	6	6	0	0	0	0	0	6	3	0	0	2	0	0	0	0	
3	0	0	0	2	0	1	9	1	0	13	1	0	1	0	1	9	3	0	0	0	0	0	3	0	0	0	0	
0	0	0	0	2	0	0	0	0	0	8	4	0	4	0	7	0	0	0	0	1	4	1	0	0	0	0	0	
0	6	6	0	0	10	10	0	2	0	0	0	0	0	0	0	0	1	3	0	1	5	1	0	0	0	0	0	
3	6	3	0	0	0	0	0	7	1	11	0	15	0	7	0	7	8	3	0	0	0	2	3	0	0	0	0	
0	0	0	11	14	3	0	3	0	0	4	0	8	0	5	0	0	0	0	0	2	0	0	0	0	0	0	0	
14	8	0	0	0	4	1	0	9	15	0	5	0	1	3	0	17	0	0	3	10	2	0	0	0	0	0	0	
0	7	0	0	68	192	255	255	251	238	155	187	161	197	174	164	90	42	2	0	0	0	0	8	0	0	0	0	
0	0	5	0	37	185	255	243	241	255	255	244	255	255	246	255	255	227	156	24	0	17	0	1	0	0	0	0	
4	0	3	0	1	95	210	253	255	240	208	223	254	237	215	235	246	255	243	155	0	0	5	1	0	0	0	0	
0	0	4	9	0	3	44	77	82	37	0	22	56	35	11	28	82	196	255	255	120	0	11	0	0	0	0	0	
3	2	0	0	0	0	0	0	11	4	0	0	8	3	0	0	3	6	233	247	149	1	0	4	0	0	0	0	
0	6	2	0	1	4	5	14	0	6	7	0	0	4	1	0	0	100	240	255	242	7	2	0	0	0	0	0	
0	0	0	7	9	0	0	0	3	0	0	1	0	0	0	3	33	175	255	253	132	0	7	0	0	0	0	0	
13	0	0	0	2	1	1	6	11	0	0	3	0	0	0	3	13	255	253	253	96	0	8	0	0	0	0	0	
0	2	8	3	0	0	4	0	0	0	4	5	0	0	1	0	84	254	255	210	16	0	0	3	0	0	0	0	
0	0	0	0	0	0	0	0	0	6	0	0	0	0	3	87	209	255	247	95	0	0	16	0	0	0	0	0	
0	0	0	0	0	0	0	0	0	1	6	10	0	6	41	216	243	255	198	14	9	13	0	5	0	0	0	0	
0	0	0	0	0	0	0	0	2	4	0	5	4	4	156	255	255	239	52	0	0	10	0	0	0	0	0	0	
0	0	0	0	0	0	0	0	0	6	0	4	0	72	244	249	255	151	0	25	0	4	11	0	0	0	0	0	
0	0	0	0	0	0	0	0	0	3	6	3	19	201	251	255	194	16	10	6	1	4	1	4	0	0	0	0	
0	0	0	0	0	0	0	0	0	5	0	0	149	254	255	225	59	0	1	0	0	0	0	0	0	0	0	0	
0	0	0	0	0	0	0	0	5	3	0	60	255	246	249	114	0	21	0	8	4	2	9	2	0	0	0	0	
0	0	0	0	0	0	0	0	1	0	29	181	248	255	187	25	0	0	5	0	5	0	5	0	0	0	0	0	
0	0	0	0	0	0	0	0	0	3	63	253	255	253	103	4	0	0	0	0	0	0	0	0	0	0	0	0	
0	0	0	0	0	0	0	0	14	0	28	192	255	253	114	2	0	0	0	0	0	0	0	0	0	0	0	0	
0	0	0	0	0	0	0	0	0	25	0	74	252	191	12	0	0	0	0	0	0	0	0	0	0	0	0	0	
0	0	0	0	0	0	0	0	13	0	0	6	0	0	10	6	0	0	0	0	0	0	0	0	0	0	0	0	
