0	0	0	0	0	0	0	0	0	5	8	0	0	0	0	10	0	9	1	0	6	0	0	3	0	0	0	0	
0	0	0	0	0	0	0	0	4	0	0	0	7	9	0	0	1	4	0	0	0	6	11	0	0	0	0	0	
0	0	0	0	0	0	0	0	0	2	8	8	5	1	0	0	9	0	2	1	0	0	6	0	0	0	0	0	
0	0	0	0	0	0	0	0	15	0	0	0	0	0	0	2	0	0	4	13	6	0	0	13	0	0	0	0	
0	0	0	0	0	0	0	0	0	8	13	11	0	2	20	0	0	0	3	0	3	0	0	2	0	0	0	0	
0	0	0	0	0	0	0	0	14	0	0	12	1	0	3	0	7	2	3	0	2	23	0	10	0	0	0	0	
0	0	0	0	0	0	0	0	0	9	0	0	80	205	248	141	22	0	9	10	0	2	0	0	0	0	0	0	
0	0	0	0	0	0	0	0	1	0	45	181	243	243	255	238	198	106	152	160	62	6	0	5	0	0	0	0	
0	0	0	0	0	0	0	0	6	0	206	246	243	255	255	244	255	254	243	254	237	82	0	0	0	0	0	0	
0	0	0	0	0	0	0	0	0	9	183	255	255	250	240	255	255	252	255	255	249	185	20	0	0	0	0	0	
0	0	0	0	0	0	0	0	11	0	13	80	112	119	102	112	103	131	242	255	243	118	5	0	0	0	0	0	
0	0	0	0	0	0	0	0	4	1	0	1	4	0	0	3	2	100	249	255	215	30	4	3	0	0	0	0	
0	0	0	0	0	0	0	0	0	9	14	11	2	0	10	0	172	255	251	139	36	0	0	0	0	0	0	0	
0	0	0	0	0	0	0	0	3	0	0	0	0	3	3	0	186	251	252	70	0	11	3	1	0	0	0	0	
0	0	0	0	0	0	0	0	1	0	14	3	2	1	0	87	241	255	233	48	9	0	0	9	0	0	0	0	
0	0	0	0	0	0	0	0	3	0	0	0	0	10	0	217	251	248	107	6	0	14	0	0	0	0	0	0	
0	2	0	0	4	6	1	0	10	0	1	5	0	0	180	251	255	153	2	0	10	0	19	0	0	0	0	0	
3	4	4	1	0	0	0	0	0	0	1	0	17	123	255	255	194	26	0	10	0	0	0	10	0	0	0	0	
2	0	0	9	8	5	6	5	7	4	19	8	66	252	231	232	81	0	0	3	0	11	0	7	0	0	0	0	
5	0	0	1	0	0	0	0	0	16	0	73	255	242	248	75	0	16	0	0	3	9	7	0	0	0	0	0	
0	5	8	0	0	0	4	7	9	0	135	229	243	242	72	0	0	19	0	4	15	0	0	0	0	0	0	0	
0	0	0	0	13	10	0	0	66	250	244	251	182	7	0	0	11	0	0	12	0	0	5	2	0	0	0	0	
0	3	0	0	11	0	0	32	231	255	248	196	0	0	10	4	5	0	12	0	0	10	7	1	0	0	0	0	
0	13	0	0	2	0	61	194	246	254	206	72	6	3	0	0	0	14	0	0	10	0	0	8	0	0	0	0	
5	5	0	2	8	0	158	242	255	233	16	5	7	0	5	0	0	0	0	0	0	0	0	0	0	0	0	0	
0	4	8	0	1	8	181	255	128	107	0	0	2	2	0	5	0	0	0	0	0	0	0	0	0	0	0	0	
1	0	3	0	11	0	11	0	19	6	0	0	1	4	0	7	0	0	0	0	0	0	0	0	0	0	0	0	
13	0	3	0	0	1	12	0	1	0	14	0	3	0	0	3	0	0	0	0	0	0	0	0	0	0	0	0	
