1	4	3	0	0	4	4	0	1	2	0	4	2	0	0	2	0	0	0	0	0	0	0	0	0	0	0	0	
0	0	3	4	5	4	0	0	8	1	0	2	8	6	7	5	0	0	0	0	0	0	0	0	0	0	0	0	
8	1	0	0	0	0	0	7	0	0	1	4	0	0	0	0	0	0	0	0	0	0	0	0	0	0	0	0	
0	0	0	7	7	2	1	5	7	1	4	0	0	3	5	16	0	0	0	0	0	0	0	0	0	0	0	0	
3	2	2	1	0	0	0	0	4	0	2	0	3	10	0	0	0	0	0	0	0	0	0	0	0	0	0	0	
0	0	2	0	0	6	11	13	0	0	9	0	0	12	1	15	0	0	0	0	0	0	0	0	0	0	0	0	
0	9	9	0	0	0	0	0	12	0	9	0	0	10	0	0	0	0	0	0	0	0	0	0	0	0	0	0	
0	3	0	0	39	132	219	255	255	236	255	255	255	223	80	0	0	0	0	0	0	0	0	0	0	0	0	0	
17	0	0	14	75	247	255	250	255	252	252	255	245	255	249	170	117	0	0	0	3	13	0	0	0	0	0	0	
0	15	23	0	22	204	201	123	91	143	213	199	170	212	255	255	211	135	19	7	0	2	0	5	0	0	0	0	
0	0	0	0	0	41	13	0	0	14	3	7	0	10	144	242	255	239	32	7	0	2	0	9	0	0	0	0	
16	0	1	15	0	10	0	0	10	0	2	2	3	7	17	120	251	253	85	0	0	11	0	0	0	0	0	0	
0	0	0	0	0	9	3	1	0	20	0	0	0	0	16	49	247	249	192	18	0	10	0	0	0	0	0	0	
14	2	0	9	5	0	0	2	0	0	20	0	0	9	0	47	255	255	246	34	0	0	1	1	0	0	0	0	
0	4	0	0	0	2	3	0	20	0	0	2	5	0	3	54	255	252	173	18	0	0	5	4	0	0	0	0	
2	4	0	1	8	0	0	10	6	0	12	0	0	12	0	39	253	245	69	0	0	4	6	0	0	0	0	0	
0	0	0	0	0	0	0	0	4	0	4	5	0	11	0	159	252	254	48	0	0	1	0	0	0	0	0	0	
0	0	0	0	0	0	0	0	0	4	1	0	10	0	4	173	252	255	51	1	0	3	3	0	0	0	0	0	
0	0	0	0	0	0	0	0	4	6	0	0	19	0	2	186	250	253	42	2	0	4	4	0	0	0	0	0	
0	0	0	0	0	0	0	0	0	0	19	6	0	0	33	246	252	217	18	0	0	0	2	0	0	0	0	0	
0	0	0	0	0	0	0	0	4	0	2	5	1	12	141	255	255	161	0	0	1	0	0	2	0	0	0	0	
0	0	0	0	0	0	0	0	11	0	0	0	18	15	238	245	255	98	0	1	5	0	0	1	0	0	0	0	
0	0	0	0	0	0	0	0	0	12	9	12	0	38	255	255	229	36	3	0	3	0	3	0	0	0	0	0	
0	0	0	0	0	0	0	0	4	1	0	6	0	152	255	250	199	0	8	0	0	2	11	0	0	0	0	0	
0	0	0	0	0	0	0	0	0	15	0	0	127	245	255	243	133	16	0	8	0	0	5	1	0	0	0	0	
0	0	0	0	0	0	0	0	0	0	0	9	121	254	254	160	25	0	0	10	0	0	9	0	0	0	0	0	
0	0	0	0	0	0	0	0	3	0	3	1	37	137	152	54	0	0	8	3	0	0	7	0	0	0	0	0	
0	0	0	0	0	0	0	0	13	0	5	0	0	4	31	0	8	3	0	0	2	0	0	5	0	0	0	0	
