0	0	0	0	0	0	0	0	0	0	0	0	0	0	0	0	0	0	0	0	0	0	0	0	0	0	0	0	
0	0	0	0	0	0	0	0	0	0	0	0	0	0	0	0	0	0	0	0	0	0	0	0	0	0	0	0	
0	0	0	0	0	0	0	0	0	0	0	0	0	0	0	0	0	0	0	0	0	0	0	0	0	0	0	0	
0	0	0	0	0	0	0	0	0	0	0	0	0	0	0	0	0	0	0	0	0	0	0	0	0	0	0	0	
0	0	0	0	0	0	0	0	0	0	0	0	0	0	0	0	0	0	0	0	0	0	0	0	0	0	0	0	
0	0	0	0	0	0	0	0	0	0	0	0	0	0	0	0	0	0	0	0	0	0	0	0	0	0	0	0	
0	0	0	0	0	0	0	0	0	0	0	0	0	0	0	0	0	0	0	0	0	0	0	0	0	0	0	0	
0	0	0	0	0	0	0	0	0	0	0	0	0	0	0	0	0	0	0	0	0	0	0	0	0	0	0	0	
6	0	13	0	10	0	5	0	2	13	2	0	0	0	8	3	2	0	0	8	0	6	0	12	0	0	0	0	
1	10	0	13	0	0	7	0	0	0	1	6	7	4	0	0	1	2	0	0	15	0	5	0	0	0	0	0	
0	5	0	5	0	3	3	0	19	3	0	0	0	0	0	3	0	0	21	0	0	9	5	2	0	0	0	0	
8	0	85	44	79	104	101	114	38	28	7	29	45	52	96	118	180	153	183	134	0	0	4	0	0	0	0	0	
0	7	163	151	228	245	253	255	255	255	232	255	252	214	255	252	239	255	222	224	255	136	7	1	0	0	0	0	
0	0	13	0	5	15	69	79	75	98	76	108	95	49	79	69	61	5	18	210	240	252	0	0	0	0	0	0	
0	9	0	9	0	0	9	1	0	0	0	8	3	0	0	8	6	27	194	255	255	173	11	5	0	0	0	0	
5	0	1	2	0	6	0	1	6	0	9	0	0	10	0	18	106	255	243	243	101	0	2	0	0	0	0	0	
0	0	0	0	0	0	0	0	2	3	0	7	3	6	63	166	248	255	196	53	0	0	6	0	0	0	0	0	
0	0	0	0	0	0	0	0	3	0	0	0	1	62	224	255	255	183	72	0	0	5	6	2	0	0	0	0	
0	0	0	0	0	0	0	0	0	20	0	6	0	150	255	196	93	20	0	0	11	4	0	0	0	0	0	0	
0	0	0	0	0	0	0	0	0	0	3	21	151	252	255	108	1	0	0	12	0	0	0	0	0	0	0	0	
0	0	0	0	0	0	0	0	8	0	0	117	248	255	85	3	3	2	12	6	0	0	8	0	0	0	0	0	
0	0	0	0	0	0	0	0	0	0	26	85	237	171	13	0	0	0	0	0	0	4	3	0	0	0	0	0	
0	0	0	0	0	0	0	0	0	10	0	0	39	48	0	5	13	9	0	0	0	0	0	11	0	0	0	0	
0	0	0	0	0	0	0	0	2	1	4	2	6	0	2	0	0	1	0	0	10	5	0	2	0	0	0	0	
0	0	0	0	0	0	0	0	0	0	0	0	0	0	0	0	0	0	0	0	0	0	0	0	0	0	0	0	
0	0	0	0	0	0	0	0	0	0	0	0	0	0	0	0	0	0	0	0	0	0	0	0	0	0	0	0	
0	0	0	0	0	0	0	0	0	0	0	0	0	0	0	0	0	0	0	0	0	0	0	0	0	0	0	0	
0	0	0	0	0	0	0	0	0	0	0	0	0	0	0	0	0	0	0	0	0	0	0	0	0	0	0	0	
