0	0	0	0	0	0	0	0	10	0	0	5	0	0	2	0	0	0	0	0	0	0	0	0	0	0	0	0	
0	0	0	0	0	0	0	0	0	4	8	0	0	2	6	7	0	0	0	0	0	0	0	0	0	0	0	0	
0	0	0	0	0	0	0	0	1	10	1	0	9	0	0	2	0	0	0	0	0	0	0	0	0	0	0	0	
0	0	0	0	0	0	0	0	0	0	0	0	4	0	0	0	0	0	0	0	0	0	0	0	0	0	0	0	
0	0	0	0	0	0	0	0	4	3	15	10	0	1	12	0	0	0	0	0	0	0	0	0	0	0	0	0	
0	0	0	0	0	0	0	0	8	0	0	2	0	0	4	0	0	0	0	0	0	0	0	0	0	0	0	0	
0	0	0	0	0	0	0	0	0	24	14	0	0	0	0	6	0	0	0	0	0	0	0	0	0	0	0	0	
0	0	0	0	0	0	0	0	34	198	181	27	0	11	1	0	0	0	0	0	0	0	0	0	0	0	0	0	
7	0	0	5	0	0	0	8	196	255	223	94	0	0	16	0	5	4	6	0	15	0	0	13	0	0	0	0	
8	0	3	6	5	10	7	65	253	246	255	243	89	4	0	10	0	0	0	9	75	139	3	0	0	0	0	0	
0	0	9	0	0	0	15	165	248	141	197	255	217	106	33	4	7	5	22	147	222	162	10	7	0	0	0	0	
16	0	2	3	17	3	0	134	249	36	0	40	251	251	239	255	190	132	255	246	251	134	3	0	0	0	0	0	
0	0	0	0	0	0	77	250	205	0	12	9	42	55	189	242	254	255	240	150	243	48	0	17	0	0	0	0	
14	0	0	4	10	9	144	209	17	0	3	0	0	0	0	13	0	7	0	183	214	0	19	0	0	0	0	0	
0	1	6	0	0	6	224	185	0	15	7	0	0	21	0	0	7	0	66	226	109	12	0	0	0	0	0	0	
0	3	4	2	12	37	248	77	6	4	0	1	5	0	0	1	0	4	114	240	33	10	0	5	0	0	0	0	
0	2	2	0	2	11	15	13	0	6	0	0	0	0	5	0	0	28	181	184	4	4	0	1	0	0	0	0	
1	3	2	0	0	2	4	2	0	0	1	4	0	0	3	0	6	84	252	141	8	0	0	14	0	0	0	0	
2	3	1	0	0	0	0	0	3	0	1	5	0	0	2	2	5	136	177	7	0	4	0	0	0	0	0	0	
1	1	0	0	0	1	2	2	8	0	1	0	0	2	0	0	51	239	125	0	0	0	0	11	0	0	0	0	
0	0	0	1	2	2	3	5	3	0	3	0	0	6	0	0	186	213	41	3	14	16	7	0	0	0	0	0	
1	0	0	1	1	0	0	1	0	0	6	0	7	4	0	44	255	89	5	5	0	0	4	4	0	0	0	0	
2	0	0	2	2	0	0	0	0	1	5	0	11	0	16	158	233	32	0	0	3	13	6	0	0	0	0	0	
1	0	0	4	4	0	0	4	3	3	1	0	9	0	50	255	17	0	2	5	3	0	0	10	0	0	0	0	
0	0	0	0	0	0	0	0	5	0	4	0	7	0	127	222	9	6	2	0	0	0	0	1	0	0	0	0	
0	0	0	0	0	0	0	0	0	0	4	11	0	39	235	111	7	5	1	0	0	0	0	1	0	0	0	0	
0	0	0	0	0	0	0	0	0	23	0	0	13	101	231	26	3	2	1	0	0	0	0	0	0	0	0	0	
0	0	0	0	0	0	0	0	5	0	0	0	14	0	4	0	0	0	0	1	1	1	0	0	0	0	0	0	
