0	0	0	0	0	0	0	0	0	0	4	1	0	3	4	2	0	10	3	0	12	0	1	3	0	0	0	0	
0	0	0	0	0	0	0	0	7	8	3	0	0	0	0	0	13	0	0	0	11	0	4	0	0	0	0	0	
0	0	0	0	0	0	0	0	2	1	0	0	2	9	10	7	0	0	12	12	0	0	5	7	0	0	0	0	
0	0	0	0	0	0	0	0	0	0	1	1	1	0	0	0	0	2	5	0	3	9	0	0	0	0	0	0	
0	0	0	0	0	0	0	0	1	2	4	6	4	1	1	1	6	0	3	0	0	15	3	2	0	0	0	0	
0	0	0	0	0	0	0	0	1	0	0	0	0	0	0	1	0	1	0	0	0	5	0	9	0	0	0	0	
0	0	0	0	0	0	0	0	6	0	0	3	11	7	0	0	0	49	247	245	21	0	26	0	0	0	0	0	
0	0	0	0	0	0	0	0	0	0	11	47	79	87	75	63	121	238	252	112	4	7	0	12	0	0	0	0	
0	0	0	0	0	0	0	0	0	8	99	236	250	255	255	250	255	252	236	14	0	7	0	0	0	0	0	0	
0	0	0	0	0	0	0	0	0	22	218	239	239	68	74	76	152	237	210	7	0	12	11	1	0	0	0	0	
0	0	0	0	0	0	0	0	16	1	215	255	236	38	0	12	194	251	131	8	0	1	2	0	0	0	0	0	
0	0	0	0	0	0	0	0	0	52	249	224	64	2	0	27	246	230	24	0	5	0	0	3	0	0	0	0	
0	0	0	0	0	0	0	0	11	30	133	56	0	0	8	68	237	206	6	0	0	0	5	0	0	0	0	0	
0	0	0	0	0	0	0	0	0	0	12	0	12	0	8	215	253	157	10	3	0	4	2	0	0	0	0	0	
0	0	0	0	0	0	0	0	0	21	0	0	0	15	24	233	246	54	0	0	0	2	0	8	0	0	0	0	
0	0	0	0	0	0	0	0	4	0	0	15	0	25	82	254	236	16	8	9	1	7	0	5	0	0	0	0	
0	0	0	0	0	0	0	0	9	0	6	0	0	116	238	251	208	24	0	0	0	7	0	12	0	0	0	0	
0	0	0	0	0	0	0	0	0	13	1	0	0	52	229	251	69	0	4	2	0	13	0	0	0	0	0	0	
0	0	0	0	0	0	0	0	3	11	0	8	13	207	255	174	0	0	8	0	0	5	3	0	0	0	0	0	
0	0	0	0	0	0	0	0	0	0	3	0	18	255	239	31	1	4	0	0	1	0	0	0	0	0	0	0	
0	0	0	0	0	0	0	0	13	4	7	11	153	239	225	2	0	3	0	4	14	0	0	0	0	0	0	0	
0	0	0	0	0	0	0	0	0	0	0	43	252	255	117	0	0	6	0	0	1	0	2	2	0	0	0	0	
0	0	0	0	0	0	0	0	0	11	19	140	248	244	0	0	4	4	5	0	0	0	2	6	0	0	0	0	
0	0	0	0	0	0	0	0	10	0	0	196	251	183	1	5	6	0	0	5	5	5	0	0	0	0	0	0	
0	0	0	0	0	0	0	0	9	0	31	226	255	86	18	0	0	0	0	0	0	0	0	0	0	0	0	0	
0	0	0	0	0	0	0	0	0	0	51	237	243	62	0	0	0	0	0	0	0	0	0	0	0	0	0	0	
0	0	0	0	0	0	0	0	0	9	0	0	0	0	4	2	0	0	0	0	0	0	0	0	0	0	0	0	
0	0	0	0	0	0	0	0	0	2	6	0	0	8	3	0	0	0	0	0	0	0	0	0	0	0	0	0	
