0	0	0	0	0	0	0	0	0	5	6	0	0	2	3	0	0	6	8	1	0	0	0	0	0	0	0	0	
0	0	0	0	0	0	0	0	0	0	4	5	4	3	0	0	0	0	0	0	0	1	4	3	0	0	0	0	
0	0	0	0	0	0	0	0	9	1	0	0	0	0	1	6	1	4	5	4	4	3	0	0	0	0	0	0	
0	0	0	0	0	0	0	0	0	0	0	6	9	5	2	3	0	0	0	0	0	0	0	0	0	0	0	0	
0	0	0	0	0	0	0	0	5	1	0	0	0	0	0	0	9	7	3	0	0	0	2	8	0	0	0	0	
0	0	0	0	0	0	0	0	0	0	1	0	1	7	11	12	0	0	0	5	6	1	0	0	0	0	0	0	
0	0	0	0	0	0	0	0	0	9	10	0	0	0	0	0	11	0	0	0	2	2	0	0	0	0	0	0	
0	0	0	0	0	0	0	0	0	3	0	0	37	129	218	255	167	116	53	13	0	0	0	1	0	0	0	0	
3	8	0	0	10	0	0	6	78	144	14	169	255	246	254	255	255	251	251	255	141	3	0	0	0	0	0	0	
0	0	3	9	0	0	0	20	214	255	210	235	255	255	222	234	250	240	255	233	215	22	0	14	0	0	0	0	
8	0	0	1	0	9	4	70	255	255	241	255	195	75	28	23	42	199	243	255	192	2	0	0	0	0	0	0	
0	0	0	7	0	5	0	115	255	225	255	179	13	0	14	1	4	243	254	243	61	0	9	2	0	0	0	0	
0	10	0	2	0	0	23	231	247	255	160	7	3	16	0	0	132	255	255	103	0	6	6	6	0	0	0	0	
0	14	0	0	0	4	39	219	255	168	2	0	6	0	6	6	205	251	148	5	1	6	0	0	0	0	0	0	
1	0	0	8	8	0	0	31	48	3	4	1	9	6	1	121	255	250	46	2	11	0	5	7	0	0	0	0	
8	0	0	7	0	0	16	0	3	3	0	7	3	0	39	215	253	150	3	0	7	0	9	0	0	0	0	0	
0	0	0	0	0	0	0	0	9	0	1	0	0	9	171	246	252	61	0	4	0	6	0	3	0	0	0	0	
0	0	0	0	0	0	0	0	0	11	0	6	0	18	227	255	169	28	0	2	0	6	0	3	0	0	0	0	
0	0	0	0	0	0	0	0	0	18	0	3	0	106	255	240	68	0	0	1	0	7	0	0	0	0	0	0	
0	0	0	0	0	0	0	0	0	4	0	0	31	219	255	173	9	0	2	0	1	7	0	0	0	0	0	0	
0	0	0	0	0	0	0	0	0	0	13	0	105	255	253	104	0	0	7	0	0	5	0	0	0	0	0	0	
0	0	0	0	0	0	0	0	2	0	2	2	203	253	221	41	0	3	3	0	0	2	3	0	0	0	0	0	
0	0	0	0	0	0	0	0	8	0	0	60	254	236	119	3	1	0	0	1	0	0	7	0	0	0	0	0	
0	0	0	0	0	0	0	0	0	0	16	133	244	220	3	2	2	0	0	10	0	0	8	0	0	0	0	0	
0	0	0	0	0	0	0	0	0	0	82	231	255	120	2	4	0	0	0	0	0	0	0	0	0	0	0	0	
0	0	0	0	0	0	0	0	24	0	145	255	225	21	0	0	0	0	0	0	0	0	0	0	0	0	0	0	
0	0	0	0	0	0	0	0	0	6	207	250	158	0	12	8	0	0	0	0	0	0	0	0	0	0	0	0	
0	0	0	0	0	0	0	0	12	3	3	0	6	6	6	0	0	0	0	0	0	0	0	0	0	0	0	0	
