0	0	0	0	0	0	0	0	0	0	0	0	0	0	0	0	0	0	0	0	0	0	0	0	0	0	0	0	
0	0	0	0	0	0	0	0	0	0	0	0	0	0	0	0	0	0	0	0	0	0	0	0	0	0	0	0	
0	0	0	0	0	0	0	0	0	0	0	0	0	0	0	0	0	0	0	0	0	0	0	0	0	0	0	0	
0	0	0	0	0	0	0	0	0	0	0	0	0	0	0	0	0	0	0	0	0	0	0	0	0	0	0	0	
0	0	0	0	0	0	0	0	0	0	0	0	0	0	0	0	0	0	0	0	0	0	0	0	0	0	0	0	
0	0	0	0	0	0	0	0	0	0	0	0	0	0	0	0	0	0	0	0	0	0	0	0	0	0	0	0	
0	0	0	0	0	0	0	0	0	0	0	0	0	0	0	0	0	0	0	0	0	0	0	0	0	0	0	0	
0	0	0	0	0	0	0	0	0	0	0	0	0	0	0	0	0	0	0	0	0	0	0	0	0	0	0	0	
0	14	0	12	1	0	7	0	1	0	20	0	1	0	19	0	0	20	0	15	0	0	7	11	0	0	0	0	
0	5	7	159	227	216	104	0	18	35	99	110	115	92	80	23	16	0	5	2	2	8	0	0	0	0	0	0	
0	0	16	194	247	255	245	255	253	250	255	255	246	255	255	240	236	255	255	242	212	153	43	15	0	0	0	0	
6	17	0	30	73	156	176	163	178	175	169	180	180	230	255	255	255	246	248	252	251	251	215	0	0	0	0	0	
0	0	0	11	4	0	0	10	0	3	0	7	0	20	18	20	20	31	114	130	245	255	255	0	0	0	0	0	
0	4	9	0	4	12	17	0	0	6	0	3	0	10	3	8	0	0	13	91	255	255	109	10	0	0	0	0	
15	0	0	0	4	0	0	1	0	4	0	4	2	6	0	0	0	34	125	251	248	150	12	1	0	0	0	0	
0	5	6	5	0	13	0	0	0	5	0	0	0	0	0	1	18	158	255	255	231	43	9	0	0	0	0	0	
0	0	0	0	0	0	0	0	15	0	0	4	0	0	18	3	184	253	255	224	49	0	2	0	0	0	0	0	
0	0	0	0	0	0	0	0	0	4	0	1	0	10	0	182	240	255	152	38	1	18	0	11	0	0	0	0	
0	0	0	0	0	0	0	0	3	7	2	11	0	0	90	255	255	161	19	0	0	0	9	0	0	0	0	0	
0	0	0	0	0	0	0	0	5	0	0	1	0	65	241	255	194	0	2	11	0	8	0	0	0	0	0	0	
0	0	0	0	0	0	0	0	0	0	10	0	9	193	255	226	47	0	0	0	8	0	14	0	0	0	0	0	
0	0	0	0	0	0	0	0	2	9	8	6	137	253	238	94	0	0	24	0	0	5	0	13	0	0	0	0	
0	0	0	0	0	0	0	0	0	0	0	18	236	254	231	0	0	3	0	9	5	0	13	0	0	0	0	0	
0	0	0	0	0	0	0	0	3	9	2	6	213	247	147	0	0	4	0	0	2	0	6	0	0	0	0	0	
0	0	0	0	0	0	0	0	0	11	0	4	69	63	8	0	0	0	0	0	0	0	0	0	0	0	0	0	
0	0	0	0	0	0	0	0	0	8	0	0	21	15	0	3	0	0	0	0	0	0	0	0	0	0	0	0	
0	0	0	0	0	0	0	0	0	6	1	0	0	0	0	8	0	0	0	0	0	0	0	0	0	0	0	0	
0	0	0	0	0	0	0	0	3	0	0	0	0	0	3	0	0	0	0	0	0	0	0	0	0	0	0	0	
