0	0	0	0	0	0	0	0	0	0	0	0	0	0	0	0	0	0	3	1	3	9	0	0	0	0	0	0	
0	0	0	0	0	0	0	0	0	0	0	0	0	0	0	0	5	14	9	0	0	0	0	13	0	0	0	0	
0	0	0	0	0	0	0	0	0	0	0	0	0	0	0	0	3	0	0	7	5	10	16	0	0	0	0	0	
0	0	0	0	0	0	0	0	0	0	0	0	0	0	0	0	0	0	0	2	0	0	4	0	0	0	0	0	
0	0	0	0	0	0	0	0	0	0	0	0	0	0	0	0	0	17	2	0	15	4	0	8	0	0	0	0	
0	0	0	0	0	0	0	0	1	1	1	1	1	1	1	1	3	0	6	3	0	0	2	0	0	0	0	0	
0	0	0	0	0	0	0	0	1	1	1	1	1	1	1	1	9	0	14	0	0	16	0	4	0	0	0	0	
0	0	0	0	0	0	0	0	1	1	1	1	1	1	1	1	0	16	0	8	215	215	2	8	0	0	0	0	
4	0	0	0	5	1	0	2	4	0	93	217	254	230	47	10	6	28	109	180	255	252	73	4	0	0	0	0	
0	2	4	4	0	1	11	1	14	114	244	255	244	240	255	247	254	247	255	247	253	199	19	0	0	0	0	0	
0	4	2	2	0	0	0	0	104	255	255	248	255	255	235	255	242	228	255	255	255	176	2	0	0	0	0	0	
2	0	0	0	5	11	8	96	255	245	255	228	63	86	101	81	15	86	255	255	244	40	0	6	0	0	0	0	
8	0	3	0	4	7	3	213	251	254	228	90	0	0	7	10	13	147	240	255	107	0	0	10	0	0	0	0	
4	3	8	0	0	0	4	255	255	226	77	2	14	18	1	0	67	250	255	255	22	7	0	0	0	0	0	0	
0	4	0	7	5	15	27	210	220	139	0	0	0	2	0	57	235	255	211	53	4	0	32	0	0	0	0	0	
0	12	0	8	0	0	0	55	36	0	11	2	4	0	7	159	255	251	172	13	0	0	0	7	0	0	0	0	
0	0	0	0	0	0	0	0	14	0	2	8	0	0	144	231	252	237	69	0	9	0	4	0	0	0	0	0	
0	0	0	0	0	0	0	0	0	10	0	21	15	3	215	255	252	90	0	1	5	0	2	0	0	0	0	0	
0	0	0	0	0	0	0	0	0	8	0	0	0	108	216	244	192	22	1	17	0	3	0	0	0	0	0	0	
0	0	0	0	0	0	0	0	9	0	9	0	50	250	248	233	48	0	10	0	0	9	0	8	0	0	0	0	
0	0	0	0	0	0	0	0	0	0	0	61	175	255	255	144	0	0	0	0	7	2	0	3	0	0	0	0	
0	0	0	0	0	0	0	0	1	1	0	172	250	255	145	22	10	11	4	10	0	0	11	0	0	0	0	0	
0	0	0	0	0	0	0	0	3	0	94	245	255	222	44	2	0	0	3	0	0	0	25	0	0	0	0	0	
0	0	0	0	0	0	0	0	5	22	245	247	255	89	0	1	6	3	0	0	9	3	0	0	0	0	0	0	
0	0	0	0	0	0	0	0	0	147	255	255	198	19	0	4	0	0	0	0	0	0	0	0	0	0	0	0	
0	0	0	0	0	0	0	0	21	191	253	216	136	0	8	0	0	0	0	0	0	0	0	0	0	0	0	0	
0	0	0	0	0	0	0	0	5	18	255	165	0	0	5	1	0	0	0	0	0	0	0	0	0	0	0	0	
0	0	0	0	0	0	0	0	0	24	6	0	23	4	0	0	0	0	0	0	0	0	0	0	0	0	0	0	
