0	0	0	0	0	0	0	0	0	8	6	0	2	0	0	2	0	0	1	2	0	4	8	0	0	0	0	0	
0	0	0	0	0	0	0	0	11	1	0	0	0	8	6	0	3	8	3	0	0	0	0	1	0	0	0	0	
0	0	0	0	0	0	0	0	0	0	9	10	0	0	5	0	0	5	1	0	5	0	0	0	0	0	0	0	
0	0	0	0	0	0	0	0	10	4	0	0	0	0	3	2	3	5	1	0	0	0	1	6	0	0	0	0	
0	0	0	0	0	0	0	0	0	7	1	0	6	0	0	0	3	0	1	9	0	0	1	0	0	0	0	0	
0	0	0	0	0	0	0	0	0	2	0	0	5	5	3	17	8	0	0	2	0	0	12	10	0	0	0	0	
0	0	0	0	0	0	0	0	9	0	0	12	0	0	2	0	0	10	4	0	5	0	0	7	0	0	0	0	
0	0	0	0	0	0	0	0	0	67	222	255	124	36	29	0	2	103	152	178	196	102	0	0	0	0	0	0	
0	0	0	0	0	0	0	0	0	210	237	249	255	238	218	208	195	255	255	234	255	202	7	0	0	0	0	0	
0	0	0	0	0	0	0	0	0	255	253	254	248	255	244	255	254	255	240	255	255	175	0	7	0	0	0	0	
0	0	0	0	0	0	0	0	83	238	255	254	251	243	255	241	249	244	255	248	199	30	12	0	0	0	0	0	
0	0	0	0	0	0	0	0	109	248	255	255	191	103	112	79	206	255	249	236	18	0	0	3	0	0	0	0	
0	0	0	0	0	0	0	0	17	255	232	247	110	0	3	81	244	240	255	70	1	0	8	0	0	0	0	0	
0	0	0	0	0	0	0	0	0	31	122	89	0	3	0	217	255	250	125	0	8	2	5	0	0	0	0	0	
0	0	0	0	0	0	0	0	16	0	0	13	2	0	172	255	238	156	2	6	0	0	2	0	0	0	0	0	
0	0	0	0	0	0	0	0	0	6	4	0	0	49	224	254	238	0	10	0	0	6	4	0	0	0	0	0	
0	0	0	0	0	0	0	0	4	0	1	9	0	87	255	240	183	14	0	0	0	17	0	4	0	0	0	0	
0	0	0	0	0	0	0	0	0	26	0	9	25	211	245	254	85	0	2	5	0	6	0	6	0	0	0	0	
0	0	0	0	0	0	0	0	0	7	4	0	104	255	255	79	2	0	7	4	0	0	0	2	0	0	0	0	
0	0	0	0	0	0	0	0	16	0	5	116	254	255	228	7	0	5	1	0	0	2	3	0	0	0	0	0	
0	0	0	0	0	0	0	0	0	4	42	236	254	241	67	3	4	14	0	0	5	0	1	0	0	0	0	0	
0	0	0	0	0	0	0	0	0	5	194	255	241	221	1	0	0	4	0	1	4	0	0	4	0	0	0	0	
0	0	0	0	0	0	0	0	5	38	255	248	255	102	6	6	0	0	0	2	0	0	0	3	0	0	0	0	
0	0	0	0	0	0	0	0	2	246	255	244	201	7	0	0	11	0	0	0	0	6	0	0	0	0	0	0	
0	0	0	0	0	0	0	0	52	232	247	242	40	0	4	7	0	0	0	0	0	0	0	0	0	0	0	0	
0	0	0	0	0	0	0	0	113	255	248	95	13	0	0	0	0	0	0	0	0	0	0	0	0	0	0	0	
0	0	0	0	0	0	0	0	75	203	159	0	5	2	12	0	0	0	0	0	0	0	0	0	0	0	0	0	
0	0	0	0	0	0	0	0	0	12	15	0	0	0	0	0	0	0	0	0	0	0	0	0	0	0	0	0	
