0	0	0	0	9	5	0	5	0	0	0	0	0	0	0	0	4	0	4	8	3	4	0	0	0	0	0	0	
0	6	5	0	0	0	0	0	4	2	0	0	0	0	2	6	3	9	11	0	0	0	2	4	0	0	0	0	
2	0	0	5	5	10	10	0	0	0	2	6	5	2	0	0	0	9	3	0	1	0	3	0	0	0	0	0	
13	0	0	6	0	0	0	0	10	7	2	0	0	0	1	1	0	4	0	1	13	1	0	0	0	0	0	0	
0	0	0	3	0	0	3	13	0	0	0	1	4	4	0	0	4	7	0	0	0	0	2	2	0	0	0	0	
0	6	3	0	10	13	0	0	0	0	0	0	0	0	3	8	0	0	12	0	0	5	3	0	0	0	0	0	
2	13	0	0	7	0	0	14	9	58	124	170	184	178	171	168	57	0	7	5	0	13	0	0	0	0	0	0	
0	6	0	0	9	0	55	194	242	255	255	242	214	206	226	250	180	10	0	4	0	10	0	8	0	0	0	0	
0	14	0	0	5	8	169	247	154	64	8	19	6	7	2	167	255	14	0	3	11	1	1	0	0	0	0	0	
0	12	0	3	4	0	43	59	0	0	7	14	0	4	6	160	241	33	6	0	0	0	0	10	0	0	0	0	
0	0	0	2	14	0	10	0	7	0	0	0	0	0	0	159	182	6	0	0	0	2	0	6	0	0	0	0	
1	0	0	0	0	2	3	3	6	5	2	14	5	0	26	222	194	6	5	3	5	5	0	0	0	0	0	0	
0	0	8	0	0	0	0	0	0	4	0	0	0	1	79	255	192	0	2	0	0	0	9	4	0	0	0	0	
0	0	0	4	0	14	1	3	3	3	3	5	4	8	83	237	134	0	16	6	14	0	0	0	0	0	0	0	
6	6	0	1	0	0	0	0	0	0	2	7	0	10	114	255	216	169	180	176	179	139	16	9	0	0	0	0	
0	5	0	15	0	0	0	8	3	59	145	204	241	251	251	253	248	255	252	255	255	224	8	0	0	0	0	0	
0	0	0	0	0	0	0	0	163	255	254	249	175	140	236	208	72	30	0	0	4	0	0	2	0	0	0	0	
0	0	0	0	0	0	0	0	87	73	3	11	0	10	186	179	18	0	0	0	7	2	0	3	0	0	0	0	
0	0	0	0	0	0	0	0	12	13	0	1	0	30	249	191	0	0	0	4	7	2	0	0	0	0	0	0	
0	0	0	0	0	0	0	0	0	0	1	1	6	68	255	127	4	7	7	2	0	0	0	0	0	0	0	0	
0	0	0	0	0	0	0	0	13	0	2	2	2	83	255	93	2	3	0	0	0	2	4	1	0	0	0	0	
0	0	0	0	0	0	0	0	0	0	17	4	0	131	246	51	0	0	0	0	1	5	4	0	0	0	0	0	
0	0	0	0	0	0	0	0	6	3	0	0	0	192	226	0	2	1	2	5	5	1	0	0	0	0	0	0	
0	0	0	0	0	0	0	0	0	0	0	11	2	176	173	0	0	0	0	3	0	0	0	4	0	0	0	0	
0	0	0	0	0	0	0	0	4	10	0	0	13	243	182	0	0	0	0	0	0	0	0	0	0	0	0	0	
0	0	0	0	0	0	0	0	0	0	2	4	7	148	128	17	0	0	0	0	0	0	0	0	0	0	0	0	
0	0	0	0	0	0	0	0	8	0	9	0	0	13	18	0	0	0	0	0	0	0	0	0	0	0	0	0	
0	0	0	0	0	0	0	0	10	0	2	0	0	0	0	0	0	0	0	0	0	0	0	0	0	0	0	0	
