0	0	0	0	0	0	0	0	0	4	6	0	0	1	0	0	1	0	0	0	6	0	0	3	0	0	0	0	
0	0	0	0	0	0	0	0	7	0	0	4	9	0	0	10	0	5	7	0	0	7	7	0	0	0	0	0	
0	0	0	0	0	0	0	0	1	2	0	0	0	0	0	0	17	0	0	7	0	0	0	4	0	0	0	0	
0	0	0	0	0	0	0	0	0	8	16	1	0	5	12	5	0	0	9	4	0	4	9	0	0	0	0	0	
0	0	0	0	0	0	0	0	7	0	0	2	9	1	0	0	21	0	0	1	7	3	0	0	0	0	0	0	
0	0	0	0	0	0	0	0	2	7	4	0	19	92	193	255	232	115	7	0	12	0	0	14	0	0	0	0	
0	0	0	0	0	0	0	0	2	0	0	53	172	255	240	172	236	246	147	15	0	10	7	0	0	0	0	0	
0	0	0	0	0	0	0	0	10	0	15	130	250	255	134	5	22	223	255	112	7	0	0	1	0	0	0	0	
0	0	0	0	0	0	0	0	3	0	6	78	50	6	0	0	10	16	246	237	0	5	4	0	0	0	0	0	
0	0	0	0	0	0	0	0	0	0	14	3	0	3	0	0	0	42	255	224	27	0	0	14	0	0	0	0	
0	0	0	0	0	0	0	0	14	0	16	0	0	0	0	12	13	76	255	232	0	12	2	0	0	0	0	0	
0	0	0	0	0	0	0	0	3	0	0	7	15	0	6	0	0	214	235	166	0	0	15	0	0	0	0	0	
0	0	0	0	0	0	0	0	0	17	0	0	0	2	9	0	46	249	255	64	6	0	2	0	0	0	0	0	
0	0	0	0	0	0	0	0	4	3	7	6	0	7	0	28	211	244	184	14	0	1	4	0	0	0	0	0	
0	0	0	0	0	0	0	0	2	0	2	8	0	0	22	133	255	255	12	0	19	0	9	0	0	0	0	0	
0	0	0	0	0	0	0	0	0	14	5	0	2	5	142	255	250	95	7	0	4	1	0	0	0	0	0	0	
0	0	2	1	0	0	0	0	0	9	0	17	10	109	251	255	86	21	0	0	7	0	0	0	0	0	0	0	
0	0	0	0	0	1	1	1	0	13	4	0	98	255	251	163	16	0	0	2	0	0	3	4	0	0	0	0	
2	0	0	0	0	1	2	3	0	0	0	131	222	247	162	0	0	0	9	7	0	1	6	0	0	0	0	0	
4	0	0	0	1	0	0	0	8	0	70	235	253	149	0	2	4	5	8	3	0	4	5	0	0	0	0	0	
3	0	0	2	3	0	0	0	0	30	217	246	145	21	3	2	7	0	0	0	0	1	5	0	0	0	0	0	
2	0	0	4	2	0	0	5	22	229	235	196	15	4	0	0	0	0	0	8	0	0	1	7	0	0	0	0	
2	0	0	3	0	0	5	20	220	251	222	42	0	0	15	3	3	0	5	10	0	0	1	1	0	0	0	0	
2	0	0	2	0	0	12	33	248	249	40	0	6	8	0	1	6	0	0	0	0	4	6	0	0	0	0	0	
0	0	0	0	0	0	0	0	167	233	64	0	0	0	16	0	0	0	0	0	0	0	0	0	0	0	0	0	
0	0	0	0	0	0	0	0	0	31	0	1	10	1	0	0	0	0	0	0	0	0	0	0	0	0	0	0	
0	0	0	0	0	0	0	0	6	0	0	5	0	0	0	6	0	0	0	0	0	0	0	0	0	0	0	0	
0	0	0	0	0	0	0	0	14	0	16	10	0	8	0	0	0	0	0	0	0	0	0	0	0	0	0	0	
