0	0	0	0	0	0	0	0	0	4	7	2	1	3	0	0	8	0	2	3	0	3	0	4	0	0	0	0	
0	0	0	0	0	0	0	0	3	0	0	0	0	0	0	10	0	4	10	0	0	1	0	0	0	0	0	0	
0	0	0	0	0	0	0	0	5	0	0	3	12	10	0	0	0	7	0	0	0	0	1	0	0	0	0	0	
0	0	0	0	0	0	0	0	0	6	12	0	0	0	4	6	3	7	0	0	8	0	0	2	0	0	0	0	
0	0	0	0	0	0	0	0	0	0	0	2	6	7	1	0	0	4	3	7	5	0	0	1	0	0	0	0	
0	0	0	0	0	0	0	0	13	0	0	3	7	0	0	0	0	0	10	0	0	3	2	3	0	0	0	0	
0	0	0	0	0	0	0	0	0	74	163	192	157	109	91	96	100	3	0	0	0	12	0	6	0	0	0	0	
0	0	0	0	0	0	0	0	87	168	228	229	229	255	255	247	246	40	0	2	7	17	0	3	0	0	0	0	
0	0	0	0	0	0	0	0	2	0	4	0	6	78	116	216	255	64	0	1	3	0	2	0	0	0	0	0	
0	0	0	0	0	0	0	0	0	10	1	0	4	6	0	171	246	45	0	0	0	0	1	0	0	0	0	0	
0	0	0	0	0	0	0	0	0	8	0	0	5	0	0	214	214	19	0	0	0	3	0	0	0	0	0	0	
0	0	0	0	0	0	0	0	7	0	0	3	0	6	56	240	172	0	0	0	0	5	0	1	0	0	0	0	
0	0	0	0	0	0	0	0	0	0	1	11	0	7	98	252	122	0	2	0	0	4	0	0	0	0	0	0	
0	0	0	0	0	0	0	0	0	7	0	0	7	0	130	255	69	0	4	0	3	0	0	0	0	0	0	0	
0	0	0	0	0	0	0	0	4	12	0	0	0	0	164	203	20	5	2	0	7	0	2	1	0	0	0	0	
0	0	0	0	0	0	0	0	1	0	4	5	9	40	236	143	0	10	0	0	10	0	5	1	0	0	0	0	
0	0	0	0	0	0	0	0	4	0	0	5	0	108	255	95	0	0	0	0	0	0	0	0	0	0	0	0	
0	0	0	0	0	0	0	0	0	2	16	0	10	139	247	31	0	0	0	0	0	0	0	0	0	0	0	0	
0	0	0	0	0	0	0	0	0	18	0	0	1	199	199	0	0	0	0	0	0	0	0	0	0	0	0	0	
0	0	0	0	0	0	0	0	6	9	0	2	39	241	153	3	0	0	0	0	0	0	0	0	0	0	0	0	
0	0	0	0	0	0	0	0	0	0	11	0	119	247	125	0	0	0	0	0	0	0	0	0	0	0	0	0	
0	0	0	0	0	0	0	0	0	0	14	0	133	254	92	0	0	0	0	0	0	0	0	0	0	0	0	0	
0	0	0	0	0	0	0	0	0	12	0	0	121	253	53	5	0	0	0	0	0	0	0	0	0	0	0	0	
0	0	0	0	0	0	0	0	0	0	0	0	155	232	32	0	0	0	0	0	0	0	0	0	0	0	0	0	
0	0	0	0	0	0	0	0	0	4	0	12	252	237	30	0	0	0	0	0	0	0	0	0	0	0	0	0	
0	0	0	0	0	0	0	0	13	0	10	81	222	130	0	13	0	0	0	0	0	0	0	0	0	0	0	0	
0	0	0	0	0	0	0	0	5	0	3	0	14	9	1	2	0	0	0	0	0	0	0	0	0	0	0	0	
0	0	0	0	0	0	0	0	0	2	19	1	2	0	13	0	0	0	0	0	0	0	0	0	0	0	0	0	
