0	0	0	0	0	0	0	0	1	3	3	3	3	2	0	0	1	1	2	0	0	12	0	0	0	0	0	0	
0	0	0	0	0	0	0	0	0	2	2	0	0	0	6	13	2	0	4	0	0	3	8	4	0	0	0	0	
0	0	0	0	0	0	0	0	7	0	0	0	11	12	1	0	0	0	9	3	10	0	9	0	0	0	0	0	
0	0	0	0	0	0	0	0	0	0	0	0	0	0	0	8	10	0	0	0	0	0	9	0	0	0	0	0	
0	0	0	0	0	0	0	0	1	0	3	10	11	5	1	2	0	0	0	11	2	1	0	0	0	0	0	0	
0	0	0	0	0	0	0	0	4	0	0	2	0	0	0	1	0	11	15	0	0	9	0	6	0	0	0	0	
0	0	0	0	0	0	0	0	0	0	2	0	0	14	76	136	237	233	193	18	0	0	0	2	0	0	0	0	
0	0	0	0	0	0	0	0	9	0	0	60	142	207	243	255	248	255	253	11	6	5	0	0	0	0	0	0	
0	0	0	0	0	0	0	0	0	0	67	255	243	246	252	198	105	253	242	27	0	4	10	0	0	0	0	0	
0	0	0	0	0	0	0	0	3	0	87	246	245	156	31	2	17	231	209	0	11	0	0	4	0	0	0	0	
0	0	0	0	0	0	0	0	1	5	11	10	17	19	0	0	78	243	175	0	7	0	15	0	0	0	0	0	
0	0	0	0	0	0	0	0	0	5	0	12	0	0	20	3	194	255	133	2	2	0	23	0	0	0	0	0	
0	0	0	0	0	0	0	0	3	8	0	11	0	0	0	2	213	247	66	0	10	0	0	14	0	0	0	0	
0	0	0	0	0	0	0	0	0	9	4	0	2	15	0	89	244	160	12	0	1	0	0	8	0	0	0	0	
0	0	0	0	0	0	0	0	6	0	2	5	6	0	20	211	255	66	0	3	0	6	8	0	0	0	0	0	
0	0	0	0	0	0	0	0	3	0	10	0	0	14	153	255	195	13	4	0	10	0	0	7	0	0	0	0	
0	0	0	0	0	0	0	0	0	2	0	2	0	52	240	251	63	23	0	0	5	0	0	2	0	0	0	0	
0	0	0	0	0	0	0	0	0	16	0	0	7	159	255	191	16	0	0	0	4	0	0	2	0	0	0	0	
0	0	0	0	0	0	0	0	13	0	0	0	93	253	255	16	0	0	0	0	2	0	0	0	0	0	0	0	
0	0	0	0	0	0	0	0	2	0	0	18	160	252	183	18	1	4	3	0	0	0	1	1	0	0	0	0	
0	0	0	0	0	0	0	0	0	22	2	141	249	221	13	0	0	0	0	0	0	3	5	1	0	0	0	0	
0	0	0	0	0	0	0	0	6	0	24	199	238	140	0	12	0	0	0	0	2	5	1	0	0	0	0	0	
0	0	0	0	0	0	0	0	0	13	178	255	184	13	0	0	4	3	3	6	5	0	0	0	0	0	0	0	
0	0	0	0	0	0	0	0	0	119	244	247	144	0	0	17	0	0	0	1	0	0	0	7	0	0	0	0	
0	0	0	0	0	0	0	0	25	255	252	193	8	0	4	0	0	0	0	0	0	0	0	0	0	0	0	0	
0	0	0	0	0	0	0	0	14	240	181	20	4	11	4	0	0	0	0	0	0	0	0	0	0	0	0	0	
0	0	0	0	0	0	0	0	5	0	0	0	3	0	17	15	0	0	0	0	0	0	0	0	0	0	0	0	
0	0	0	0	0	0	0	0	5	6	16	2	2	10	6	0	0	0	0	0	0	0	0	0	0	0	0	0	
