0	0	0	0	0	0	0	0	0	0	0	0	0	0	0	0	0	0	0	0	0	0	0	0	0	0	0	0	
0	0	0	0	0	0	0	0	0	0	0	0	0	0	0	0	0	0	0	0	0	0	0	0	0	0	0	0	
0	0	0	0	0	0	0	0	0	0	0	0	0	0	0	0	0	0	0	0	0	0	0	0	0	0	0	0	
0	0	0	0	0	0	0	0	0	0	0	0	0	0	0	0	0	0	0	0	0	0	0	0	0	0	0	0	
0	0	0	0	0	0	0	0	0	0	0	0	0	0	0	0	0	0	0	0	0	0	0	0	0	0	0	0	
0	0	0	0	0	0	0	0	0	0	0	0	0	0	0	0	0	0	0	0	0	0	0	0	0	0	0	0	
0	0	0	0	0	0	0	0	0	0	0	0	0	0	0	0	0	0	0	0	0	0	0	0	0	0	0	0	
0	0	0	0	0	0	0	0	0	0	0	0	0	0	0	0	0	0	0	0	0	0	0	0	0	0	0	0	
0	8	0	0	4	0	150	187	82	80	100	61	5	6	0	4	36	108	193	253	128	37	2	0	0	0	0	0	
0	0	9	6	0	43	223	255	241	233	255	225	214	94	84	216	228	253	253	248	255	64	0	18	0	0	0	0	
13	0	0	3	25	158	245	245	252	255	242	255	248	255	255	250	249	255	243	247	255	78	0	2	0	0	0	0	
0	12	0	0	72	239	251	255	250	244	255	247	249	255	235	253	236	255	255	255	251	74	0	0	0	0	0	0	
0	7	0	7	87	255	253	249	255	172	44	149	145	217	255	255	255	229	253	247	170	0	19	0	0	0	0	0	
8	0	0	5	51	206	255	238	149	1	29	8	0	16	53	5	110	244	255	255	154	13	0	3	0	0	0	0	
10	4	5	0	0	93	249	240	24	0	0	0	12	0	0	16	60	255	242	249	16	3	0	11	0	0	0	0	
0	12	0	0	14	11	106	61	2	0	22	0	0	20	0	0	73	255	247	255	31	11	0	0	0	0	0	0	
0	0	0	0	0	0	0	0	0	0	4	10	0	0	8	0	141	251	246	255	28	2	8	0	0	0	0	0	
0	0	0	0	0	0	0	0	13	2	1	0	0	0	9	35	220	253	247	175	12	0	1	7	0	0	0	0	
0	0	0	0	0	0	0	0	0	0	0	0	9	1	8	89	255	251	255	86	6	1	0	1	0	0	0	0	
0	0	0	0	0	0	0	0	7	12	6	2	8	0	0	132	250	252	252	24	0	6	0	0	0	0	0	0	
0	0	0	0	0	0	0	0	0	0	0	0	5	4	25	241	251	253	185	0	0	0	6	8	0	0	0	0	
0	0	0	0	0	0	0	0	5	9	6	0	0	0	2	249	255	248	112	0	8	0	0	5	0	0	0	0	
0	0	0	0	0	0	0	0	0	0	3	1	6	4	0	254	251	251	92	12	12	0	0	0	0	0	0	0	
0	0	0	0	0	0	0	0	9	0	3	0	0	5	0	255	242	255	105	4	0	0	6	0	0	0	0	0	
0	0	0	0	0	0	0	0	0	1	0	0	3	0	3	253	255	245	117	0	6	0	1	2	0	0	0	0	
0	0	0	0	0	0	0	0	0	1	0	0	3	0	3	253	245	220	16	0	0	0	9	0	0	0	0	0	
0	0	0	0	0	0	0	0	0	1	0	0	3	0	3	253	255	183	0	21	3	4	11	0	0	0	0	0	
0	0	0	0	0	0	0	0	0	1	0	0	3	0	3	253	203	54	0	0	0	0	0	3	0	0	0	0	
