0	0	0	0	0	0	0	0	0	0	0	0	0	0	0	0	0	0	5	0	9	0	0	0	0	0	0	0	
0	0	0	0	0	0	0	0	0	0	0	0	0	0	0	0	0	4	0	0	0	14	8	0	0	0	0	0	
0	0	0	0	0	0	0	0	0	0	0	0	0	0	0	0	0	0	7	6	0	0	2	0	0	0	0	0	
0	0	0	0	0	0	0	0	0	0	0	0	0	0	0	0	14	0	9	0	4	0	5	5	0	0	0	0	
0	0	0	0	0	0	0	0	0	0	0	0	0	0	0	0	0	0	0	0	5	0	0	0	0	0	0	0	
0	0	0	0	0	0	0	0	0	0	0	0	0	0	0	0	0	24	7	0	0	7	0	9	0	0	0	0	
0	0	0	0	0	0	0	0	0	0	0	0	0	0	0	0	0	3	0	0	15	0	0	3	0	0	0	0	
0	0	0	0	0	0	0	0	0	0	0	0	0	0	0	0	6	0	75	118	255	120	43	0	0	0	0	0	
5	3	0	0	0	45	81	196	201	93	90	137	226	220	234	228	213	239	235	254	255	248	201	31	0	13	0	0	
0	0	0	5	14	138	245	255	255	248	249	241	255	254	251	248	255	243	248	255	249	255	246	71	0	1	0	6	
0	11	0	0	8	253	252	252	241	255	254	255	251	249	246	255	246	247	255	249	234	255	207	47	6	0	0	11	
0	16	0	0	4	252	234	250	255	248	241	255	255	255	255	247	248	254	248	253	255	255	106	0	7	5	0	4	
3	2	0	0	0	114	255	254	255	255	255	201	125	133	224	235	255	255	239	255	195	150	18	16	0	1	0	0	
0	0	0	22	0	0	34	9	23	17	28	31	16	74	224	255	249	255	255	205	16	1	0	48	10	0	6	1	
10	2	0	0	0	28	0	20	0	6	14	114	182	225	255	249	240	253	255	214	119	173	217	224	123	0	3	5	
0	0	11	9	0	0	8	0	41	173	200	255	252	255	249	253	255	250	247	254	255	253	250	246	248	8	0	5	
1	4	0	12	0	7	0	37	214	249	252	255	245	247	255	239	254	240	255	255	248	252	255	246	163	22	0	2	
0	12	0	0	1	2	4	191	251	255	255	250	254	247	255	255	252	255	255	244	237	255	240	161	22	0	4	8	
0	5	0	0	9	0	0	209	254	254	234	245	255	247	236	251	122	42	12	40	42	25	21	23	0	0	12	0	
3	0	3	8	0	5	0	71	205	185	158	230	250	252	255	233	36	0	0	1	0	0	0	3	9	0	0	0	
9	0	0	6	0	5	17	0	0	1	60	242	255	255	255	114	0	5	15	1	0	9	8	0	0	0	0	8	
0	10	0	8	0	0	13	0	9	9	108	255	240	241	243	18	10	0	0	0	0	0	0	8	0	13	4	3	
0	2	1	9	9	0	0	3	0	0	185	255	255	253	255	0	0	4	3	0	4	8	1	0	0	6	0	0	
16	0	0	0	0	8	5	0	1	10	254	243	255	251	255	0	0	4	2	0	0	0	0	3	0	3	0	12	
0	0	0	0	0	0	0	0	1	7	243	254	250	255	219	0	0	0	0	0	0	0	0	0	0	0	0	0	
0	0	0	0	0	0	0	0	0	0	152	255	243	227	47	9	0	0	0	0	0	0	0	0	0	0	0	0	
0	0	0	0	0	0	0	0	0	12	52	227	227	103	0	0	0	0	0	0	0	0	0	0	0	0	0	0	
0	0	0	0	0	0	0	0	9	0	7	0	0	4	6	0	0	0	0	0	0	0	0	0	0	0	0	0	
