0	0	0	0	0	0	0	0	0	3	7	3	0	0	0	4	3	0	0	2	2	0	0	1	0	0	0	0	
0	0	0	0	0	0	0	0	12	0	0	0	9	6	1	3	0	1	5	0	0	5	7	7	0	0	0	0	
0	0	0	0	0	0	0	0	0	0	0	2	2	0	0	0	19	0	0	0	9	0	0	0	0	0	0	0	
0	0	0	0	0	0	0	0	0	10	9	0	0	0	8	10	0	5	10	2	0	0	12	5	0	0	0	0	
0	0	0	0	0	0	0	0	0	0	0	4	10	7	0	0	3	9	0	6	5	0	4	0	0	0	0	0	
0	0	0	0	0	0	0	0	8	0	0	8	6	0	1	19	0	6	0	2	0	0	7	0	0	0	0	0	
0	0	0	0	0	0	0	0	0	2	0	0	0	26	83	125	124	219	218	139	41	0	18	0	0	0	0	0	
0	0	0	0	0	0	0	0	3	68	114	126	167	237	255	252	255	255	251	248	147	4	0	7	0	0	0	0	
2	0	3	0	0	48	134	222	226	240	255	252	255	255	249	248	248	255	255	255	246	100	0	0	0	0	0	0	
0	0	8	0	61	198	245	255	255	253	243	255	244	252	254	255	255	254	248	251	252	102	6	2	0	0	0	0	
10	0	13	0	94	255	255	239	244	246	255	255	215	182	195	206	255	251	247	251	255	97	9	2	0	0	0	0	
0	0	6	16	114	243	253	234	218	195	176	74	32	0	20	83	250	250	255	255	249	73	4	0	0	0	0	0	
3	1	0	5	37	68	82	70	0	0	12	0	9	1	0	108	247	253	255	255	203	31	0	0	0	0	0	0	
0	10	0	0	3	0	15	0	8	4	0	9	0	4	0	171	251	255	255	249	142	0	0	2	0	0	0	0	
0	7	0	0	0	0	1	0	0	1	0	5	0	0	78	248	255	254	248	250	105	0	5	0	0	0	0	0	
3	0	4	1	0	0	0	4	0	7	9	0	4	9	169	254	255	252	246	255	96	0	15	0	0	0	0	0	
0	0	0	0	0	0	0	0	0	10	0	5	0	0	243	255	255	247	255	138	4	0	5	0	0	0	0	0	
0	0	0	0	0	0	0	0	0	0	6	9	2	129	251	247	254	244	207	35	0	3	0	2	0	0	0	0	
0	0	0	0	0	0	0	0	0	3	0	0	47	244	255	254	252	255	136	0	0	6	0	5	0	0	0	0	
0	0	0	0	0	0	0	0	4	5	0	10	181	239	255	251	251	240	53	7	0	3	0	3	0	0	0	0	
0	0	0	0	0	0	0	0	3	0	8	153	250	248	241	252	255	132	0	17	0	2	0	2	0	0	0	0	
0	0	0	0	0	0	0	0	3	0	64	255	240	255	247	255	245	33	0	0	0	7	0	4	0	0	0	0	
0	0	0	0	0	0	0	0	7	14	185	242	255	243	255	217	140	5	12	0	5	7	0	4	0	0	0	0	
0	0	0	0	0	0	0	0	0	134	241	255	252	255	244	154	0	10	0	1	5	0	0	2	0	0	0	0	
0	0	0	0	0	0	0	0	7	177	246	247	255	250	116	8	0	0	0	0	0	0	0	0	0	0	0	0	
0	0	0	0	0	0	0	0	0	103	201	252	211	116	11	0	0	0	0	0	0	0	0	0	0	0	0	0	
0	0	0	0	0	0	0	0	9	5	0	5	4	0	0	13	0	0	0	0	0	0	0	0	0	0	0	0	
0	0	0	0	0	0	0	0	0	1	0	0	0	8	6	0	0	0	0	0	0	0	0	0	0	0	0	0	
