0	0	0	0	0	0	0	0	3	12	0	18	0	0	2	7	0	0	0	0	0	0	0	0	0	0	0	0	
0	0	0	0	0	0	0	0	0	8	0	0	0	5	5	0	0	0	0	0	0	0	0	0	0	0	0	0	
0	0	0	0	0	0	0	0	2	0	0	0	5	1	0	2	0	0	0	0	0	0	0	0	0	0	0	0	
0	0	0	0	0	0	0	0	3	0	0	5	5	0	0	6	0	0	0	0	0	0	0	0	0	0	0	0	
0	0	0	0	0	0	0	0	0	13	0	0	0	2	8	0	0	0	0	0	0	0	0	0	0	0	0	0	
0	0	0	0	0	0	0	0	0	0	0	1	6	0	0	0	0	0	0	0	0	0	0	0	0	0	0	0	
0	0	0	0	0	0	0	0	2	14	100	12	8	0	0	9	0	0	0	0	0	0	0	0	0	0	0	0	
0	0	0	0	0	0	0	0	10	96	253	18	0	8	8	0	0	0	0	0	0	0	0	0	0	0	0	0	
0	0	0	0	0	0	0	0	52	250	145	3	0	0	13	0	0	0	8	0	17	3	0	0	0	0	0	0	
0	0	0	0	0	0	0	0	95	253	82	18	0	0	0	99	179	191	206	55	0	0	15	16	0	0	0	0	
0	0	0	0	0	0	0	0	0	224	255	213	167	185	241	252	255	177	237	82	1	6	0	0	0	0	0	0	
0	0	0	0	0	0	0	0	0	34	141	211	255	166	165	94	0	1	255	77	9	9	0	0	0	0	0	0	
0	0	0	0	0	0	0	0	0	16	0	0	5	0	3	0	4	11	251	0	0	0	3	0	0	0	0	0	
0	0	0	0	0	0	0	0	3	0	0	5	4	7	2	1	0	98	244	15	13	0	6	9	0	0	0	0	
0	0	0	0	0	0	0	0	15	0	14	5	0	0	7	0	5	235	161	0	0	0	12	0	0	0	0	0	
0	0	0	0	0	0	0	0	0	12	8	0	3	11	0	8	24	255	16	1	10	0	0	0	0	0	0	0	
0	0	0	0	0	0	0	0	3	0	0	14	0	0	0	2	189	239	12	3	0	13	1	0	0	0	0	0	
0	0	0	0	0	0	0	0	7	0	0	3	3	13	6	0	233	142	0	1	1	0	0	4	0	0	0	0	
0	0	0	0	0	0	0	0	3	0	5	0	0	0	6	49	255	48	0	0	8	0	0	8	0	0	0	0	
0	0	0	0	0	0	0	0	0	0	12	0	1	3	3	146	243	11	8	0	3	0	8	0	0	0	0	0	
0	0	0	0	0	0	0	0	0	0	3	0	11	4	0	179	158	8	4	0	0	0	5	0	0	0	0	0	
0	0	0	0	0	0	0	0	7	2	0	0	0	0	16	221	74	8	0	5	4	0	0	0	0	0	0	0	
0	0	0	0	0	0	0	0	0	0	4	0	0	5	140	250	26	4	0	10	7	0	1	6	0	0	0	0	
0	0	0	0	0	0	0	0	4	0	0	0	1	0	173	144	5	0	0	2	0	0	5	0	0	0	0	0	
0	0	0	0	0	0	0	0	13	0	9	0	0	27	255	56	0	0	0	0	0	0	0	0	0	0	0	0	
0	0	0	0	0	0	0	0	0	21	5	0	22	160	238	6	0	0	0	0	0	0	0	0	0	0	0	0	
0	0	0	0	0	0	0	0	1	0	0	25	0	0	0	0	0	0	0	0	0	0	0	0	0	0	0	0	
0	0	0	0	0	0	0	0	7	0	0	0	4	13	11	0	0	0	0	0	0	0	0	0	0	0	0	0	
