0	0	0	0	0	0	0	0	5	0	1	0	0	2	9	0	0	0	0	0	0	0	0	0	0	0	0	0	
0	0	0	0	0	0	0	0	0	0	0	3	7	0	0	5	0	0	0	0	0	0	0	0	0	0	0	0	
0	0	0	0	0	0	0	0	0	5	0	1	9	0	0	4	0	0	0	0	0	0	0	0	0	0	0	0	
0	0	0	0	0	0	0	0	0	5	3	0	0	5	6	8	0	0	0	0	0	0	0	0	0	0	0	0	
0	0	0	0	0	0	0	0	7	0	0	3	0	0	1	0	0	0	0	0	0	0	0	0	0	0	0	0	
0	0	0	0	0	0	0	0	0	0	0	15	7	2	9	9	0	0	0	0	0	0	0	0	0	0	0	0	
0	0	0	0	0	0	0	0	0	21	12	0	0	0	0	1	0	0	0	0	0	0	0	0	0	0	0	0	
0	0	0	0	0	0	0	0	146	226	166	50	38	35	0	0	0	0	0	0	0	0	0	0	0	0	0	0	
0	0	0	0	0	0	0	0	135	251	255	252	249	220	204	90	85	88	1	0	21	0	0	8	0	0	0	0	
0	0	0	0	0	0	0	0	119	255	233	254	255	243	255	252	255	251	72	0	0	0	3	0	0	0	0	0	
0	0	0	0	0	0	0	0	138	255	247	249	249	255	249	252	250	245	68	2	8	1	11	0	0	0	0	0	
0	0	0	0	0	0	0	0	124	241	239	38	108	207	160	255	243	255	124	8	5	0	0	0	0	0	0	0	
0	0	0	0	0	0	0	0	32	213	228	0	0	0	59	20	169	250	178	0	0	2	9	0	0	0	0	0	
0	0	0	0	0	0	0	0	0	135	244	0	14	0	0	18	153	248	192	21	14	5	0	0	0	0	0	0	
0	0	0	0	0	0	0	0	0	16	134	8	0	3	1	0	166	225	93	0	0	0	0	9	0	0	0	0	
0	0	0	0	0	0	0	0	4	0	38	2	0	1	4	13	211	255	62	0	1	4	10	0	0	0	0	0	
0	0	0	0	0	0	0	0	0	0	0	2	4	0	2	16	241	245	69	0	6	0	1	0	0	0	0	0	
0	0	0	0	0	0	0	0	0	1	10	1	0	0	10	49	246	249	71	0	5	0	0	0	0	0	0	0	
0	0	0	0	0	0	0	0	0	0	2	0	0	0	0	37	253	254	74	0	4	0	0	0	0	0	0	0	
0	0	0	0	0	0	0	0	0	0	0	0	5	9	0	54	255	255	74	0	3	0	0	0	0	0	0	0	
0	0	0	0	0	0	0	0	0	8	7	0	0	4	8	124	255	255	74	0	3	0	2	2	0	0	0	0	
0	0	0	0	0	0	0	0	0	6	0	0	0	0	0	144	253	254	73	0	4	0	3	3	0	0	0	0	
0	0	0	0	0	0	0	0	0	0	0	0	2	0	0	154	252	254	73	0	4	0	1	1	0	0	0	0	
0	0	0	0	0	0	0	0	0	5	0	4	0	0	5	215	253	254	74	0	4	0	0	0	0	0	0	0	
0	0	0	0	0	0	0	0	5	0	6	0	0	9	0	249	255	255	77	0	0	0	3	2	0	0	0	0	
0	0	0	0	0	0	0	0	0	0	14	2	0	0	12	241	246	180	25	4	8	0	0	0	0	0	0	0	
0	0	0	0	0	0	0	0	1	0	0	4	0	7	0	124	254	117	0	0	0	0	3	0	0	0	0	0	
0	0	0	0	0	0	0	0	6	0	0	4	9	13	0	5	0	0	0	19	0	0	0	1	0	0	0	0	
