0	0	0	0	0	0	0	0	2	0	0	3	0	0	2	4	0	1	4	1	0	2	0	0	0	0	0	0	
0	0	0	0	0	0	0	0	1	0	1	0	2	0	0	0	1	0	0	0	0	0	5	7	0	0	0	0	
0	0	0	0	0	0	0	0	0	3	8	0	10	0	2	0	9	6	5	5	4	0	0	0	0	0	0	0	
0	0	0	0	0	0	0	0	0	0	4	0	11	0	5	1	0	0	0	1	3	0	0	2	0	0	0	0	
0	0	0	0	0	0	0	0	6	5	7	0	5	0	0	0	8	4	1	1	0	0	1	5	0	0	0	0	
0	0	0	0	0	0	0	0	4	0	0	6	1	7	12	7	0	0	2	1	1	2	0	0	0	0	0	0	
0	0	0	0	0	0	0	0	16	0	0	17	0	0	1	0	0	7	4	0	0	2	4	0	0	0	0	0	
0	0	0	0	0	0	0	0	2	0	21	121	126	202	244	255	129	115	70	13	0	0	4	0	0	0	0	0	
0	0	0	0	0	0	0	0	0	13	57	236	255	255	248	255	254	255	252	0	4	2	0	0	0	0	0	0	
0	0	0	0	0	0	0	0	0	0	151	255	241	254	255	250	248	255	255	0	2	2	0	0	0	0	0	0	
0	0	0	0	0	0	0	0	7	0	0	136	135	255	241	251	255	255	255	0	2	2	0	0	0	0	0	0	
0	0	0	0	0	0	0	0	10	12	1	1	2	0	9	11	255	255	245	0	2	2	0	0	0	0	0	0	
0	0	0	0	0	0	0	0	0	0	0	0	5	9	9	0	253	248	196	0	3	4	1	3	0	0	0	0	
0	0	0	0	0	0	0	0	12	0	22	0	6	0	0	133	255	244	135	2	6	2	0	1	0	0	0	0	
0	0	0	0	0	0	0	0	0	4	0	19	0	6	1	255	255	231	68	1	6	0	0	0	0	0	0	0	
0	0	0	0	0	0	0	0	7	0	19	0	9	0	126	255	245	202	8	0	0	0	2	5	0	0	0	0	
0	0	0	0	0	0	0	0	0	10	0	9	0	3	201	252	255	107	12	1	3	5	0	0	0	0	0	0	
0	0	0	0	0	0	0	0	13	2	0	0	0	135	239	255	166	47	0	0	0	1	0	0	0	0	0	0	
0	0	0	0	0	0	0	0	0	0	4	7	0	241	255	255	63	0	0	0	0	3	0	2	0	0	0	0	
0	0	0	0	0	0	0	0	4	7	3	4	11	255	255	239	14	0	0	8	4	5	0	0	0	0	0	0	
0	0	0	0	0	0	0	0	0	0	0	0	117	254	244	83	2	0	7	5	0	2	0	0	0	0	0	0	
0	0	0	0	0	0	0	0	2	7	18	60	255	255	235	0	2	0	5	0	0	3	0	2	0	0	0	0	
0	0	0	0	0	0	0	0	0	0	0	126	247	252	124	1	0	0	4	0	0	6	0	8	0	0	0	0	
0	0	0	0	0	0	0	0	0	8	0	255	251	255	2	2	0	0	3	0	0	3	0	5	0	0	0	0	
0	0	0	0	0	0	0	0	0	1	1	63	246	254	3	0	0	0	0	0	0	0	0	0	0	0	0	0	
0	0	0	0	0	0	0	0	0	2	6	52	255	186	0	0	0	0	0	0	0	0	0	0	0	0	0	0	
0	0	0	0	0	0	0	0	0	0	0	12	181	68	2	0	0	0	0	0	0	0	0	0	0	0	0	0	
0	0	0	0	0	0	0	0	0	0	0	0	20	0	15	0	0	0	0	0	0	0	0	0	0	0	0	0	
