0	4	0	0	7	3	0	0	0	4	9	0	0	5	6	0	0	5	0	3	0	6	0	4	0	0	0	0	
2	3	0	0	0	0	4	9	22	0	0	0	4	0	0	0	0	0	1	1	0	12	0	0	0	0	0	0	
0	0	0	7	0	0	0	0	0	0	8	8	3	0	1	3	6	0	15	0	0	0	0	12	0	0	0	0	
13	0	3	8	1	1	0	0	4	6	0	0	0	4	5	0	9	0	3	1	5	10	0	0	0	0	0	0	
0	0	0	0	0	3	2	15	0	0	2	12	6	0	0	11	4	1	4	3	0	0	0	12	0	0	0	0	
2	7	21	0	2	10	0	0	0	2	0	0	0	0	0	0	0	9	0	11	3	0	0	4	0	0	0	0	
0	0	0	0	22	48	0	1	7	2	0	14	118	240	255	248	255	211	8	0	0	7	3	0	0	0	0	0	
3	2	0	9	136	232	204	212	207	213	209	204	223	252	255	245	255	221	0	0	0	0	3	2	0	0	0	0	
0	0	0	7	145	255	247	255	247	254	245	255	249	251	255	255	250	216	12	0	2	0	0	0	0	0	0	0	
1	10	7	0	37	126	176	255	252	255	241	235	217	142	203	248	255	216	0	3	0	13	0	14	0	0	0	0	
0	0	14	0	0	0	0	42	28	162	165	48	0	1	128	255	253	226	53	0	0	0	4	0	0	0	0	0	
2	0	0	9	14	16	0	0	4	0	0	0	2	1	2	253	249	248	127	0	13	0	16	0	0	0	0	0	
19	0	1	0	0	0	0	0	0	14	19	0	3	19	0	255	255	249	115	10	0	0	0	5	0	0	0	0	
0	0	11	9	0	4	11	7	0	10	0	0	8	0	27	255	251	255	158	11	1	0	0	0	0	0	0	0	
2	3	0	0	0	0	0	0	0	5	0	6	17	0	27	241	248	255	207	12	15	2	16	0	0	0	0	0	
0	1	0	3	8	0	0	4	12	0	0	4	0	10	14	254	255	244	139	2	0	8	0	4	0	0	0	0	
7	0	5	7	0	4	9	0	2	6	0	8	0	13	26	239	254	253	119	0	0	4	0	1	0	0	0	0	
10	0	0	1	4	0	0	16	55	63	53	63	78	178	194	255	254	253	119	0	0	4	0	1	0	0	0	0	
0	2	1	0	8	0	14	115	255	245	249	255	236	249	255	253	254	253	119	0	0	4	0	1	0	0	0	0	
0	14	12	0	2	0	9	111	250	253	255	255	254	250	255	229	254	253	119	0	0	4	0	1	0	0	0	0	
4	0	0	0	5	0	0	14	32	33	51	97	93	38	172	255	254	253	119	0	0	4	0	1	0	0	0	0	
0	0	0	1	0	9	0	0	0	13	0	0	8	13	163	240	254	253	119	0	0	4	0	1	0	0	0	0	
11	4	13	2	0	0	0	6	0	1	0	7	4	0	156	255	254	253	119	0	0	4	0	1	0	0	0	0	
0	0	0	0	7	5	0	9	5	0	0	2	0	9	166	245	254	253	119	0	0	4	0	1	0	0	0	0	
0	0	0	0	0	0	0	0	0	0	3	5	0	15	125	255	254	241	105	2	0	2	3	0	0	0	0	0	
0	0	0	0	0	0	0	0	4	5	0	6	8	0	48	245	249	151	6	0	10	0	0	4	0	0	0	0	
0	0	0	0	0	0	0	0	0	7	0	0	0	1	0	6	1	0	0	6	21	0	0	5	0	0	0	0	
0	0	0	0	0	0	0	0	2	0	2	6	0	0	0	0	0	9	7	0	0	0	5	0	0	0	0	0	
