0	0	0	0	0	0	0	0	0	0	6	7	1	0	0	0	0	3	0	0	0	0	0	4	0	0	0	0	
0	0	0	0	0	0	0	0	1	5	0	0	0	8	14	8	0	2	0	0	11	11	0	0	0	0	0	0	
0	0	0	0	0	0	0	0	3	0	0	5	5	0	0	0	0	8	7	0	0	0	1	14	0	0	0	0	
0	0	0	0	0	0	0	0	0	0	0	3	2	0	2	11	0	0	0	0	10	7	0	0	0	0	0	0	
0	0	0	0	0	0	0	0	0	4	5	0	0	7	5	0	5	5	0	2	5	0	0	4	0	0	0	0	
0	0	0	0	0	0	0	0	13	0	0	5	7	0	0	2	0	0	1	0	1	0	0	0	0	0	0	0	
0	0	0	0	0	0	0	0	0	3	51	113	145	162	209	255	255	223	117	13	0	6	10	0	0	0	0	0	
0	0	0	0	0	0	0	0	0	125	236	255	248	255	255	248	238	255	226	90	0	0	3	0	0	0	0	0	
0	0	0	0	0	0	0	0	0	230	248	250	255	221	200	212	254	243	255	104	0	9	0	5	0	0	0	0	
0	0	0	0	0	0	0	0	0	66	151	89	62	29	0	0	155	254	252	98	18	0	9	0	0	0	0	0	
0	0	0	0	0	0	0	0	0	0	2	12	0	2	0	40	239	255	224	0	8	3	3	3	0	0	0	0	
0	0	0	0	0	0	0	0	0	20	0	17	1	1	12	128	235	255	81	13	0	11	0	0	0	0	0	0	
0	0	0	0	0	0	0	0	0	0	13	0	0	0	61	250	255	194	16	8	5	0	12	2	0	0	0	0	
0	0	0	0	0	0	0	0	11	0	3	0	0	11	140	255	237	105	3	56	6	4	0	7	0	0	0	0	
0	0	0	0	0	0	0	0	0	4	82	155	127	163	247	254	255	250	246	255	169	0	24	0	0	0	0	0	
0	0	0	0	0	0	0	0	13	26	249	248	250	255	255	249	252	243	255	248	101	0	1	2	0	0	0	0	
0	0	0	0	0	0	0	0	0	55	247	255	238	255	254	241	193	113	91	50	0	0	4	0	0	0	0	0	
0	0	0	0	0	0	0	0	0	16	147	209	227	230	255	169	20	0	3	6	0	7	8	0	0	0	0	0	
0	0	0	0	0	0	0	0	7	0	0	9	192	255	229	0	0	0	0	3	0	5	1	0	0	0	0	0	
0	0	0	0	0	0	0	0	4	5	8	18	217	255	148	16	12	10	7	1	1	0	0	5	0	0	0	0	
0	0	0	0	0	0	0	0	0	2	0	118	252	255	68	1	0	0	0	0	3	0	0	3	0	0	0	0	
0	0	0	0	0	0	0	0	0	7	0	234	243	226	47	0	0	11	0	0	3	0	2	0	0	0	0	0	
0	0	0	0	0	0	0	0	16	0	50	255	252	139	0	6	0	8	0	0	0	0	11	1	0	0	0	0	
0	0	0	0	0	0	0	0	0	25	208	240	255	106	0	5	0	5	0	6	2	0	9	0	0	0	0	0	
0	0	0	0	0	0	0	0	0	59	253	255	247	42	6	0	0	0	0	0	0	0	0	0	0	0	0	0	
0	0	0	0	0	0	0	0	6	12	86	240	216	8	0	11	0	0	0	0	0	0	0	0	0	0	0	0	
0	0	0	0	0	0	0	0	0	10	0	5	0	8	1	0	0	0	0	0	0	0	0	0	0	0	0	0	
0	0	0	0	0	0	0	0	9	0	7	0	8	4	0	4	0	0	0	0	0	0	0	0	0	0	0	0	
