0	0	0	0	0	0	0	0	5	0	1	2	0	8	4	1	0	0	0	0	7	8	1	0	0	0	0	0	
0	0	0	0	0	0	0	0	0	7	0	9	0	0	0	0	4	5	3	0	0	0	0	5	0	0	0	0	
0	0	0	0	0	0	0	0	1	13	0	0	0	4	4	4	0	0	2	1	0	0	0	3	0	0	0	0	
0	0	0	0	0	0	0	0	0	7	0	7	1	8	0	0	3	0	0	3	7	5	0	0	0	0	0	0	
0	0	0	0	0	0	0	0	1	1	7	1	0	10	0	22	11	4	0	1	1	0	0	3	0	0	0	0	
0	0	0	0	0	0	0	0	10	0	2	0	0	0	0	0	0	0	0	5	0	0	0	4	0	0	0	0	
0	0	0	0	0	0	0	0	0	0	0	13	10	0	36	0	15	3	0	2	5	0	0	3	0	0	0	0	
0	0	0	0	0	0	0	0	0	12	0	0	0	12	224	249	104	52	0	0	0	9	10	10	0	0	0	0	
0	0	0	0	0	0	0	0	0	8	3	0	17	121	255	247	254	243	243	173	153	187	244	49	0	0	0	0	
0	0	0	0	0	0	0	0	20	0	0	17	150	255	228	255	219	239	246	250	255	248	237	44	0	0	0	0	
0	0	0	0	0	0	0	0	0	12	45	166	255	255	197	46	15	0	136	249	244	228	88	30	0	0	0	0	
0	0	0	0	0	0	0	0	0	6	133	244	254	208	0	0	0	20	219	255	212	39	13	0	0	0	0	0	
0	0	0	0	0	0	0	0	8	62	250	255	217	26	0	5	6	176	255	193	58	0	5	2	0	0	0	0	
0	0	0	0	0	0	0	0	0	77	210	226	32	0	0	1	151	255	213	33	0	2	0	8	0	0	0	0	
0	0	0	0	0	0	0	0	0	7	16	34	0	0	6	115	254	246	44	7	1	3	1	0	0	0	0	0	
0	0	0	0	0	0	0	0	2	0	0	0	6	5	144	249	243	84	4	0	10	0	6	0	0	0	0	0	
0	4	3	0	1	1	0	0	3	0	5	0	0	90	255	247	55	20	0	0	4	0	0	3	0	0	0	0	
7	0	0	0	0	1	3	6	0	10	0	0	74	245	245	40	10	0	0	1	5	0	0	4	0	0	0	0	
4	0	0	9	2	0	0	0	10	0	1	82	241	235	115	0	0	0	0	5	4	0	0	1	0	0	0	0	
0	0	9	13	0	0	0	0	0	5	43	213	250	172	1	5	1	6	7	2	0	0	0	0	0	0	0	0	
2	2	2	0	0	1	8	5	0	11	182	255	167	11	0	5	0	0	0	0	0	1	3	0	0	0	0	0	
2	4	0	0	5	3	0	0	34	184	255	197	0	0	16	0	0	0	0	0	1	3	0	0	0	0	0	0	
0	5	0	0	14	0	0	30	191	255	192	50	19	0	11	0	4	2	2	4	5	1	0	0	0	0	0	0	
0	9	0	0	6	0	19	126	245	255	120	0	0	0	4	0	1	0	0	0	0	0	1	10	0	0	0	0	
1	9	0	0	6	3	68	240	255	107	2	0	0	0	2	0	4	0	0	9	9	0	0	0	0	0	0	0	
0	0	4	5	10	0	189	248	173	58	0	0	0	0	3	0	6	0	0	0	0	0	2	19	0	0	0	0	
10	0	0	0	0	2	238	237	68	8	0	2	2	0	3	0	0	0	0	2	1	7	32	58	0	0	0	0	
0	0	16	5	0	0	15	0	9	0	0	6	3	0	2	0	0	2	5	4	0	0	2	17	0	0	0	0	
