3	1	0	5	0	0	15	0	0	10	0	3	0	9	0	0	0	6	6	0	0	5	4	0	0	0	0	0	
0	0	0	4	0	0	2	0	8	2	0	4	0	0	0	18	0	0	0	0	0	0	1	8	0	0	0	0	
3	0	1	0	0	0	0	9	0	5	1	3	1	11	0	0	3	2	5	8	4	0	0	0	0	0	0	0	
0	0	5	4	7	7	0	0	8	4	0	0	0	0	0	7	0	0	0	0	4	6	2	0	0	0	0	0	
7	0	0	0	0	1	3	3	0	1	5	0	2	11	10	4	0	5	3	0	0	3	4	0	0	0	0	0	
0	1	5	10	0	0	18	0	5	11	11	0	0	0	0	0	0	0	6	4	1	0	0	0	0	0	0	0	
5	5	0	0	4	93	240	252	255	229	244	255	240	99	33	47	52	16	0	0	3	1	0	4	0	0	0	0	
0	8	0	6	0	82	250	249	250	255	255	241	255	242	252	255	246	131	25	0	4	0	0	4	0	0	0	0	
1	1	3	0	138	164	251	250	254	243	249	249	255	237	255	246	253	240	161	0	0	0	10	0	0	0	0	0	
5	0	5	3	255	235	241	249	249	255	255	245	244	249	255	247	250	248	245	0	16	7	0	0	0	0	0	0	
0	11	0	8	62	255	255	251	252	203	108	254	247	255	251	251	255	243	255	5	0	0	2	2	0	0	0	0	
0	0	20	0	8	0	96	202	253	15	120	247	250	255	255	246	237	255	254	211	38	19	33	14	0	0	0	0	
4	12	0	0	0	8	14	0	140	92	237	251	255	244	243	255	255	231	255	255	251	158	205	93	0	0	0	0	
0	26	0	0	16	0	0	0	103	255	248	254	253	243	244	255	242	250	251	254	255	250	255	255	0	0	0	0	
10	0	0	13	0	0	15	6	219	230	255	241	232	250	255	239	252	253	255	230	249	255	230	250	0	0	0	0	
0	7	0	1	0	10	11	124	237	255	244	254	255	251	244	254	251	244	253	255	241	252	242	255	0	0	0	0	
9	0	8	0	6	0	7	170	255	252	250	253	250	255	255	243	255	243	255	255	255	249	255	214	0	0	0	0	
7	0	5	0	1	0	0	100	236	244	253	255	254	244	255	254	242	250	255	165	158	175	167	22	0	0	0	0	
3	0	1	0	0	2	0	22	106	129	167	231	255	246	252	252	243	255	151	0	0	0	0	6	0	0	0	0	
0	1	0	0	0	3	4	0	0	4	43	163	252	255	255	247	255	136	16	3	0	7	0	12	0	0	0	0	
0	0	0	7	0	0	9	0	2	0	0	127	244	255	255	252	235	79	0	17	0	6	0	2	0	0	0	0	
0	0	1	7	0	0	3	0	14	3	0	131	248	250	255	250	244	79	0	0	11	7	3	8	0	0	0	0	
0	0	2	0	0	0	0	1	0	0	0	135	253	247	252	246	123	0	16	16	0	0	10	0	0	0	0	0	
0	0	3	0	1	10	0	0	1	3	0	127	250	247	255	250	126	13	0	0	13	13	0	2	0	0	0	0	
0	0	0	0	0	0	0	0	0	2	2	47	78	86	255	241	117	16	0	10	0	0	7	0	0	0	0	0	
0	0	0	0	0	0	0	0	9	0	0	4	0	0	60	43	37	0	0	8	0	0	9	2	0	0	0	0	
0	0	0	0	0	0	0	0	2	0	3	0	0	0	0	0	0	0	2	5	0	0	5	0	0	0	0	0	
0	0	0	0	0	0	0	0	1	0	4	6	2	19	0	10	2	6	1	0	2	4	0	0	0	0	0	0	
