0	4	0	0	0	11	0	5	11	0	0	0	0	0	5	2	0	3	3	11	0	0	10	0	0	0	0	0	
0	7	0	10	0	0	2	0	0	4	6	8	0	3	0	0	1	0	0	0	1	0	1	11	0	0	0	0	
0	2	0	11	0	0	16	0	0	7	0	2	0	14	0	4	4	9	5	0	7	3	0	4	0	0	0	0	
9	6	1	4	1	4	1	0	8	0	0	0	7	0	0	8	0	0	8	0	0	11	0	0	0	0	0	0	
0	0	0	0	7	4	0	11	0	0	9	3	6	0	0	0	11	0	9	4	0	3	11	0	0	0	0	0	
5	3	12	0	10	0	0	9	5	0	1	0	0	10	17	0	0	0	0	14	5	0	7	0	0	0	0	0	
0	0	0	0	0	0	32	0	2	0	0	27	0	1	0	0	0	30	0	0	9	0	6	0	0	0	0	0	
2	5	1	65	99	133	234	119	103	112	147	235	105	81	63	109	107	182	67	0	8	0	6	0	0	0	0	0	
0	0	165	227	252	249	255	252	255	251	243	255	244	241	243	250	255	255	226	160	0	8	0	8	0	0	0	0	
0	1	103	253	255	255	247	255	253	255	255	252	253	247	255	246	252	255	250	203	1	0	0	3	0	0	0	0	
0	2	37	212	238	240	248	255	255	248	248	187	202	193	247	255	255	252	255	210	1	0	9	0	0	0	0	0	
5	1	0	46	78	54	76	54	63	56	68	29	40	11	63	135	255	243	255	149	0	0	11	0	0	0	0	0	
2	0	0	0	9	0	15	0	0	0	4	0	7	0	12	112	255	243	255	70	0	4	1	1	0	0	0	0	
9	0	10	3	1	1	0	0	4	9	0	0	0	4	0	111	251	253	248	26	4	1	0	5	0	0	0	0	
0	0	0	14	0	8	0	4	0	3	0	9	9	3	0	139	253	255	194	11	3	0	0	0	0	0	0	0	
8	0	1	0	0	0	7	0	5	0	0	5	2	0	28	243	255	248	132	4	0	0	14	0	0	0	0	0	
0	0	0	0	0	0	0	0	1	9	5	0	0	0	24	252	255	255	138	6	0	0	0	5	0	0	0	0	
0	0	0	0	0	0	0	0	0	0	0	2	11	5	7	153	241	255	220	34	8	0	15	0	0	0	0	0	
0	0	0	0	0	0	0	0	10	1	14	6	0	0	4	127	255	249	254	44	2	0	22	0	0	0	0	0	
0	0	0	0	0	0	0	0	0	0	0	0	4	10	0	107	255	247	245	53	0	0	1	1	0	0	0	0	
0	0	0	0	0	0	0	0	9	14	3	0	7	0	0	141	249	250	255	55	3	0	0	12	0	0	0	0	
0	0	0	0	0	0	0	0	0	4	1	0	6	5	33	237	247	252	255	28	8	0	0	0	0	0	0	0	
0	0	0	0	0	0	0	0	9	3	0	0	15	5	0	133	255	249	249	49	4	0	10	0	0	0	0	0	
0	0	0	0	0	0	0	0	4	0	4	4	0	0	3	127	251	248	255	128	6	0	1	0	0	0	0	0	
0	0	0	0	0	0	0	0	4	0	3	0	9	0	2	123	255	255	253	203	0	0	12	0	0	0	0	0	
0	0	0	0	0	0	0	0	0	0	6	0	4	2	0	77	251	245	221	166	3	0	1	0	0	0	0	0	
0	0	0	0	0	0	0	0	0	0	9	0	0	7	0	22	120	255	153	0	0	31	0	3	0	0	0	0	
0	0	0	0	0	0	0	0	0	0	8	0	0	5	0	0	7	0	0	11	0	0	5	7	0	0	0	0	
