0	0	0	0	0	0	0	0	0	0	0	0	0	0	0	0	12	0	0	2	0	0	5	0	0	0	0	0	
0	0	0	0	0	0	0	0	0	0	0	0	0	0	0	0	0	5	8	0	0	1	1	0	0	0	0	0	
0	0	0	0	0	0	0	0	0	0	0	0	0	0	0	0	0	7	0	0	10	2	0	0	0	0	0	0	
0	0	0	0	0	0	0	0	0	0	0	0	0	0	0	0	0	0	0	0	2	0	0	4	0	0	0	0	
0	0	0	0	0	0	0	0	0	0	0	0	0	0	0	0	10	6	15	9	0	0	9	0	0	0	0	0	
0	0	0	0	0	0	0	0	0	0	0	0	0	0	0	0	0	0	0	3	2	1	2	0	0	0	0	0	
0	0	0	0	0	0	0	0	0	0	0	0	0	0	0	0	0	20	11	0	0	4	0	8	0	0	0	0	
0	0	0	0	0	0	0	0	0	0	0	0	0	0	0	0	59	214	186	24	0	7	0	0	0	0	0	0	
18	0	0	25	100	211	143	95	12	27	18	11	52	125	188	225	255	242	235	55	0	0	7	0	0	0	0	0	
0	16	12	0	26	211	252	254	255	253	252	255	255	243	238	255	247	255	249	48	9	1	0	0	0	0	0	0	
21	0	0	15	0	18	60	173	225	213	210	217	198	142	107	115	31	235	249	1	0	10	7	0	0	0	0	0	
0	2	13	7	0	0	0	3	0	0	0	1	7	1	0	1	98	255	221	0	6	3	0	1	0	0	0	0	
0	0	0	5	7	17	2	8	2	15	9	0	0	1	0	0	164	255	160	0	2	0	3	1	0	0	0	0	
2	6	1	0	0	0	0	0	0	0	0	0	5	1	10	34	218	255	134	10	0	0	7	0	0	0	0	0	
0	0	5	15	10	0	2	9	12	1	0	0	0	0	2	40	255	238	25	0	8	0	2	11	0	0	0	0	
5	5	0	0	0	0	4	0	0	0	0	3	3	0	8	39	247	255	40	1	6	2	0	0	0	0	0	0	
0	0	0	0	0	0	0	0	1	0	6	0	2	7	8	40	253	255	33	4	3	0	0	3	0	0	0	0	
0	0	0	0	0	0	0	0	5	0	7	0	0	0	0	34	255	250	29	2	1	0	0	0	0	0	0	0	
0	0	0	0	0	0	0	0	0	0	6	0	0	0	0	67	247	217	13	0	0	1	0	2	0	0	0	0	
0	0	0	0	0	0	0	0	0	0	4	2	4	5	6	118	252	189	7	0	0	2	1	0	0	0	0	0	
0	0	0	0	0	0	0	0	2	0	2	0	0	0	2	156	255	169	11	2	0	2	0	0	0	0	0	0	
0	0	0	0	0	0	0	0	3	1	0	0	0	0	3	195	255	132	2	1	0	2	1	0	0	0	0	0	
0	0	0	0	0	0	0	0	0	0	0	3	1	2	7	228	242	100	0	1	0	1	4	0	0	0	0	0	
0	0	0	0	0	0	0	0	0	1	0	5	0	0	0	234	252	100	3	10	0	1	1	0	0	0	0	0	
0	0	0	0	0	0	0	0	5	0	2	12	0	0	4	236	255	83	4	6	0	0	1	0	0	0	0	0	
0	0	0	0	0	0	0	0	0	0	0	0	0	8	20	193	255	171	4	0	16	0	4	2	0	0	0	0	
0	0	0	0	0	0	0	0	0	13	0	6	0	0	0	64	213	22	4	25	0	0	1	1	0	0	0	0	
0	0	0	0	0	0	0	0	0	7	0	10	0	2	0	0	9	14	0	0	18	0	0	5	0	0	0	0	
