0	0	0	0	0	0	0	0	0	0	0	0	0	0	0	0	0	3	6	0	0	0	2	3	0	0	0	0	
0	0	0	0	0	0	0	0	0	0	0	0	0	0	0	0	0	0	11	7	15	5	2	0	0	0	0	0	
0	0	0	0	0	0	0	0	0	0	0	0	0	0	0	0	14	0	0	0	5	0	1	0	0	0	0	0	
0	0	0	0	0	0	0	0	0	0	0	0	0	0	0	0	0	0	18	4	11	0	0	10	0	0	0	0	
0	0	0	0	0	0	0	0	0	0	0	0	0	0	0	0	2	0	0	0	5	0	6	0	0	0	0	0	
0	0	0	0	0	0	0	0	0	0	0	0	0	0	0	0	10	0	7	13	0	1	12	0	0	0	0	0	
0	0	0	0	0	0	0	0	0	0	0	0	0	0	0	0	0	63	170	177	27	0	5	6	0	0	0	0	
0	0	0	0	0	0	0	0	0	0	0	0	0	0	0	0	11	125	255	255	60	2	4	0	0	0	0	0	
0	11	0	0	5	0	0	2	9	0	0	12	0	0	0	4	72	255	248	232	24	0	0	4	0	0	0	0	
0	0	12	13	3	2	0	0	0	19	0	0	12	17	39	163	219	255	244	103	9	0	10	0	0	0	0	0	
9	0	0	11	0	72	192	101	48	5	7	72	141	230	250	255	255	248	244	21	0	0	2	3	0	0	0	0	
0	0	16	0	12	162	249	242	222	237	249	248	247	255	236	242	248	249	193	10	0	7	0	8	0	0	0	0	
15	0	0	13	0	70	247	255	255	246	243	250	211	116	30	104	252	255	90	0	0	15	0	1	0	0	0	0	
0	5	9	0	1	0	0	55	102	120	105	38	0	3	6	116	255	253	56	14	2	0	7	0	0	0	0	0	
0	14	0	2	6	0	21	0	0	2	0	0	15	9	0	152	247	235	145	136	31	0	9	0	0	0	0	0	
0	6	0	0	8	0	0	3	6	0	23	0	0	165	249	255	255	241	249	255	59	6	4	0	0	0	0	0	
0	0	0	0	0	0	0	0	0	9	2	0	17	225	255	249	243	255	205	54	13	2	0	0	0	0	0	0	
0	0	0	0	0	0	0	0	1	0	0	9	3	120	211	255	255	116	26	0	5	0	0	4	0	0	0	0	
0	0	0	0	0	0	0	0	8	0	0	14	0	14	168	253	190	5	0	10	1	0	0	0	0	0	0	0	
0	0	0	0	0	0	0	0	3	2	0	1	0	0	193	245	189	2	1	5	0	11	13	0	0	0	0	0	
0	0	0	0	0	0	0	0	0	4	1	0	8	13	246	255	177	1	0	0	0	1	0	2	0	0	0	0	
0	0	0	0	0	0	0	0	0	3	3	0	13	5	255	255	90	0	7	10	3	0	0	4	0	0	0	0	
0	0	0	0	0	0	0	0	3	2	2	0	5	0	247	252	79	1	0	0	0	6	13	0	0	0	0	0	
0	0	0	0	0	0	0	0	2	0	0	0	4	12	255	255	86	4	1	10	0	0	9	0	0	0	0	0	
0	0	0	0	0	0	0	0	3	6	0	0	21	2	245	255	147	6	0	9	0	0	0	2	0	0	0	0	
0	0	0	0	0	0	0	0	0	0	2	0	0	4	196	255	89	0	0	4	0	9	0	4	0	0	0	0	
0	0	0	0	0	0	0	0	13	0	0	11	3	0	0	0	23	0	4	0	0	14	0	2	0	0	0	0	
0	0	0	0	0	0	0	0	9	0	0	0	0	13	0	11	0	0	9	0	0	10	0	0	0	0	0	0	
