0	0	0	0	0	0	0	0	0	0	0	0	0	0	0	0	0	0	0	0	0	0	0	0	0	0	0	0	
0	0	0	0	0	0	0	0	0	0	0	0	0	0	0	0	0	0	0	0	0	0	0	0	0	0	0	0	
0	0	0	0	0	0	0	0	0	0	0	0	0	0	0	0	0	0	0	0	0	0	0	0	0	0	0	0	
0	0	0	0	0	0	0	0	0	0	0	0	0	0	0	0	0	0	0	0	0	0	0	0	0	0	0	0	
0	0	0	0	0	0	0	0	0	0	0	0	0	0	0	0	0	0	0	0	0	0	0	0	0	0	0	0	
0	0	0	0	0	0	0	0	0	0	0	0	0	0	0	0	0	0	0	0	0	0	0	0	0	0	0	0	
0	0	0	0	0	0	0	0	0	0	0	0	0	0	0	0	0	0	0	0	0	0	0	0	0	0	0	0	
0	0	0	0	0	0	0	0	0	0	0	0	0	0	0	0	0	0	0	0	0	0	0	0	0	0	0	0	
0	0	0	0	6	1	0	10	1	0	8	0	0	13	0	0	6	0	0	3	0	13	0	6	0	0	0	0	
0	11	5	2	95	109	114	115	180	186	214	121	176	243	255	255	255	247	255	202	110	25	23	0	0	0	0	0	
0	5	0	138	253	255	239	250	251	235	255	245	255	255	247	248	242	240	255	246	244	220	5	0	0	0	0	0	
9	0	23	219	242	242	254	248	255	255	255	248	240	255	231	214	200	201	191	255	251	255	81	5	0	0	0	0	
0	8	0	43	223	230	243	233	218	210	195	89	89	81	81	28	4	0	3	118	244	252	119	0	0	0	0	0	
6	8	8	0	0	4	49	1	8	0	0	0	7	0	0	0	7	0	11	101	240	255	89	22	0	0	0	0	
0	0	0	20	0	14	9	0	0	8	0	5	0	6	2	1	0	0	48	223	255	255	123	0	0	0	0	0	
7	0	0	0	0	2	0	4	0	0	8	0	11	0	5	0	0	57	233	255	233	138	13	9	0	0	0	0	
0	0	0	0	0	0	0	0	0	7	1	0	6	0	3	1	6	171	253	236	64	3	6	0	0	0	0	0	
0	0	0	0	0	0	0	0	0	5	0	0	0	0	0	0	22	247	255	71	17	0	0	7	0	0	0	0	
0	0	0	0	0	0	0	0	0	0	0	2	2	7	3	2	114	255	254	15	0	0	3	3	0	0	0	0	
0	0	0	0	0	0	0	0	1	0	0	5	1	10	4	23	213	243	197	33	6	0	18	0	0	0	0	0	
0	0	0	0	0	0	0	0	5	1	0	3	0	0	0	50	244	255	94	0	1	1	1	0	0	0	0	0	
0	0	0	0	0	0	0	0	1	4	0	4	0	0	0	110	255	238	12	0	1	4	0	1	0	0	0	0	
0	0	0	0	0	0	0	0	0	7	0	6	3	1	6	177	255	157	0	15	6	0	5	0	0	0	0	0	
0	0	0	0	0	0	0	0	0	13	0	4	2	0	2	205	244	118	2	0	0	0	12	0	0	0	0	0	
0	0	0	0	0	0	0	0	4	0	0	1	5	0	7	200	255	105	6	0	0	11	0	7	0	0	0	0	
0	0	0	0	0	0	0	0	3	0	3	0	0	0	0	140	251	128	0	0	10	1	0	7	0	0	0	0	
0	0	0	0	0	0	0	0	1	2	8	0	0	6	0	74	250	198	21	2	12	0	7	0	0	0	0	0	
0	0	0	0	0	0	0	0	0	0	7	0	0	13	0	45	232	255	81	5	0	0	14	0	0	0	0	0	
