0	0	9	0	4	13	0	2	1	1	0	0	0	0	1	1	2	0	2	8	0	0	0	1	0	0	0	0	
16	0	3	0	0	0	0	3	2	1	1	1	1	1	1	2	9	15	0	0	5	0	0	2	0	0	0	0	
5	0	5	7	0	6	8	3	0	0	0	0	0	0	0	0	0	3	0	3	6	0	5	0	0	0	0	0	
0	1	7	0	0	4	0	0	0	0	0	0	0	0	0	0	13	0	5	9	0	0	11	0	0	0	0	0	
0	12	0	0	4	4	1	9	1	1	2	2	2	2	1	1	9	0	0	0	1	9	0	0	0	0	0	0	
0	4	0	3	12	0	0	0	0	0	0	0	0	0	0	0	0	13	5	0	14	4	0	14	0	0	0	0	
2	0	0	7	0	0	25	0	3	1	0	0	0	0	1	3	0	17	0	0	0	0	17	0	0	0	0	0	
0	0	9	6	0	83	175	117	13	10	7	5	5	7	10	13	10	15	32	133	141	164	205	26	0	0	0	0	
0	0	8	0	9	126	245	255	250	255	248	151	157	142	240	255	255	243	247	254	243	255	255	205	0	0	0	0	
11	5	0	0	0	127	241	255	253	250	247	251	255	245	255	244	251	255	255	255	255	237	250	179	0	0	0	0	
0	0	16	21	0	0	97	195	226	254	255	255	237	243	255	255	249	245	241	255	255	255	188	51	0	0	0	0	
10	0	0	0	5	4	1	5	53	77	103	139	80	61	72	115	77	202	247	250	243	244	72	0	0	0	0	0	
0	6	4	0	1	0	0	0	3	1	0	0	0	8	11	17	3	227	255	254	255	161	0	9	0	0	0	0	
7	0	0	5	13	0	0	14	0	0	5	0	5	0	0	0	164	255	251	251	200	45	14	0	0	0	0	0	
0	7	8	0	0	8	5	0	20	0	0	5	6	0	10	136	252	237	244	242	72	0	23	0	0	0	0	0	
5	0	0	5	0	0	1	5	0	37	24	0	37	122	157	238	255	253	255	240	41	23	0	11	0	0	0	0	
0	0	0	0	0	0	0	0	3	173	237	237	250	252	255	249	250	255	248	220	36	1	0	10	0	0	0	0	
0	0	0	0	0	0	0	0	0	130	252	255	239	255	255	245	245	255	238	135	1	2	11	0	0	0	0	0	
0	0	0	0	0	0	0	0	8	0	0	129	255	232	248	255	218	108	28	0	0	0	7	4	0	0	0	0	
0	0	0	0	0	0	0	0	9	4	3	66	225	255	248	158	0	0	12	6	20	0	0	4	0	0	0	0	
0	0	0	0	0	0	0	0	0	0	29	214	253	255	249	104	0	6	0	0	1	10	8	0	0	0	0	0	
0	0	0	0	0	0	0	0	0	32	77	255	252	251	131	5	7	0	0	10	9	0	0	4	0	0	0	0	
0	0	0	0	0	0	0	0	0	60	227	255	255	219	0	10	0	0	5	4	5	3	6	4	0	0	0	0	
0	0	0	0	0	0	0	0	11	142	255	251	248	46	10	0	5	0	5	0	0	0	9	0	0	0	0	0	
0	0	0	0	0	0	0	0	40	252	250	255	240	26	0	9	0	0	0	0	0	0	0	0	0	0	0	0	
0	0	0	0	0	0	0	0	46	250	255	232	117	17	0	3	0	0	0	0	0	0	0	0	0	0	0	0	
0	0	0	0	0	0	0	0	6	128	194	109	10	0	5	4	0	0	0	0	0	0	0	0	0	0	0	0	
0	0	0	0	0	0	0	0	5	0	27	0	0	11	21	0	0	0	0	0	0	0	0	0	0	0	0	0	
