0	0	0	0	0	0	0	0	0	4	3	0	2	1	0	3	2	7	2	3	2	0	4	0	0	0	0	0	
0	0	0	0	0	0	0	0	4	0	0	4	7	0	0	11	0	0	0	0	0	0	2	0	0	0	0	0	
0	0	0	0	0	0	0	0	0	5	4	0	0	1	2	0	8	8	9	7	4	1	0	0	0	0	0	0	
0	0	0	0	0	0	0	0	0	4	9	0	0	3	5	0	0	0	0	0	0	0	0	0	0	0	0	0	
0	0	0	0	0	0	0	0	3	0	0	10	3	0	0	6	6	0	3	1	4	9	0	3	0	0	0	0	
0	0	0	0	0	0	0	0	19	1	0	0	0	6	15	0	17	0	0	0	0	10	0	4	0	0	0	0	
0	0	0	0	0	0	0	0	0	0	6	4	62	187	237	185	75	29	19	0	0	11	0	0	0	0	0	0	
0	0	0	0	0	0	0	0	3	0	0	1	79	225	255	234	255	200	157	97	65	48	0	3	0	0	0	0	
0	0	0	0	0	0	0	0	0	0	13	0	49	195	159	217	247	253	250	255	255	237	173	22	0	0	0	0	
0	0	0	0	0	0	0	0	9	0	0	6	0	0	17	1	52	141	233	230	233	255	254	20	0	0	0	0	
0	0	0	0	0	0	0	0	0	0	6	8	21	0	0	8	0	0	6	108	255	255	176	17	0	0	0	0	
0	0	0	0	0	0	0	0	0	0	7	0	1	7	0	9	8	0	80	249	247	228	77	13	0	0	0	0	
0	0	0	0	0	0	0	0	11	9	1	6	0	4	11	0	5	17	251	254	253	151	5	0	0	0	0	0	
0	0	0	0	0	0	0	0	0	0	0	3	0	5	0	20	51	229	236	255	144	12	0	22	0	0	0	0	
0	0	0	0	0	0	0	0	7	2	18	0	3	0	8	116	216	253	255	141	2	15	0	0	0	0	0	0	
0	0	0	0	0	0	0	0	0	6	0	0	3	0	173	248	251	236	119	14	0	6	0	10	0	0	0	0	
0	1	8	0	0	6	0	7	0	12	0	7	62	184	255	255	245	102	7	1	1	0	4	0	0	0	0	0	
4	0	4	3	2	7	0	0	10	0	0	72	215	255	247	204	61	0	0	1	1	0	7	0	0	0	0	0	
5	0	7	4	0	3	5	0	2	0	166	242	255	247	135	7	2	0	6	13	0	0	3	0	0	0	0	0	
2	1	3	0	0	2	0	0	32	176	246	252	226	87	8	11	4	0	1	0	0	0	7	0	0	0	0	0	
0	3	0	0	9	0	7	46	233	253	250	139	9	6	1	0	0	0	0	0	0	2	4	1	0	0	0	0	
0	2	0	6	0	0	87	201	226	255	67	0	7	6	0	4	4	4	6	8	3	0	0	1	0	0	0	0	
0	1	4	4	0	52	200	255	247	78	0	13	0	0	0	12	0	0	0	0	0	0	0	6	0	0	0	0	
9	0	0	0	9	141	255	217	103	12	0	0	2	0	6	0	0	8	4	0	3	8	0	0	0	0	0	0	
0	8	0	0	33	253	255	106	0	0	0	0	0	0	0	0	0	0	0	0	0	0	0	0	0	0	0	0	
0	2	0	1	20	178	228	150	0	0	0	0	0	0	0	0	0	0	0	0	0	0	0	0	0	0	0	0	
3	0	11	8	0	3	11	0	0	0	0	0	0	0	0	0	0	0	0	0	0	0	0	0	0	0	0	0	
1	0	0	3	9	0	4	2	0	0	0	0	0	0	0	0	0	0	0	0	0	0	0	0	0	0	0	0	
