0	0	0	0	0	0	0	0	0	20	0	10	0	0	14	0	4	0	12	7	9	0	5	0	0	0	0	0	
0	0	0	0	0	0	0	0	11	0	1	0	8	1	0	0	5	0	0	0	0	2	8	0	0	0	0	0	
0	0	0	0	0	0	0	0	0	0	16	5	0	6	0	12	1	10	4	7	7	7	0	1	0	0	0	0	
0	0	0	0	0	0	0	0	6	8	0	0	0	0	5	0	0	0	0	0	1	0	0	6	0	0	0	0	
0	0	0	0	0	0	0	0	0	0	0	1	10	0	0	0	0	0	13	0	0	3	16	0	0	0	0	0	
0	0	0	0	0	0	0	0	0	7	0	0	0	166	165	206	255	255	243	151	6	0	14	0	0	0	0	0	
0	0	0	0	0	0	0	0	0	9	0	6	19	203	118	88	78	103	193	241	45	4	7	0	0	0	0	0	
0	0	0	0	0	0	0	0	0	0	13	0	1	6	13	0	13	0	85	251	46	3	0	4	0	0	0	0	
0	0	0	0	0	0	0	0	4	4	0	6	0	0	9	0	0	29	237	218	6	0	0	1	0	0	0	0	
0	0	0	0	0	0	0	0	0	0	9	0	3	17	0	22	3	124	255	107	0	9	0	3	0	0	0	0	
0	0	0	0	0	0	0	0	0	7	9	0	0	17	2	0	72	242	202	6	0	10	0	3	0	0	0	0	
0	0	0	0	0	0	0	0	0	1	0	12	0	4	3	4	191	255	78	0	5	0	1	0	0	0	0	0	
0	0	0	0	0	0	0	0	15	1	0	0	3	0	0	191	247	153	0	4	6	0	5	0	0	0	0	0	
0	0	0	0	0	0	0	0	0	0	7	9	5	0	80	250	184	12	0	5	1	0	2	0	0	0	0	0	
0	0	0	0	0	0	0	0	7	7	0	0	0	42	222	216	67	0	8	0	0	5	0	1	0	0	0	0	
0	0	0	0	0	0	0	0	3	0	46	90	167	221	255	150	0	16	0	1	0	6	0	3	0	0	0	0	
0	0	0	0	0	0	0	0	1	113	255	213	218	255	199	0	0	0	0	0	0	0	0	0	0	0	0	0	
0	0	0	0	0	0	0	0	0	76	91	51	216	251	88	8	0	0	0	0	0	0	0	0	0	0	0	0	
0	0	0	0	0	0	0	0	1	0	0	111	255	164	0	10	0	0	0	0	0	0	0	0	0	0	0	0	
0	0	0	0	0	0	0	0	0	0	17	208	208	53	8	0	0	0	0	0	0	0	0	0	0	0	0	0	
0	0	0	0	0	0	0	0	0	15	70	239	156	1	1	0	0	0	0	0	0	0	0	0	0	0	0	0	
0	0	0	0	0	0	0	0	0	0	144	255	117	0	0	13	0	0	0	0	0	0	0	0	0	0	0	0	
0	0	0	0	0	0	0	0	0	36	227	226	40	1	8	0	0	0	0	0	0	0	0	0	0	0	0	0	
0	0	0	0	0	0	0	0	13	93	255	253	83	0	0	2	0	0	0	0	0	0	0	0	0	0	0	0	
0	0	0	0	0	0	0	0	0	110	246	225	70	0	3	3	0	0	0	0	0	0	0	0	0	0	0	0	
0	0	0	0	0	0	0	0	4	0	2	0	0	0	16	0	0	0	0	0	0	0	0	0	0	0	0	0	
0	0	0	0	0	0	0	0	4	0	6	5	0	3	10	1	0	0	0	0	0	0	0	0	0	0	0	0	
0	0	0	0	0	0	0	0	0	0	4	5	2	0	0	0	0	0	0	0	0	0	0	0	0	0	0	0	
