0	0	0	0	0	0	0	0	0	3	0	10	0	0	4	0	9	0	0	16	0	14	6	0	0	0	0	0	
0	0	0	0	0	0	0	0	15	0	5	0	17	7	0	3	0	17	10	0	8	0	0	13	0	0	0	0	
0	0	0	0	0	0	0	0	0	0	15	0	4	0	2	6	0	5	0	19	6	0	0	0	0	0	0	0	
0	0	0	0	0	0	0	0	0	0	0	7	0	8	0	9	0	10	0	1	0	8	7	0	0	0	0	0	
0	0	0	0	0	0	0	0	4	0	13	0	0	17	0	147	182	229	217	18	12	5	5	0	0	0	0	0	
0	0	0	0	0	0	0	0	2	0	0	16	5	49	247	255	244	254	251	60	0	0	0	0	0	0	0	0	
0	0	0	0	0	0	0	0	3	0	9	14	152	251	250	247	250	252	254	164	8	18	0	10	0	0	0	0	
0	0	0	0	0	0	0	0	0	4	40	218	255	241	214	78	137	237	248	128	0	0	0	1	0	0	0	0	
0	0	0	0	0	0	0	0	3	18	242	255	233	194	3	4	2	112	255	186	0	13	0	4	0	0	0	0	
0	0	0	0	0	0	0	0	0	147	231	255	234	71	7	1	0	109	240	216	0	0	19	0	0	0	0	0	
0	0	0	0	0	0	0	0	4	136	247	255	143	0	0	0	4	49	255	206	1	0	5	0	0	0	0	0	
0	0	0	0	0	0	0	0	0	104	252	238	209	32	1	0	0	39	254	203	8	10	0	7	0	0	0	0	
0	0	0	0	0	0	0	0	5	18	187	255	253	206	25	0	2	165	255	210	5	9	2	0	0	0	0	0	
0	0	0	0	0	0	0	0	1	0	17	219	253	255	185	22	22	192	246	98	0	0	10	0	0	0	0	0	
0	0	0	0	0	0	0	0	4	0	5	36	250	255	253	175	211	255	232	38	18	0	1	0	0	0	0	0	
0	0	0	0	0	0	0	0	0	1	4	5	132	255	255	255	251	238	45	0	0	0	3	3	0	0	0	0	
3	1	0	0	0	0	0	0	13	0	9	10	6	222	255	248	250	65	7	0	0	1	3	0	0	0	0	0	
0	0	0	1	3	3	2	1	0	6	0	118	242	253	246	255	254	180	1	6	0	1	3	5	0	0	0	0	
0	0	1	3	3	1	0	0	0	29	185	250	242	164	46	196	252	193	0	11	2	1	0	0	0	0	0	0	
0	1	2	1	0	0	0	0	41	185	255	212	50	1	15	193	255	87	0	1	0	0	2	0	0	0	0	0	
1	2	1	0	0	0	2	6	177	255	125	1	10	67	212	255	222	15	5	0	0	0	10	4	0	0	0	0	
0	1	2	0	0	3	10	16	222	255	98	87	43	226	239	244	83	3	0	0	2	0	4	3	0	0	0	0	
0	1	3	2	0	1	8	13	244	249	240	249	255	250	223	76	0	0	0	0	8	2	0	0	0	0	0	0	
0	2	4	2	0	0	0	2	59	210	255	255	191	120	36	0	7	0	14	0	1	2	0	2	0	0	0	0	
0	0	0	0	0	0	0	0	0	0	0	0	0	0	0	0	0	0	0	0	0	0	0	0	0	0	0	0	
0	0	0	0	0	0	0	0	0	0	0	0	0	0	0	0	0	0	0	0	0	0	0	0	0	0	0	0	
0	0	0	0	0	0	0	0	0	0	0	0	0	0	0	0	0	0	0	0	0	0	0	0	0	0	0	0	
0	0	0	0	0	0	0	0	0	0	0	0	0	0	0	0	0	0	0	0	0	0	0	0	0	0	0	0	
