0	0	14	0	0	8	0	9	3	0	0	3	0	2	0	0	5	0	0	3	2	0	6	5	0	0	0	0	
1	2	2	0	0	5	0	0	0	0	4	0	16	0	16	3	0	9	13	7	0	0	0	0	0	0	0	0	
0	1	0	0	12	15	0	10	10	7	4	0	0	0	0	0	3	0	0	0	0	3	3	11	0	0	0	0	
3	3	1	0	1	0	0	7	0	0	1	9	7	36	0	8	0	7	15	4	3	0	0	0	0	0	0	0	
0	0	0	2	0	0	46	105	158	128	67	56	34	25	0	0	0	2	8	0	0	17	4	0	0	0	0	0	
0	0	0	3	2	64	185	249	255	255	227	255	255	146	146	47	18	0	8	12	0	0	0	12	0	0	0	0	
8	4	1	0	0	106	244	255	235	158	108	118	172	138	255	228	247	101	31	0	0	7	0	0	0	0	0	0	
0	1	4	0	4	137	255	225	105	0	0	0	6	0	28	25	238	234	255	147	10	0	1	0	0	0	0	0	
0	0	1	0	0	175	236	241	44	11	2	0	16	0	5	0	0	44	183	191	18	0	14	0	0	0	0	0	
0	1	0	7	0	82	255	176	24	0	0	0	7	2	0	7	10	0	0	54	120	28	0	2	0	0	0	0	
3	0	9	0	2	16	179	232	70	0	7	11	0	5	21	0	0	12	3	11	163	183	23	4	0	0	0	0	
4	0	2	0	9	4	20	219	207	59	12	0	9	0	24	0	13	0	8	38	188	159	0	0	0	0	0	0	
0	15	0	5	0	0	0	38	94	235	236	132	169	178	208	199	127	78	38	141	255	57	0	0	0	0	0	0	
0	9	0	1	0	1	7	0	19	187	253	252	255	254	241	255	255	255	241	255	147	8	1	7	0	0	0	0	
0	0	13	0	9	8	0	22	0	93	250	255	229	255	255	249	255	249	255	192	14	0	6	0	0	0	0	0	
9	0	3	0	0	6	0	0	0	27	240	254	252	251	171	99	94	88	108	52	159	134	134	0	0	0	0	0	
0	0	0	0	0	0	0	0	3	0	170	252	255	247	15	0	1	0	19	0	20	64	235	139	0	7	0	0	
0	0	0	0	0	0	0	0	0	9	140	248	228	222	67	15	0	10	0	0	5	18	215	250	36	1	0	2	
0	0	0	0	0	0	0	0	3	21	61	152	176	38	6	0	0	0	6	15	0	0	36	184	105	2	0	1	
0	0	0	0	0	0	0	0	4	0	0	119	255	199	0	13	25	0	0	0	0	0	6	164	152	6	0	0	
0	0	0	0	0	0	0	0	0	14	9	33	243	217	127	76	96	64	0	0	49	89	194	254	119	0	3	0	
0	0	0	0	0	0	0	0	0	0	0	13	122	255	255	239	253	220	179	186	241	255	255	193	39	0	10	0	
0	0	0	0	0	0	0	0	8	12	4	0	13	69	236	255	255	239	255	245	240	208	101	10	0	0	8	5	
0	0	0	0	0	0	0	0	0	0	3	6	0	14	26	55	147	164	145	109	43	0	0	0	3	8	0	2	
0	0	0	0	0	0	0	0	0	0	0	0	0	0	0	0	0	0	0	0	0	0	0	0	0	0	0	0	
0	0	0	0	0	0	0	0	0	0	0	0	0	0	0	0	0	0	0	0	0	0	0	0	0	0	0	0	
0	0	0	0	0	0	0	0	0	0	0	0	0	0	0	0	0	0	0	0	0	0	0	0	0	0	0	0	
0	0	0	0	0	0	0	0	0	0	0	0	0	0	0	0	0	0	0	0	0	0	0	0	0	0	0	0	
