0	0	0	0	0	0	0	0	0	5	0	0	2	9	5	3	7	0	0	10	4	0	0	0	0	0	0	0	
0	0	0	0	0	0	0	0	0	4	8	5	4	0	0	0	0	0	0	0	0	12	15	2	0	0	0	0	
0	0	0	0	0	0	0	0	8	3	0	0	2	2	3	15	0	0	11	0	0	0	3	0	0	0	0	0	
0	0	0	0	0	0	0	0	0	3	0	0	5	1	0	0	8	0	0	3	12	0	6	5	0	0	0	0	
0	0	0	0	0	0	0	0	0	10	12	1	0	2	3	9	0	8	13	0	0	0	2	0	0	0	0	0	
0	0	0	0	0	0	0	0	1	6	0	0	0	3	0	0	9	0	65	181	255	122	11	0	0	0	0	0	
0	0	0	0	0	0	0	0	0	0	0	3	8	0	0	17	103	196	255	254	251	110	9	0	0	0	0	0	
0	0	0	0	0	0	0	0	2	0	1	3	0	12	108	226	252	255	252	244	255	108	0	7	0	0	0	0	
0	0	0	0	0	0	0	0	0	2	0	11	75	207	252	244	238	255	243	255	251	125	12	0	0	0	0	0	
0	0	0	0	0	0	0	0	6	0	19	163	255	253	255	255	255	242	255	255	146	22	0	1	0	0	0	0	
0	0	0	0	0	0	0	0	9	10	215	255	239	255	244	252	252	255	196	23	88	115	0	3	0	0	0	0	
0	0	0	0	0	0	0	0	8	190	255	244	255	255	218	171	177	81	24	94	242	120	0	4	0	0	0	0	
0	0	0	0	0	0	0	0	124	255	255	255	226	157	41	1	0	50	198	243	251	118	2	0	0	0	0	0	
0	0	0	0	0	0	0	0	131	232	238	224	49	0	0	0	112	235	249	255	255	81	13	0	0	0	0	0	
0	0	0	0	0	0	0	0	115	255	255	158	27	12	13	137	255	255	255	239	140	0	0	21	0	0	0	0	
0	0	0	0	0	0	0	0	37	255	238	255	175	59	174	247	252	250	183	98	10	0	19	0	0	0	0	0	
0	0	0	0	0	0	0	0	15	149	254	253	234	255	246	255	255	161	45	0	2	8	3	0	0	0	0	0	
0	0	0	0	0	0	0	0	0	3	59	216	255	245	245	243	131	49	0	0	6	0	0	10	0	0	0	0	
0	0	0	0	0	0	0	0	0	0	7	239	251	255	204	75	9	0	0	0	0	0	0	2	0	0	0	0	
0	0	0	0	0	0	0	0	4	18	162	250	255	236	243	46	0	6	12	2	0	5	6	0	0	0	0	0	
0	0	0	0	0	0	0	0	0	0	236	252	208	177	255	179	6	0	0	4	2	0	0	6	0	0	0	0	
0	0	0	0	0	0	0	0	1	0	232	255	171	223	244	167	2	0	0	0	0	0	0	0	0	0	0	0	
0	0	0	0	0	0	0	0	4	9	223	251	246	255	255	61	0	7	6	0	0	10	7	0	0	0	0	0	
0	0	0	0	0	0	0	0	0	0	135	255	254	239	219	14	2	0	0	8	7	0	0	7	0	0	0	0	
0	0	0	0	0	0	0	0	3	0	40	150	254	252	135	16	0	0	0	0	0	0	0	0	0	0	0	0	
0	0	0	0	0	0	0	0	0	0	2	4	2	0	0	0	0	0	0	0	0	0	0	0	0	0	0	0	
0	0	0	0	0	0	0	0	3	1	0	0	0	0	0	3	0	0	0	0	0	0	0	0	0	0	0	0	
0	0	0	0	0	0	0	0	0	0	0	2	5	4	0	0	0	0	0	0	0	0	0	0	0	0	0	0	
