0	0	0	0	0	0	0	0	0	0	11	0	5	0	1	2	3	0	0	6	6	0	2	0	0	0	0	0	
0	0	0	0	0	0	0	0	10	0	0	0	6	2	0	0	1	9	4	0	0	0	6	2	0	0	0	0	
0	0	0	0	0	0	0	0	0	0	0	4	0	0	6	9	0	5	5	0	0	3	0	0	0	0	0	0	
0	0	0	0	0	0	0	0	0	6	17	7	0	0	10	0	1	0	1	0	10	5	0	0	0	0	0	0	
0	0	0	0	0	0	0	0	6	0	0	0	10	0	12	0	8	2	8	0	0	3	0	4	0	0	0	0	
0	0	0	0	0	0	0	0	0	16	0	34	186	255	192	19	0	0	13	0	0	10	3	1	0	0	0	0	
0	0	0	0	0	0	0	0	13	0	0	147	253	242	226	255	61	0	1	3	0	12	0	0	0	0	0	0	
0	0	0	0	0	0	0	0	0	4	2	199	249	201	163	248	191	25	0	3	0	2	0	1	0	0	0	0	
0	0	0	0	0	0	0	0	2	0	0	190	253	168	0	232	252	42	27	68	0	0	4	0	0	0	0	0	
0	0	0	0	0	0	0	0	0	0	16	134	245	134	0	50	252	134	180	245	9	0	10	0	0	0	0	0	
0	0	0	0	0	0	0	0	3	1	0	47	253	170	13	12	123	255	245	172	0	8	0	8	0	0	0	0	
0	0	0	0	0	0	0	0	0	0	2	0	205	242	144	200	250	224	112	29	0	2	3	3	0	0	0	0	
0	0	0	0	0	0	0	0	1	2	9	0	109	255	248	255	241	82	2	0	3	0	22	0	0	0	0	0	
0	0	0	0	0	0	0	0	17	0	0	40	213	242	255	175	12	5	0	0	3	0	0	0	0	0	0	0	
0	0	0	0	0	0	0	0	0	2	10	209	241	249	246	214	34	0	1	1	0	6	0	10	0	0	0	0	
0	0	0	0	0	0	0	0	1	0	217	243	179	56	244	255	56	2	11	0	11	8	0	0	0	0	0	0	
0	0	0	0	0	0	0	0	0	2	249	255	50	1	131	255	151	0	10	2	2	0	7	0	0	0	0	0	
0	0	0	0	0	0	0	0	27	0	208	246	40	2	82	255	199	4	0	0	1	0	4	1	0	0	0	0	
0	0	0	0	0	0	0	0	0	0	134	253	117	5	24	250	255	23	3	0	2	1	0	3	0	0	0	0	
0	0	0	0	0	0	0	0	1	0	46	255	162	0	83	248	246	22	7	3	0	6	0	2	0	0	0	0	
0	0	0	0	0	0	0	0	0	28	0	194	253	69	131	255	156	0	2	0	0	10	0	2	0	0	0	0	
0	0	0	0	0	0	0	0	0	0	0	143	255	199	224	250	76	0	3	0	0	9	0	0	0	0	0	0	
0	0	0	0	0	0	0	0	6	5	0	26	212	255	248	255	41	9	2	0	0	4	0	0	0	0	0	0	
0	0	0	0	0	0	0	0	0	9	5	0	143	255	241	200	23	12	0	0	2	1	0	3	0	0	0	0	
0	0	0	0	0	0	0	0	5	0	12	0	16	224	254	12	0	0	0	0	0	0	0	0	0	0	0	0	
0	0	0	0	0	0	0	0	9	0	6	12	0	0	12	6	0	0	0	0	0	0	0	0	0	0	0	0	
0	0	0	0	0	0	0	0	0	10	0	0	0	0	0	0	0	0	0	0	0	0	0	0	0	0	0	0	
0	0	0	0	0	0	0	0	0	0	3	4	0	9	17	0	0	0	0	0	0	0	0	0	0	0	0	0	
