0	0	0	0	0	0	0	0	0	11	0	2	0	7	0	3	4	0	0	3	6	0	2	0	0	0	0	0	
0	0	0	0	0	0	0	0	3	1	0	1	5	2	0	0	0	14	5	0	2	0	0	4	0	0	0	0	
0	0	0	0	0	0	0	0	5	0	0	0	6	5	7	9	2	6	0	0	5	14	4	0	0	0	0	0	
0	0	0	0	0	0	0	0	0	3	4	1	0	0	0	0	3	0	8	7	0	0	3	0	0	0	0	0	
0	0	0	0	0	0	0	0	0	1	0	13	1	80	169	246	254	255	255	205	126	42	0	11	0	0	0	0	
0	0	0	0	0	0	0	0	12	0	3	114	185	248	255	255	248	255	249	233	253	149	0	10	0	0	0	0	
0	0	0	0	0	0	0	0	0	33	159	240	255	248	255	234	222	200	172	173	229	166	10	0	0	0	0	0	
0	0	0	0	0	0	0	0	22	102	251	255	255	175	140	43	29	0	5	4	8	26	5	12	0	0	0	0	
2	1	0	0	5	0	1	0	73	239	255	245	146	13	0	0	3	0	0	6	0	3	73	183	0	0	0	0	
1	0	0	0	5	0	0	24	200	255	192	20	3	0	8	7	1	0	0	24	0	125	233	6	0	0	0	0	
1	0	4	0	4	0	0	71	247	198	6	11	0	0	8	0	2	8	0	0	140	255	106	0	0	0	0	0	
3	0	8	0	2	0	2	112	251	117	8	0	0	0	17	0	0	10	21	128	241	161	0	24	0	0	0	0	
4	0	8	0	0	0	8	121	255	113	0	0	16	0	0	7	0	27	226	242	203	25	0	0	0	0	0	0	
3	0	4	0	0	0	9	90	236	243	32	0	0	10	0	17	142	251	222	141	6	0	4	12	0	0	0	0	
1	0	0	0	2	0	5	37	220	251	203	67	8	0	44	197	255	229	188	1	0	4	0	0	0	0	0	0	
0	2	0	3	3	0	0	0	26	204	255	240	120	159	221	255	240	215	15	6	0	10	0	12	0	0	0	0	
0	0	0	0	0	0	0	0	0	32	154	255	255	230	255	231	58	0	16	1	0	12	6	0	0	0	0	0	
0	0	0	0	0	0	0	0	1	9	23	236	255	255	245	232	125	13	0	5	0	0	0	6	0	0	0	0	
0	0	0	0	0	0	0	0	9	0	214	243	255	231	239	231	255	214	61	0	3	13	0	0	0	0	0	0	
0	0	0	0	0	0	0	0	0	32	255	255	186	33	6	33	160	245	218	73	0	2	16	0	0	0	0	0	
0	0	0	0	0	0	0	0	11	11	236	255	99	35	36	28	38	213	255	72	19	0	0	18	0	0	0	0	
0	0	0	0	0	0	0	0	0	24	255	249	246	251	244	252	206	246	255	70	4	0	9	0	0	0	0	0	
0	0	0	0	0	0	0	0	0	5	102	238	255	255	255	234	255	255	208	42	9	0	0	2	0	0	0	0	
0	0	0	0	0	0	0	0	0	3	1	54	122	187	193	255	248	152	58	2	0	0	12	0	0	0	0	0	
0	0	0	0	0	0	0	0	0	0	0	0	0	0	0	0	0	0	0	0	0	0	0	0	0	0	0	0	
0	0	0	0	0	0	0	0	0	0	0	0	0	0	0	0	0	0	0	0	0	0	0	0	0	0	0	0	
0	0	0	0	0	0	0	0	0	0	0	0	0	0	0	0	0	0	0	0	0	0	0	0	0	0	0	0	
0	0	0	0	0	0	0	0	0	0	0	0	0	0	0	0	0	0	0	0	0	0	0	0	0	0	0	0	
