0	0	0	0	0	0	0	0	5	1	0	0	4	0	0	0	11	0	9	5	0	0	0	0	0	0	0	0	
0	0	0	0	0	0	0	0	0	0	12	8	4	0	2	8	0	0	0	0	8	9	0	2	0	0	0	0	
0	0	0	0	0	0	0	0	17	3	0	0	0	0	0	0	6	14	0	0	6	0	0	1	0	0	0	0	
0	0	0	0	0	0	0	0	0	0	0	10	0	2	4	1	4	0	0	6	0	0	6	1	0	0	0	0	
0	0	0	0	0	0	0	0	10	0	0	0	0	0	0	1	0	18	14	0	0	0	2	4	0	0	0	0	
0	0	0	0	0	0	0	0	0	0	9	0	16	0	7	22	87	168	126	7	0	14	0	6	0	0	0	0	
0	0	0	0	0	0	0	0	0	4	10	0	48	62	146	221	229	255	238	67	0	12	0	3	0	0	0	0	
0	0	0	0	0	0	0	0	2	0	9	53	233	254	255	253	255	240	255	131	0	6	7	0	0	0	0	0	
0	0	0	0	0	0	0	0	0	0	0	141	241	255	246	166	148	248	248	84	0	11	0	0	0	0	0	0	
0	0	0	0	0	0	0	0	6	12	0	216	255	255	49	4	84	246	140	28	0	0	0	0	0	0	0	0	
0	0	0	0	0	0	0	0	0	0	10	196	241	228	21	13	86	255	43	0	0	0	13	5	0	0	0	0	
0	0	0	0	0	0	0	0	3	12	0	229	255	63	0	0	190	247	17	1	7	0	3	0	0	0	0	0	
0	0	0	0	0	0	0	0	0	9	0	161	238	144	19	52	239	130	0	3	0	0	7	0	0	0	0	0	
0	0	0	0	0	0	0	0	10	0	7	125	255	249	49	167	215	18	0	2	0	3	11	7	0	0	0	0	
0	0	0	0	0	0	0	0	0	26	0	15	157	238	229	255	168	6	0	8	0	0	0	0	0	0	0	0	
0	0	0	0	0	0	0	0	8	0	6	3	50	253	246	255	83	0	0	1	4	2	0	2	0	0	0	0	
0	0	0	0	0	0	0	0	0	3	0	3	5	191	243	255	143	10	3	0	5	13	0	5	0	0	0	0	
0	0	0	0	0	0	0	0	3	3	0	10	10	238	187	243	210	61	7	0	6	8	0	8	0	0	0	0	
0	0	0	0	0	0	0	0	0	0	0	20	211	228	0	136	255	232	9	17	0	0	15	0	0	0	0	0	
0	0	0	0	0	0	0	0	0	5	3	74	237	90	0	25	175	255	148	7	0	12	0	1	0	0	0	0	
0	0	0	0	0	0	0	0	1	17	0	218	214	0	5	4	51	248	229	0	17	0	0	1	0	0	0	0	
0	0	0	0	0	0	0	0	0	0	128	229	62	1	11	0	145	253	168	0	0	10	0	8	0	0	0	0	
0	0	0	0	0	0	0	0	6	0	211	150	57	49	28	184	243	231	14	12	0	0	18	0	0	0	0	0	
0	0	0	0	0	0	0	0	0	4	209	246	244	255	244	254	200	44	0	0	7	0	0	0	0	0	0	0	
0	0	0	0	0	0	0	0	3	8	19	133	216	254	243	86	13	10	5	0	0	0	0	1	0	0	0	0	
0	0	0	0	0	0	0	0	0	0	0	12	0	0	32	0	6	4	1	0	0	0	0	2	0	0	0	0	
0	0	0	0	0	0	0	0	12	5	0	15	5	0	4	0	0	0	0	0	0	0	0	1	0	0	0	0	
0	0	0	0	0	0	0	0	0	0	0	0	6	3	0	9	0	0	0	0	0	0	0	0	0	0	0	0	
