0	0	0	0	0	0	0	0	0	9	0	0	0	0	9	0	10	0	0	2	7	3	0	0	0	0	0	0	
0	0	0	0	0	0	0	0	0	2	0	0	15	1	0	1	0	0	0	0	0	0	0	7	0	0	0	0	
0	0	0	0	0	0	0	0	2	0	9	10	0	0	0	13	2	7	9	6	2	0	0	0	0	0	0	0	
0	0	0	0	0	0	0	0	9	0	3	0	0	14	0	0	0	0	0	0	0	6	4	0	0	0	0	0	
0	0	0	0	0	0	0	0	0	2	0	0	8	8	0	0	1	3	1	0	0	0	2	2	0	0	0	0	
0	0	0	0	0	0	0	0	17	0	0	19	0	0	26	0	1	1	4	6	2	0	0	2	0	0	0	0	
0	0	0	0	0	0	0	0	0	56	151	252	255	255	255	147	72	31	0	0	1	3	2	5	0	0	0	0	
0	0	0	0	0	0	0	0	3	231	255	240	255	242	255	255	255	159	40	0	0	5	2	0	0	0	0	0	
0	0	0	0	0	0	0	0	67	244	255	249	255	246	254	250	255	245	108	4	0	0	2	0	0	0	0	0	
0	0	0	0	0	0	0	0	82	252	233	255	126	68	160	244	250	255	130	2	0	1	0	6	0	0	0	0	
0	0	0	0	0	0	0	0	22	197	254	248	145	7	62	249	254	255	203	9	0	1	0	5	0	0	0	0	
0	0	0	0	0	0	0	0	0	109	255	248	204	0	191	246	255	224	255	9	0	0	2	0	0	0	0	0	
0	0	0	0	0	0	0	0	1	0	241	252	234	34	217	255	255	248	212	0	0	3	0	2	0	0	0	0	
0	0	0	0	0	0	0	0	0	9	255	244	244	255	246	245	230	255	104	0	4	6	0	4	0	0	0	0	
0	0	0	0	0	0	0	0	28	0	56	255	249	246	255	196	122	186	28	2	7	2	0	0	0	0	0	0	
0	0	0	0	0	0	0	0	0	5	0	175	255	242	255	130	0	9	3	5	0	0	10	0	0	0	0	0	
0	0	0	0	0	0	0	0	0	11	0	140	255	247	255	41	0	9	0	11	0	0	9	0	0	0	0	0	
0	0	0	0	0	0	0	0	0	3	2	89	247	252	249	90	0	1	0	6	3	0	0	0	0	0	0	0	
0	0	0	0	0	0	0	0	2	0	8	32	246	255	247	168	1	0	9	0	0	2	4	2	0	0	0	0	
0	0	0	0	0	0	0	0	1	0	8	7	255	255	252	235	93	0	0	0	0	1	8	2	0	0	0	0	
0	0	0	0	0	0	0	0	1	3	2	13	255	249	255	255	234	21	0	7	11	0	0	0	0	0	0	0	
0	0	0	0	0	0	0	0	2	8	0	21	249	238	253	255	255	84	4	1	0	0	11	0	0	0	0	0	
0	0	0	0	0	0	0	0	2	2	0	15	197	242	255	248	242	140	24	0	0	3	12	1	0	0	0	0	
0	0	0	0	0	0	0	0	1	0	0	3	154	253	255	248	255	153	0	0	26	8	0	0	0	0	0	0	
0	0	0	0	0	0	0	0	2	5	0	14	64	229	255	238	255	109	2	0	4	0	2	0	0	0	0	0	
0	0	0	0	0	0	0	0	0	11	1	0	0	119	223	255	153	48	0	2	4	0	1	0	0	0	0	0	
0	0	0	0	0	0	0	0	3	0	1	6	0	0	2	0	35	0	0	5	0	0	2	0	0	0	0	0	
0	0	0	0	0	0	0	0	6	0	1	3	6	0	8	3	0	0	0	3	0	0	5	0	0	0	0	0	
