0	0	0	0	0	0	0	0	12	0	0	0	7	3	0	0	0	10	6	0	1	6	0	3	0	0	0	0	
0	0	0	0	0	0	0	0	0	0	5	0	0	0	2	0	7	0	0	0	2	0	11	0	0	0	0	0	
0	0	0	0	0	0	0	0	12	0	0	5	7	0	0	10	0	0	1	9	12	0	5	0	0	0	0	0	
0	0	0	0	0	0	0	0	0	3	6	0	0	6	2	0	0	6	0	0	4	0	0	7	0	0	0	0	
0	0	0	0	0	0	0	0	7	0	0	0	0	3	6	8	6	0	0	9	0	21	0	0	0	0	0	0	
0	0	0	0	0	0	0	0	0	7	10	0	0	45	134	207	255	198	166	120	0	0	5	11	0	0	0	0	
0	0	0	0	0	0	0	0	0	1	0	10	116	244	255	235	234	252	255	248	130	4	1	0	0	0	0	0	
0	0	0	0	0	0	0	0	6	0	50	183	255	235	174	146	183	255	241	255	248	36	4	0	0	0	0	0	
0	0	0	0	0	0	0	0	0	38	236	255	255	71	0	56	206	255	255	235	255	81	0	0	0	0	0	0	
0	0	0	0	0	0	0	0	13	229	255	221	17	3	15	176	247	242	225	255	251	43	0	2	0	0	0	0	
0	0	0	0	0	0	0	0	88	255	251	52	0	5	163	246	255	138	255	239	67	1	14	0	0	0	0	0	
0	0	0	0	0	0	0	0	0	254	255	122	36	81	241	244	246	224	134	44	9	0	0	12	0	0	0	0	
0	0	0	0	0	0	0	0	12	37	230	243	255	255	239	255	62	54	0	0	11	7	4	0	0	0	0	0	
0	0	0	0	0	0	0	0	0	20	75	226	255	253	251	107	4	0	15	2	0	0	0	20	0	0	0	0	
0	0	0	0	0	0	0	0	1	0	0	191	255	242	255	144	0	2	0	5	12	0	10	0	0	0	0	0	
0	0	0	0	0	0	0	0	0	11	47	241	249	238	249	250	101	0	11	0	0	15	0	5	0	0	0	0	
0	0	0	0	0	0	0	0	0	6	204	255	253	48	139	254	220	16	0	0	13	5	0	0	0	0	0	0	
0	0	0	0	0	0	0	0	3	37	250	251	136	4	0	229	255	90	9	0	0	0	5	13	0	0	0	0	
0	0	0	0	0	0	0	0	4	167	255	247	47	0	37	219	255	125	22	10	0	0	0	0	0	0	0	0	
0	0	0	0	0	0	0	0	0	254	252	132	8	4	42	238	188	32	0	0	0	0	5	0	0	0	0	0	
0	0	0	0	0	0	0	0	66	255	252	68	0	0	116	254	246	25	1	8	7	0	3	0	0	0	0	0	
0	0	0	0	0	0	0	0	104	246	217	11	10	58	227	255	195	0	0	0	0	0	7	1	0	0	0	0	
0	0	0	0	0	0	0	0	78	255	255	55	162	245	235	254	105	1	13	6	1	0	0	0	0	0	0	0	
0	0	0	0	0	0	0	0	26	243	255	254	252	250	246	105	0	0	0	0	0	4	7	3	0	0	0	0	
0	0	0	0	0	0	0	0	0	133	225	255	255	181	54	0	0	0	0	0	0	0	0	0	0	0	0	0	
0	0	0	0	0	0	0	0	0	18	9	0	4	1	0	7	0	0	0	0	0	0	0	0	0	0	0	0	
0	0	0	0	0	0	0	0	0	0	0	0	9	0	0	7	0	0	0	0	0	0	0	0	0	0	0	0	
0	0	0	0	0	0	0	0	16	0	0	0	0	0	0	0	0	0	0	0	0	0	0	0	0	0	0	0	
