0	0	0	0	0	0	0	0	7	0	1	4	0	0	0	0	0	0	0	7	0	5	0	0	0	0	0	0	
0	0	0	0	0	0	0	0	0	2	7	0	0	0	8	10	7	0	0	2	0	0	2	18	0	0	0	0	
0	0	0	0	0	0	0	0	7	4	0	4	11	1	0	0	0	10	15	0	0	10	3	0	0	0	0	0	
0	0	0	0	0	0	0	0	0	5	0	0	0	0	0	21	13	0	0	0	6	0	4	14	0	0	0	0	
0	0	0	0	0	0	0	0	0	3	2	0	2	7	0	0	6	0	4	10	0	0	0	0	0	0	0	0	
0	0	0	0	0	0	0	0	14	0	0	15	4	0	3	20	67	169	236	168	8	0	12	3	0	0	0	0	
0	0	0	0	0	0	0	0	6	0	3	9	0	4	120	211	255	253	255	236	51	2	0	0	0	0	0	0	
0	0	0	0	0	0	0	0	1	0	8	0	5	126	240	248	255	240	254	249	45	3	1	0	0	0	0	0	
0	0	0	0	0	0	0	0	0	5	9	0	37	227	255	239	99	94	64	35	0	0	18	0	0	0	0	0	
0	0	0	0	0	0	0	0	7	2	0	15	168	254	195	40	21	0	0	0	2	8	0	9	0	0	0	0	
0	0	0	0	0	0	0	0	0	0	13	2	229	192	30	1	0	10	5	171	174	0	6	0	0	0	0	0	
0	0	0	0	0	0	0	0	0	9	0	63	254	64	0	4	15	11	153	201	89	8	0	3	0	0	0	0	
0	0	0	0	0	0	0	0	17	0	8	177	221	25	29	21	45	228	246	90	2	2	3	6	0	0	0	0	
0	0	0	0	0	0	0	0	0	0	28	219	232	194	241	255	255	116	40	7	0	2	0	3	0	0	0	0	
0	0	0	0	0	0	0	0	0	27	0	195	245	249	253	196	108	7	0	0	0	18	0	1	0	0	0	0	
0	0	0	0	0	0	0	0	0	0	52	248	255	255	118	0	0	11	3	0	0	0	5	0	0	0	0	0	
0	0	0	0	0	0	0	0	3	23	167	251	255	150	19	0	0	0	0	0	1	1	0	0	0	0	0	0	
0	0	0	0	0	0	0	0	5	122	254	104	223	246	94	9	0	0	0	0	0	1	0	0	0	0	0	0	
0	0	0	0	0	0	0	0	0	216	187	9	4	245	172	0	1	0	0	0	0	1	0	0	0	0	0	0	
0	0	0	0	0	0	0	0	10	217	100	0	25	110	255	0	2	0	0	0	0	1	0	0	0	0	0	0	
0	0	0	0	0	0	0	0	55	255	17	0	0	0	207	174	4	2	0	0	0	0	0	0	0	0	0	0	
0	0	0	0	0	0	0	0	55	236	129	15	5	1	125	207	5	3	0	0	0	0	0	0	0	0	0	0	
0	0	0	0	0	0	0	0	0	157	255	109	18	19	131	230	6	3	0	0	0	0	0	0	0	0	0	0	
0	0	0	0	0	0	0	0	4	87	218	249	255	228	233	217	7	4	0	0	0	0	0	0	0	0	0	0	
0	0	0	0	0	0	0	0	0	8	33	157	155	240	170	86	0	0	0	0	0	0	0	0	0	0	0	0	
0	0	0	0	0	0	0	0	0	0	0	16	0	17	11	0	0	0	0	0	0	0	0	0	0	0	0	0	
0	0	0	0	0	0	0	0	0	0	7	4	0	0	2	0	0	0	0	0	0	0	0	0	0	0	0	0	
0	0	0	0	0	0	0	0	2	0	0	0	10	4	4	0	0	0	0	0	0	0	0	0	0	0	0	0	
