0	0	0	0	0	0	0	0	3	0	0	4	5	1	2	7	0	6	0	2	0	13	0	0	0	0	3	2	
0	0	0	0	0	0	0	0	8	0	0	0	0	0	0	0	0	1	0	8	0	1	0	0	9	3	0	0	
0	0	0	0	0	0	0	0	0	0	2	4	6	7	4	0	8	2	0	6	0	0	0	15	3	0	0	0	
0	0	0	0	0	0	0	0	0	6	8	0	0	0	0	0	0	0	0	5	3	0	0	0	0	0	1	5	
0	0	0	0	0	0	0	0	3	2	0	0	0	3	8	9	4	16	3	0	2	0	8	0	9	3	1	3	
0	0	0	0	0	0	0	0	1	0	0	2	11	8	0	0	0	0	0	12	79	152	246	255	44	17	0	0	
0	0	0	0	0	0	0	0	3	0	0	4	0	0	0	9	20	88	150	211	255	253	255	237	38	13	0	0	
0	0	0	0	0	0	0	0	0	0	2	3	0	16	86	159	212	248	255	251	214	115	83	27	3	0	0	6	
0	0	0	0	0	0	0	0	0	6	4	12	178	239	250	253	255	136	128	22	0	166	192	0	0	0	0	0	
0	0	0	0	0	0	0	0	0	3	123	237	244	241	160	90	0	17	0	17	232	255	243	28	0	0	0	0	
0	0	0	0	0	0	0	0	2	166	255	255	187	34	1	0	1	11	110	251	255	250	110	0	0	0	0	0	
0	0	0	0	0	0	0	0	0	197	255	67	17	6	0	3	0	137	246	255	210	88	0	26	0	0	0	0	
0	0	0	0	0	0	0	0	5	164	248	238	51	0	7	0	98	231	255	158	14	4	0	0	0	0	0	0	
0	0	0	0	0	0	0	0	0	0	121	248	225	117	13	83	235	255	177	10	0	7	2	4	0	0	0	0	
0	0	0	0	0	0	0	0	0	15	14	48	206	240	201	241	255	223	11	13	0	0	0	4	0	0	0	0	
0	0	0	0	0	0	0	0	0	0	5	0	28	229	246	255	238	45	9	0	0	3	4	0	0	0	0	0	
1	2	0	0	6	0	0	2	0	0	1	77	211	250	255	253	82	11	0	1	0	0	1	3	0	0	0	0	
0	0	0	1	1	0	0	3	5	9	145	244	252	255	227	255	56	0	0	5	0	2	0	0	0	0	0	0	
0	0	1	2	0	0	5	0	0	177	255	255	138	33	36	255	39	0	0	6	3	5	0	0	0	0	0	0	
0	0	1	2	0	0	3	0	82	255	255	115	0	8	56	244	38	0	0	2	0	4	0	3	0	0	0	0	
3	0	0	1	0	0	0	0	191	249	85	2	9	0	187	255	31	3	1	0	0	4	0	5	0	0	0	0	
2	2	0	0	5	0	0	18	210	240	5	7	0	174	230	186	10	0	2	0	3	6	0	2	0	0	0	0	
0	6	0	0	9	0	1	59	255	173	81	145	232	254	255	51	0	0	2	0	3	6	0	2	0	0	0	0	
0	8	0	0	10	0	7	91	249	253	255	255	245	133	17	6	1	0	3	0	0	4	0	5	0	0	0	0	
0	0	0	0	0	0	0	0	218	226	184	90	15	0	0	0	0	0	0	0	0	0	0	0	0	0	0	0	
0	0	0	0	0	0	0	0	0	0	2	0	0	2	7	5	0	0	0	0	0	0	0	0	0	0	0	0	
0	0	0	0	0	0	0	0	14	3	0	6	9	1	0	0	0	0	0	0	0	0	0	0	0	0	0	0	
0	0	0	0	0	0	0	0	0	0	0	0	0	0	1	13	0	0	0	0	0	0	0	0	0	0	0	0	
