0	0	0	0	0	0	0	0	7	0	6	16	0	0	11	0	0	6	1	0	0	0	4	0	0	0	0	0	
0	0	0	0	0	0	0	0	1	4	0	0	0	7	0	4	0	6	3	7	10	2	0	0	0	0	0	0	
0	0	0	0	0	0	0	0	0	6	18	1	0	0	7	14	0	0	0	0	1	0	0	6	0	0	0	0	
0	0	0	0	0	0	0	0	2	0	5	7	3	0	3	0	10	8	8	0	0	0	0	3	0	0	0	0	
0	0	0	0	0	0	0	0	0	12	0	0	0	9	0	16	0	0	8	4	0	7	0	0	0	0	0	0	
0	0	0	0	0	0	0	0	17	0	26	1	27	124	230	146	46	0	0	0	0	6	4	1	0	0	0	0	
0	0	0	0	0	0	0	0	0	5	1	16	218	255	255	250	201	46	8	9	0	2	2	0	0	0	0	0	
0	0	0	0	0	0	0	0	4	7	28	230	255	205	92	160	255	50	0	14	0	6	1	0	0	0	0	0	
0	0	0	0	0	0	0	0	0	2	180	239	176	10	3	154	255	255	155	6	0	15	0	0	0	0	0	0	
0	0	0	0	0	0	0	0	0	50	255	187	2	3	164	247	255	168	67	1	0	2	0	5	0	0	0	0	
0	0	0	0	0	0	0	0	0	174	233	91	9	81	248	245	111	35	3	0	0	5	0	0	0	0	0	0	
0	0	0	0	0	0	0	0	22	213	220	0	56	254	255	159	1	0	0	0	1	10	1	0	0	0	0	0	
0	0	0	0	0	0	0	0	114	255	147	0	146	255	164	29	14	6	1	0	1	3	0	6	0	0	0	0	
0	0	0	0	0	0	0	0	127	251	237	121	229	255	57	0	0	2	9	0	0	7	0	0	0	0	0	0	
0	0	0	0	0	0	0	0	6	156	255	255	239	247	218	94	18	0	5	0	0	7	0	0	0	0	0	0	
0	0	0	0	0	0	0	0	3	12	80	217	255	249	255	250	198	41	0	10	4	0	0	9	0	0	0	0	
0	0	0	0	0	0	0	0	0	7	1	175	206	66	126	212	247	219	64	5	0	1	5	0	0	0	0	0	
0	0	0	0	0	0	0	0	0	0	0	177	190	3	13	8	126	254	156	6	2	6	0	4	0	0	0	0	
0	0	0	0	0	0	0	0	0	12	3	180	202	0	0	0	0	231	224	18	13	6	0	1	0	0	0	0	
0	0	0	0	0	0	0	0	4	0	0	178	212	0	6	2	13	221	254	27	0	0	5	10	0	0	0	0	
0	0	0	0	0	0	0	0	14	0	0	188	211	22	5	0	0	209	255	33	0	0	7	0	0	0	0	0	
0	0	0	0	0	0	0	0	0	13	14	154	255	129	0	3	0	219	220	18	5	7	0	0	0	0	0	0	
0	0	0	0	0	0	0	0	0	7	0	57	222	244	57	33	163	228	121	0	0	0	2	6	0	0	0	0	
0	0	0	0	0	0	0	0	13	0	7	0	52	255	250	243	248	135	0	3	7	0	5	0	0	0	0	0	
0	0	0	0	0	0	0	0	1	6	3	0	0	46	124	185	73	23	0	0	7	0	0	7	0	0	0	0	
0	0	0	0	0	0	0	0	0	0	4	6	3	1	1	4	18	0	0	0	5	1	0	0	0	0	0	0	
0	0	0	0	0	0	0	0	6	0	0	0	0	2	0	0	0	0	2	0	1	5	1	0	0	0	0	0	
0	0	0	0	0	0	0	0	0	1	2	3	2	3	5	6	0	7	7	0	0	2	2	0	0	0	0	0	
