0	0	0	0	0	0	0	0	0	1	4	6	5	2	0	0	5	0	0	0	1	1	2	5	0	0	0	0	
0	0	0	0	0	0	0	0	12	0	0	0	0	2	4	3	0	5	13	3	0	0	0	0	0	0	0	0	
0	0	0	0	0	0	0	0	0	2	10	8	0	0	0	0	12	0	0	0	4	0	0	9	0	0	0	0	
0	0	0	0	0	0	0	0	3	0	0	0	4	9	6	0	0	6	14	4	0	2	0	0	0	0	0	0	
0	0	0	0	0	0	0	0	0	0	0	0	0	0	0	0	9	0	0	0	0	0	1	5	0	0	0	0	
0	0	0	0	0	0	0	0	0	0	0	1	1	2	5	7	1	0	3	8	6	0	0	3	0	0	0	0	
0	0	0	0	0	0	0	0	0	0	28	87	162	221	247	251	238	255	239	120	15	0	0	0	0	0	0	0	
0	0	0	0	0	0	0	0	8	93	199	255	255	249	248	255	255	240	250	255	208	77	0	1	0	0	0	0	
0	14	0	8	0	0	0	51	217	240	255	253	246	255	251	250	251	255	254	241	254	211	68	6	0	0	0	0	
0	4	0	3	0	7	16	196	255	255	251	255	251	247	170	130	148	158	255	255	247	255	213	26	0	0	0	0	
0	0	8	0	0	4	14	255	245	238	218	147	104	14	0	4	88	233	226	255	241	255	202	0	0	0	0	0	
6	0	6	0	0	0	0	209	255	254	29	0	0	13	0	60	210	251	255	252	254	112	34	12	0	0	0	0	
0	0	1	0	1	4	2	92	235	239	0	4	26	0	53	255	254	255	228	249	101	0	0	0	0	0	0	0	
0	0	1	4	0	0	9	12	223	249	188	55	0	60	255	238	255	247	206	32	0	5	3	0	0	0	0	0	
0	0	1	0	0	0	1	0	69	227	255	223	170	236	255	252	253	206	43	0	0	9	0	16	0	0	0	0	
5	0	0	0	8	5	0	0	2	16	185	255	251	255	241	255	211	27	0	23	0	0	18	0	0	0	0	0	
0	0	0	0	0	0	0	0	0	9	177	249	244	255	245	255	19	14	1	0	0	12	4	0	0	0	0	0	
0	0	1	0	0	0	0	1	19	173	250	247	255	253	239	255	88	0	9	11	2	0	1	2	0	0	0	0	
1	2	2	0	0	0	0	3	56	247	253	255	217	118	114	192	255	76	1	0	0	0	6	0	0	0	0	0	
1	1	1	0	0	0	3	6	108	255	255	247	76	6	0	4	188	175	7	0	0	0	0	5	0	0	0	0	
0	0	0	0	0	1	5	9	224	255	255	173	0	0	3	8	155	255	85	11	8	8	0	0	0	0	0	0	
0	0	0	0	0	1	4	7	203	244	255	106	3	0	21	56	195	236	125	0	0	7	7	9	0	0	0	0	
0	0	0	0	0	0	0	2	83	255	246	94	74	126	213	253	255	255	187	22	0	0	0	3	0	0	0	0	
0	1	2	1	0	0	0	0	1	245	240	255	255	242	255	255	246	255	108	0	5	3	3	0	0	0	0	0	
0	0	0	0	0	0	0	0	1	94	229	254	255	238	255	252	202	96	4	0	8	3	0	0	0	0	0	0	
0	0	0	0	0	0	0	0	0	1	122	190	211	184	165	69	23	3	0	0	0	0	0	9	0	0	0	0	
0	0	0	0	0	0	0	0	1	0	10	2	8	0	7	2	0	1	8	5	2	1	0	0	0	0	0	0	
0	0	0	0	0	0	0	0	5	4	5	0	13	0	0	7	9	6	0	0	0	9	6	0	0	0	0	0	
