0	0	0	0	0	0	0	0	1	0	4	2	0	2	0	11	0	4	0	5	0	4	0	0	0	0	0	0	
0	0	0	0	0	0	0	0	5	7	17	0	0	16	1	0	2	0	0	4	1	9	5	0	0	0	0	0	
0	0	0	0	0	0	0	0	3	0	0	0	0	0	0	8	1	0	3	0	0	0	0	0	0	0	0	0	
0	0	0	0	0	0	0	0	0	10	21	7	0	2	0	0	2	0	13	5	0	0	2	4	0	0	0	0	
0	0	0	0	0	0	0	0	8	0	0	0	4	0	0	8	0	0	0	0	15	11	2	0	0	0	0	0	
0	0	0	0	0	0	0	0	0	10	9	7	0	28	134	223	255	203	32	0	0	0	4	6	0	0	0	0	
0	0	0	0	0	0	0	0	0	14	0	0	85	206	255	246	255	239	31	9	13	5	2	0	0	0	0	0	
0	0	0	0	0	0	0	0	0	0	31	158	253	255	240	209	171	200	0	0	1	0	0	1	0	0	0	0	
0	0	0	0	0	0	0	0	2	11	204	255	242	253	131	18	0	0	1	0	6	6	0	1	0	0	0	0	
0	0	0	0	0	0	0	0	0	124	255	253	191	54	7	0	0	0	5	0	0	0	3	4	0	0	0	0	
0	0	0	0	0	0	0	0	0	255	239	101	0	15	0	5	13	83	54	0	27	3	0	4	0	0	0	0	
0	0	0	0	0	0	0	0	16	170	255	108	0	0	0	1	42	242	145	0	0	3	0	1	0	0	0	0	
0	0	0	0	0	0	0	0	0	29	255	236	95	19	0	7	224	220	29	3	7	0	6	0	0	0	0	0	
0	0	0	0	0	0	0	0	17	11	99	224	248	174	117	206	249	193	12	0	0	0	11	0	0	0	0	0	
0	0	0	0	0	0	0	0	0	5	1	7	186	248	253	255	254	97	0	0	24	1	0	0	0	0	0	0	
0	0	0	0	0	0	0	0	15	0	4	10	0	155	243	255	237	0	3	7	0	0	12	1	0	0	0	0	
0	0	0	0	0	0	0	0	3	0	18	0	0	140	255	249	238	123	0	4	0	7	0	3	0	0	0	0	
0	0	0	0	0	0	0	0	8	7	0	14	59	238	226	49	185	162	16	7	0	10	1	3	0	0	0	0	
0	0	0	0	0	0	0	0	0	0	10	0	159	255	70	14	131	200	41	0	0	0	0	0	0	0	0	0	
0	0	0	0	0	0	0	0	20	0	0	71	229	237	16	0	135	247	62	6	3	5	4	9	0	0	0	0	
0	0	0	0	0	0	0	0	0	5	0	134	255	255	0	0	116	252	58	0	0	0	0	0	0	0	0	0	
0	0	0	0	0	0	0	0	0	9	24	96	246	250	0	12	132	255	76	4	1	8	5	3	0	0	0	0	
0	0	0	0	0	0	0	0	14	0	0	80	255	255	228	161	179	247	49	0	0	1	0	0	0	0	0	0	
0	0	0	0	0	0	0	0	0	0	0	2	173	250	255	245	255	242	24	0	8	5	0	11	0	0	0	0	
0	0	0	0	0	0	0	0	4	0	0	0	19	108	159	220	184	47	0	7	0	0	6	0	0	0	0	0	
0	0	0	0	0	0	0	0	0	0	10	11	0	16	0	11	11	0	0	6	0	0	11	0	0	0	0	0	
0	0	0	0	0	0	0	0	3	3	3	0	0	0	0	0	0	0	13	8	0	1	4	0	0	0	0	0	
0	0	0	0	0	0	0	0	0	0	0	2	2	9	5	7	13	2	0	0	1	0	0	3	0	0	0	0	
