0	0	0	0	0	0	0	0	5	1	4	0	8	5	1	0	0	7	0	0	0	5	2	0	0	0	0	0	
0	0	0	0	0	0	0	0	0	0	11	18	0	2	0	0	0	1	4	14	3	0	0	0	0	0	0	0	
0	0	0	0	0	0	0	0	6	0	0	0	1	0	2	1	1	0	0	6	0	3	1	4	0	0	0	0	
0	0	0	0	0	0	0	0	8	2	0	0	11	3	0	5	3	4	0	11	0	4	2	2	0	0	0	0	
0	0	0	0	0	0	0	0	0	27	0	5	0	11	0	0	4	0	0	7	0	0	0	0	0	0	0	0	
0	0	0	0	0	0	0	0	10	0	5	1	31	98	192	107	150	93	21	0	1	1	0	3	0	0	0	0	
0	0	0	0	0	0	0	0	0	24	0	21	227	245	255	251	250	243	154	14	3	3	8	0	0	0	0	0	
0	0	0	0	0	0	0	0	4	0	27	219	244	254	189	112	102	245	247	47	0	0	17	0	0	0	0	0	
0	0	0	0	0	0	0	0	0	4	184	232	255	116	5	5	0	163	251	41	5	0	21	0	0	0	0	0	
0	0	0	0	0	0	0	0	1	0	250	255	185	0	11	0	10	166	252	44	0	0	0	18	0	0	0	0	
0	0	0	0	0	0	0	0	0	5	254	240	10	14	0	8	105	254	191	27	0	2	10	0	0	0	0	0	
0	0	0	0	0	0	0	0	1	0	255	246	78	0	0	94	241	228	33	0	7	0	10	17	0	0	0	0	
0	0	0	0	0	0	0	0	0	18	195	251	253	153	222	255	244	158	16	0	0	17	0	0	0	0	0	0	
0	0	0	0	0	0	0	0	9	0	34	197	236	251	245	255	186	75	0	2	12	0	0	10	0	0	0	0	
0	0	0	0	0	0	0	0	7	0	2	9	122	246	254	239	254	238	129	9	0	0	19	0	0	0	0	0	
0	0	0	0	0	0	0	0	0	7	0	44	247	232	178	107	201	251	255	40	0	16	0	3	0	0	0	0	
0	0	0	0	0	0	0	0	0	4	27	172	255	81	0	0	27	203	253	157	0	4	4	0	0	0	0	0	
0	0	0	0	0	0	0	0	0	18	127	204	17	0	3	9	0	23	248	255	17	0	13	0	0	0	0	0	
0	0	0	0	0	0	0	0	2	48	255	185	5	0	0	0	8	44	254	184	24	2	0	9	0	0	0	0	
0	0	0	0	0	0	0	0	0	213	249	161	0	0	14	0	0	5	239	158	0	0	14	0	0	0	0	0	
0	0	0	0	0	0	0	0	3	193	255	155	9	6	0	8	1	185	255	71	6	0	0	15	0	0	0	0	
0	0	0	0	0	0	0	0	0	219	255	162	0	12	0	0	24	255	228	14	0	16	0	0	0	0	0	0	
0	0	0	0	0	0	0	0	0	45	248	255	231	115	85	201	242	239	94	10	0	0	0	8	0	0	0	0	
0	0	0	0	0	0	0	0	7	6	117	242	251	255	245	248	254	142	0	9	3	8	4	0	0	0	0	0	
0	0	0	0	0	0	0	0	0	18	4	79	139	162	222	201	56	21	0	1	5	0	0	4	0	0	0	0	
0	0	0	0	0	0	0	0	2	14	0	2	8	0	12	0	10	0	0	0	5	0	0	4	0	0	0	0	
0	0	0	0	0	0	0	0	0	6	0	3	3	0	6	0	0	0	0	4	2	0	0	0	0	0	0	0	
0	0	0	0	0	0	0	0	1	1	5	1	0	0	0	0	0	5	6	1	0	0	0	0	0	0	0	0	
