0	0	0	0	0	0	0	0	0	2	2	0	0	0	2	2	6	0	0	14	0	0	2	1	0	3	5	1	
0	0	0	0	0	0	0	0	9	0	0	3	6	0	0	0	1	2	4	7	0	1	6	0	0	0	0	0	
0	0	0	0	0	0	0	0	0	0	0	5	4	0	3	11	0	0	0	0	0	4	3	0	2	1	0	0	
0	0	0	0	0	0	0	0	0	4	2	0	0	0	0	0	9	0	5	1	18	9	0	0	3	4	3	1	
0	0	0	0	0	0	0	0	12	1	0	0	8	9	3	0	0	0	11	0	0	0	7	5	0	0	4	5	
0	0	0	0	0	0	0	0	2	0	0	9	0	0	0	24	1	37	107	168	253	250	167	0	0	0	0	2	
0	0	0	0	0	0	0	0	0	0	3	0	0	12	56	97	228	254	255	243	253	249	248	94	10	1	0	0	
0	0	0	0	0	0	0	0	0	8	0	0	60	169	241	254	251	250	244	246	255	244	242	60	31	12	0	0	
0	0	0	0	0	0	0	0	13	0	14	71	242	245	252	255	254	244	255	252	255	253	248	219	233	6	0	0	
0	0	0	0	0	0	0	0	0	19	162	239	250	255	255	246	243	255	249	244	235	248	255	254	167	13	8	7	
0	0	0	0	0	0	0	0	0	176	255	255	235	250	229	124	247	255	240	255	255	255	237	217	30	0	0	0	
0	0	0	0	0	0	0	0	86	205	250	248	255	150	135	249	246	255	249	247	255	248	135	33	0	0	5	0	
0	0	0	0	0	0	0	0	224	255	243	255	151	94	255	251	255	236	255	250	198	82	0	6	0	19	7	5	
0	0	0	0	0	0	0	0	199	255	246	254	254	248	252	246	240	255	255	116	44	6	0	14	0	0	0	0	
0	0	0	0	0	0	0	0	145	253	255	243	255	254	251	255	255	204	82	0	0	6	0	0	6	6	0	4	
0	0	0	0	0	0	0	0	3	64	255	240	255	253	252	254	255	192	23	0	6	0	3	4	0	0	0	6	
0	6	5	0	6	0	6	0	0	115	250	255	238	255	255	250	242	255	166	0	2	0	0	1	0	0	0	0	
0	0	0	0	0	13	0	15	131	250	255	234	250	155	83	204	255	246	196	13	0	6	2	3	0	0	0	0	
5	10	0	6	5	9	22	134	237	254	246	189	96	0	0	129	244	237	255	59	0	4	0	0	0	0	0	0	
0	6	0	5	2	0	119	243	247	255	166	29	0	0	4	50	251	248	255	46	0	9	3	0	0	0	0	0	
0	0	0	2	0	48	201	255	255	176	29	0	8	0	33	148	236	255	239	42	3	0	2	0	0	0	0	0	
5	1	8	11	0	207	254	247	96	21	0	35	49	108	213	252	255	255	171	28	7	0	0	0	0	0	0	0	
0	0	0	1	0	255	255	239	184	154	156	227	255	251	255	247	255	159	34	0	0	9	10	0	0	0	0	0	
0	15	0	0	8	222	253	253	249	255	246	247	250	248	255	240	112	22	0	13	2	0	0	7	0	0	0	0	
2	2	2	0	0	31	145	255	241	255	248	246	242	128	104	12	0	0	0	0	0	0	0	0	0	0	0	0	
3	0	0	7	5	0	2	16	9	16	0	0	15	0	15	0	0	0	0	0	0	0	0	0	0	0	0	0	
3	0	0	1	2	0	0	0	0	0	0	1	3	0	6	0	0	0	0	0	0	0	0	0	0	0	0	0	
0	1	8	4	0	0	5	10	4	8	7	11	0	3	0	0	0	0	0	0	0	0	0	0	0	0	0	0	
