0	0	0	0	0	0	0	0	2	0	0	0	6	1	0	0	2	0	14	3	0	13	4	0	0	0	0	0	
0	0	0	0	0	0	0	0	0	0	7	0	0	0	13	9	0	16	0	6	0	0	0	8	0	0	0	0	
0	0	0	0	0	0	0	0	17	0	1	16	5	0	0	0	0	0	0	17	4	5	0	0	0	0	0	0	
0	0	0	0	0	0	0	0	3	0	0	2	0	0	2	22	19	0	5	0	0	3	11	3	0	0	0	0	
0	0	0	0	0	0	0	0	0	11	0	0	11	8	0	0	0	16	1	2	5	2	0	0	0	0	0	0	
0	0	0	0	0	0	0	0	2	7	0	3	21	0	0	43	199	250	57	0	1	0	0	9	0	0	0	0	
0	0	0	0	0	0	0	0	0	0	3	3	0	5	114	230	248	255	122	0	4	11	0	5	0	0	0	0	
0	0	0	0	0	0	0	0	0	0	9	0	4	122	240	255	255	234	248	20	0	0	1	0	0	0	0	0	
0	0	0	0	0	0	0	0	0	2	9	17	125	255	247	255	249	244	255	125	0	0	5	0	0	0	0	0	
0	0	0	0	0	0	0	0	12	0	2	242	255	227	255	143	204	255	226	112	15	10	5	5	0	0	0	0	
0	0	0	0	0	0	0	0	0	37	187	245	255	246	255	193	230	253	255	232	163	0	2	0	0	0	0	0	
0	0	0	0	0	0	0	0	0	107	243	246	247	212	81	176	255	250	243	245	255	40	0	20	0	0	0	0	
0	0	0	0	0	0	0	0	15	212	255	251	222	24	117	237	248	253	255	248	128	19	0	0	0	0	0	0	
0	0	0	0	0	0	0	0	43	255	227	251	253	227	255	239	255	244	158	17	0	5	0	6	0	0	0	0	
0	0	0	0	0	0	0	0	0	155	255	253	247	250	255	255	255	255	214	5	2	0	20	0	0	0	0	0	
0	0	0	0	0	0	0	0	3	26	98	253	255	252	229	120	142	255	214	1	7	0	6	0	0	0	0	0	
0	0	0	0	0	0	0	0	7	0	22	255	246	251	47	0	153	232	173	2	0	0	9	0	0	0	0	0	
0	0	0	0	0	0	0	0	0	28	202	255	228	46	10	5	218	255	136	3	0	2	9	0	0	0	0	0	
0	0	0	0	0	0	0	0	0	125	237	233	96	0	0	12	248	255	70	0	0	6	1	0	0	0	0	0	
0	0	0	0	0	0	0	0	25	229	255	214	22	26	0	85	241	171	15	0	0	1	0	0	0	0	0	0	
0	0	0	0	0	0	0	0	161	250	241	24	0	0	58	190	255	97	0	1	0	2	2	1	0	0	0	0	
0	0	0	0	0	0	0	0	141	247	255	0	11	1	135	255	255	61	0	0	0	0	5	0	0	0	0	0	
0	0	0	0	0	0	0	0	158	255	233	114	119	188	249	252	144	29	0	0	1	0	3	0	0	0	0	0	
0	0	0	0	0	0	0	0	117	245	251	255	255	250	255	158	8	0	0	8	7	0	2	1	0	0	0	0	
0	0	0	0	0	0	0	0	0	125	233	255	255	233	125	0	0	0	0	0	0	0	0	0	0	0	0	0	
0	0	0	0	0	0	0	0	0	10	10	0	0	10	10	0	0	0	0	0	0	0	0	0	0	0	0	0	
0	0	0	0	0	0	0	0	2	0	0	5	5	0	0	2	0	0	0	0	0	0	0	0	0	0	0	0	
0	0	0	0	0	0	0	0	5	3	0	0	0	0	3	5	0	0	0	0	0	0	0	0	0	0	0	0	
