0	0	0	0	0	0	0	0	0	13	0	4	0	0	0	0	11	0	3	0	0	4	9	0	0	0	0	0	
0	0	0	0	0	0	0	0	1	0	15	0	0	13	0	2	0	22	6	10	4	6	0	2	0	0	0	0	
0	0	0	0	0	0	0	0	0	11	0	31	0	0	5	2	0	0	3	0	0	8	0	15	0	0	0	0	
0	0	0	0	0	0	0	0	12	0	4	2	5	8	12	0	13	0	0	18	18	0	0	0	0	0	0	0	
0	0	0	0	0	0	0	0	6	3	3	0	0	115	211	255	255	199	13	0	2	0	22	0	0	0	0	0	
0	0	0	0	0	0	0	0	0	0	12	146	228	255	252	183	188	255	239	7	0	0	0	0	0	0	0	0	
0	0	0	0	0	0	0	0	4	34	199	241	255	135	29	0	3	79	247	35	4	10	0	0	0	0	0	0	
0	0	0	0	0	0	0	0	0	202	243	255	29	14	0	97	32	1	88	138	6	0	11	0	0	0	0	0	
0	0	0	0	0	0	0	0	91	245	218	16	0	0	119	255	255	18	3	34	0	4	7	0	0	0	0	0	
0	0	0	0	0	0	0	0	166	255	50	0	0	0	79	120	250	239	0	0	8	0	0	10	0	0	0	0	
0	0	0	0	0	0	0	0	253	250	31	0	5	3	2	0	102	232	37	20	0	10	0	0	0	0	0	0	
0	0	0	0	0	0	0	0	103	255	202	18	0	16	0	13	132	252	3	6	3	2	10	0	0	0	0	0	
0	0	0	0	0	0	0	0	11	181	241	255	188	171	181	216	255	203	2	0	2	0	13	3	0	0	0	0	
0	0	0	0	0	0	0	0	0	9	120	249	233	233	255	245	157	33	12	0	9	18	0	0	0	0	0	0	
0	0	0	0	0	0	0	0	0	0	180	255	233	124	67	130	255	253	110	11	4	0	0	17	0	0	0	0	
0	0	0	0	0	0	0	0	10	20	250	255	17	6	4	0	124	244	255	161	1	1	7	0	0	0	0	0	
0	0	0	0	0	0	0	0	0	169	255	107	0	3	2	3	13	0	112	255	199	32	0	0	0	0	0	0	
0	0	0	0	0	0	0	0	0	255	243	43	2	0	0	0	0	29	0	117	239	176	4	6	0	0	0	0	
0	0	0	0	0	0	0	0	64	255	250	0	5	8	0	17	0	0	0	0	255	247	0	0	0	0	0	0	
0	0	0	0	0	0	0	0	80	250	255	0	0	13	0	0	9	8	0	7	217	255	5	0	0	0	0	0	
0	0	0	0	0	0	0	0	7	255	255	21	0	0	11	2	0	7	0	146	255	151	9	0	0	0	0	0	
0	0	0	0	0	0	0	0	0	214	255	185	6	24	0	11	4	6	108	243	201	0	2	6	0	0	0	0	
0	0	0	0	0	0	0	0	8	34	254	255	243	172	176	164	236	231	255	213	22	0	4	0	0	0	0	0	
0	0	0	0	0	0	0	0	0	0	29	179	225	255	245	255	226	175	83	1	0	0	8	0	0	0	0	0	
0	0	0	0	0	0	0	0	0	0	0	0	0	0	0	0	0	0	0	0	0	0	0	0	0	0	0	0	
0	0	0	0	0	0	0	0	0	0	0	0	0	0	0	0	0	0	0	0	0	0	0	0	0	0	0	0	
0	0	0	0	0	0	0	0	0	0	0	0	0	0	0	0	0	0	0	0	0	0	0	0	0	0	0	0	
0	0	0	0	0	0	0	0	0	0	0	0	0	0	0	0	0	0	0	0	0	0	0	0	0	0	0	0	
