0	0	0	0	0	0	0	0	9	0	0	7	0	0	2	0	0	0	9	0	0	9	8	0	0	0	0	0	
0	0	0	0	0	0	0	0	0	4	3	2	8	5	0	1	4	0	10	0	11	0	3	12	0	0	0	0	
0	0	0	0	0	0	0	0	11	0	0	0	0	0	6	0	0	8	0	11	0	5	0	1	0	0	0	0	
0	0	0	0	0	0	0	0	0	0	5	11	0	0	13	2	5	0	10	0	11	0	20	0	0	0	0	0	
0	0	0	0	0	0	0	0	0	14	0	0	14	0	0	7	0	0	6	7	2	0	17	0	0	0	0	0	
0	0	0	0	0	0	0	0	0	0	15	0	25	200	255	144	208	224	194	243	135	55	0	3	0	0	0	0	
0	0	0	0	0	0	0	0	9	1	0	70	202	245	236	255	235	255	255	248	255	62	0	2	0	0	0	0	
0	0	0	0	0	0	0	0	0	0	102	246	255	189	144	133	191	225	193	157	251	62	0	4	0	0	0	0	
0	0	0	0	0	0	0	0	5	0	255	244	132	6	0	2	7	0	47	57	255	67	1	0	0	0	0	0	
0	0	0	0	0	0	0	0	0	40	253	110	1	0	0	0	0	0	16	220	246	75	0	9	0	0	0	0	
0	0	0	0	0	0	0	0	15	51	255	128	0	4	18	1	0	14	143	255	217	5	10	0	0	0	0	0	
0	0	0	0	0	0	0	0	0	120	227	255	137	0	0	0	9	142	241	209	43	7	0	0	0	0	0	0	
0	0	0	0	0	0	0	0	5	14	255	255	220	17	0	9	135	236	248	52	0	0	11	1	0	0	0	0	
0	0	0	0	0	0	0	0	0	0	156	244	241	185	21	177	255	255	100	0	0	3	0	4	0	0	0	0	
0	0	0	0	0	0	0	0	0	4	18	193	255	234	213	255	236	148	0	4	5	11	0	2	0	0	0	0	
0	0	0	0	0	0	0	0	6	0	0	46	221	255	245	255	114	10	0	0	0	3	0	4	0	0	0	0	
0	0	0	0	0	0	0	0	0	12	7	0	157	255	245	252	67	0	0	0	9	0	0	7	0	0	0	0	
0	0	0	0	0	0	0	0	14	0	6	186	250	233	252	253	230	137	5	0	8	14	11	0	0	0	0	0	
0	0	0	0	0	0	0	0	0	5	36	251	255	122	118	253	253	238	54	6	2	0	2	1	0	0	0	0	
0	0	0	0	0	0	0	0	7	0	180	255	126	15	0	65	220	255	88	0	2	0	1	2	0	0	0	0	
0	0	0	0	0	0	0	0	2	0	255	173	20	13	7	0	84	227	141	0	3	6	6	0	0	0	0	0	
0	0	0	0	0	0	0	0	11	145	238	41	0	0	0	18	8	214	209	23	0	0	0	0	0	0	0	0	
0	0	0	0	0	0	0	0	44	242	255	158	129	127	144	169	168	250	157	6	0	4	0	0	0	0	0	0	
0	0	0	0	0	0	0	0	67	255	241	255	238	255	244	253	249	211	44	0	4	7	0	4	0	0	0	0	
0	0	0	0	0	0	0	0	0	142	138	141	241	192	136	255	169	39	0	10	2	0	9	0	0	0	0	0	
0	0	0	0	0	0	0	0	0	0	4	11	6	0	0	9	11	0	0	9	0	0	7	0	0	0	0	0	
0	0	0	0	0	0	0	0	18	0	0	0	0	0	3	0	0	2	16	10	0	0	4	0	0	0	0	0	
0	0	0	0	0	0	0	0	0	8	0	0	18	6	0	10	12	2	0	0	2	1	0	5	0	0	0	0	
