0	0	0	0	0	0	0	0	0	4	0	6	0	8	0	1	0	0	8	0	5	2	3	0	0	0	0	0	
0	0	0	0	0	0	0	0	15	11	0	0	0	1	2	2	0	12	0	0	3	7	0	4	0	0	0	0	
0	0	0	0	0	0	0	0	0	0	0	12	13	0	0	1	4	0	0	9	7	0	1	9	0	0	0	0	
0	0	0	0	0	0	0	0	0	15	16	0	0	2	11	0	0	1	13	0	9	0	0	0	0	0	0	0	
0	0	0	0	0	0	0	0	3	0	0	18	3	14	0	0	4	0	0	0	5	12	4	9	0	0	0	0	
0	0	0	0	0	0	0	0	0	1	0	5	0	29	102	207	120	0	8	48	0	0	0	0	0	0	0	0	
0	0	0	0	0	0	0	0	0	11	0	0	133	233	255	255	254	94	156	121	12	2	8	4	0	0	0	0	
0	0	0	0	0	0	0	0	7	0	7	61	246	255	255	251	131	133	218	7	6	0	0	0	0	0	0	0	
0	0	0	0	0	0	0	0	1	0	0	169	255	161	33	56	39	237	146	7	2	0	3	4	0	0	0	0	
0	0	0	0	0	0	0	0	5	10	0	195	249	38	1	0	204	206	62	0	7	0	0	0	0	0	0	0	
0	0	0	0	0	0	0	0	0	0	4	194	233	2	0	92	205	96	0	0	6	0	0	0	0	0	0	0	
0	0	0	0	0	0	0	0	0	0	6	112	232	22	25	222	66	0	0	5	0	0	2	6	0	0	0	0	
0	0	0	0	0	0	0	0	3	3	0	27	236	106	178	248	8	0	4	0	0	7	0	0	0	0	0	0	
0	0	0	0	0	0	0	0	5	0	0	5	163	248	255	153	0	6	6	0	0	3	0	0	0	0	0	0	
0	0	0	0	0	0	0	0	8	0	0	3	93	255	228	25	0	0	0	0	2	0	0	3	0	0	0	0	
0	0	0	0	0	0	0	0	0	13	0	0	141	243	255	4	4	2	0	2	1	0	9	0	0	0	0	0	
0	0	0	0	0	0	0	0	0	9	0	23	255	244	249	4	1	0	0	0	0	1	1	0	0	0	0	0	
0	0	0	0	0	0	0	0	0	0	0	127	238	88	255	84	2	0	0	0	0	1	0	0	0	0	0	0	
0	0	0	0	0	0	0	0	0	5	33	248	200	0	240	170	4	1	0	0	0	0	0	0	0	0	0	0	
0	0	0	0	0	0	0	0	8	4	40	242	102	6	184	229	5	2	0	0	0	0	0	0	0	0	0	0	
0	0	0	0	0	0	0	0	0	0	104	242	8	1	161	255	5	2	0	0	0	0	0	0	0	0	0	0	
0	0	0	0	0	0	0	0	16	0	121	237	0	0	196	233	4	1	0	0	0	0	0	0	0	0	0	0	
0	0	0	0	0	0	0	0	0	5	117	233	0	9	226	243	2	0	0	0	0	1	0	0	0	0	0	0	
0	0	0	0	0	0	0	0	6	0	34	236	157	219	255	162	1	0	0	0	0	1	1	0	0	0	0	0	
0	0	0	0	0	0	0	0	3	2	0	89	254	255	211	33	0	0	0	0	0	0	0	0	0	0	0	0	
0	0	0	0	0	0	0	0	0	8	0	0	11	0	24	0	0	0	0	0	0	0	0	0	0	0	0	0	
0	0	0	0	0	0	0	0	9	5	0	0	1	0	0	0	0	0	0	0	0	0	0	0	0	0	0	0	
0	0	0	0	0	0	0	0	3	0	0	3	0	8	0	5	0	0	0	0	0	0	0	0	0	0	0	0	
