0	0	0	0	0	0	0	0	1	0	10	0	0	9	0	0	3	2	0	0	0	2	7	0	0	0	0	0	
0	0	0	0	0	0	0	0	4	0	0	6	11	0	1	8	0	0	2	0	3	0	0	11	0	0	0	0	
0	0	0	0	0	0	0	0	0	7	0	4	4	0	0	0	7	6	6	0	4	8	0	5	0	0	0	0	
0	0	0	0	0	0	0	0	0	4	2	13	10	0	9	2	0	0	8	0	0	17	0	0	0	0	0	0	
0	0	0	0	0	0	0	0	10	0	4	0	0	0	0	8	12	0	3	7	0	3	7	0	0	0	0	0	
0	0	0	0	0	0	0	0	0	0	3	0	30	133	172	190	156	49	0	6	0	0	7	0	0	0	0	0	
0	0	0	0	0	0	0	0	0	0	7	38	129	233	255	247	248	140	8	0	8	0	4	0	0	0	0	0	
0	0	0	0	0	0	0	0	14	0	10	156	255	254	231	203	188	165	32	0	12	0	3	0	0	0	0	0	
0	0	0	0	0	0	0	0	1	3	12	238	255	108	22	3	140	250	207	25	0	2	0	0	0	0	0	0	
0	0	0	0	0	0	0	0	6	0	55	255	179	3	6	0	47	144	246	134	6	0	1	11	0	0	0	0	
0	0	0	0	0	0	0	0	3	0	108	255	116	0	11	3	6	71	255	186	0	0	0	0	0	0	0	0	
0	0	0	0	0	0	0	0	1	0	126	243	51	3	0	2	7	109	255	147	0	5	7	0	0	0	0	0	
0	0	0	0	0	0	0	0	0	3	87	251	31	2	0	6	0	190	242	60	0	0	4	4	0	0	0	0	
0	0	0	0	0	0	0	0	1	0	19	255	107	0	13	0	83	255	179	0	0	0	0	3	0	0	0	0	
0	0	0	0	0	0	0	0	10	1	0	183	203	7	0	32	228	254	88	0	1	13	2	4	0	0	0	0	
0	0	0	0	0	0	0	0	0	8	7	78	255	55	29	203	255	164	0	12	0	11	0	0	0	0	0	0	
0	0	0	0	0	0	0	0	0	13	0	0	227	166	176	254	227	62	0	9	8	0	4	0	0	0	0	0	
0	0	0	0	0	0	0	0	0	4	3	2	159	252	255	230	30	0	0	5	0	0	11	4	0	0	0	0	
0	0	0	0	0	0	0	0	8	0	8	11	104	229	241	135	0	0	13	7	0	0	6	0	0	0	0	0	
0	0	0	0	0	0	0	0	0	7	0	3	167	255	255	48	7	6	0	0	0	1	0	2	0	0	0	0	
0	0	0	0	0	0	0	0	0	0	0	129	255	244	246	121	0	0	0	0	5	0	0	9	0	0	0	0	
0	0	0	0	0	0	0	0	2	13	0	174	255	241	252	89	0	12	11	2	4	4	0	0	0	0	0	0	
0	0	0	0	0	0	0	0	0	0	0	188	249	199	239	123	0	0	0	0	0	7	6	0	0	0	0	0	
0	0	0	0	0	0	0	0	0	5	8	121	255	221	247	97	4	0	5	12	1	0	0	5	0	0	0	0	
0	0	0	0	0	0	0	0	1	8	0	14	136	169	75	0	0	0	0	0	0	0	0	0	0	0	0	0	
0	0	0	0	0	0	0	0	0	19	9	0	8	5	0	5	0	0	0	0	0	0	0	0	0	0	0	0	
0	0	0	0	0	0	0	0	2	2	0	0	0	0	0	12	0	0	0	0	0	0	0	0	0	0	0	0	
0	0	0	0	0	0	0	0	3	0	0	12	10	1	0	0	0	0	0	0	0	0	0	0	0	0	0	0	
