0	0	0	0	0	0	0	0	2	0	3	0	0	0	0	2	0	7	0	0	1	13	0	7	0	0	0	0	
0	0	0	0	0	0	0	0	0	0	14	6	8	0	18	0	0	0	0	6	0	4	0	4	0	0	0	0	
0	0	0	0	0	0	0	0	20	0	0	3	0	5	0	2	3	0	0	9	0	0	8	0	0	0	0	0	
0	0	0	0	0	0	0	0	0	22	0	9	0	0	20	0	4	8	0	0	0	3	13	0	0	0	0	0	
0	0	0	0	0	0	0	0	8	0	0	8	133	193	106	0	0	5	3	0	1	1	4	0	0	0	0	0	
0	0	0	0	0	0	0	0	0	11	1	166	244	255	234	147	12	0	8	0	1	0	0	7	0	0	0	0	
0	0	0	0	0	0	0	0	12	0	67	255	249	255	248	237	129	0	2	5	0	0	0	5	0	0	0	0	
0	0	0	0	0	0	0	0	2	0	175	255	211	110	233	178	255	8	0	7	0	4	5	0	0	0	0	0	
0	0	0	0	0	0	0	0	9	5	164	173	4	0	1	56	255	0	0	11	2	0	0	9	0	0	0	0	
0	0	0	0	0	0	0	0	0	67	255	190	0	32	0	53	254	0	10	0	0	6	15	0	0	0	0	0	
0	0	0	0	0	0	0	0	10	35	255	209	20	0	47	93	171	13	0	6	5	0	0	10	0	0	0	0	
0	0	0	0	0	0	0	0	0	56	243	203	0	48	204	249	250	30	6	0	6	8	0	9	0	0	0	0	
0	0	0	0	0	0	0	0	6	54	248	233	163	255	252	255	250	249	47	0	0	5	0	0	0	0	0	0	
0	0	0	0	0	0	0	0	0	0	193	249	245	250	249	255	243	221	10	22	2	0	24	0	0	0	0	0	
0	0	0	0	0	0	0	0	11	0	5	90	103	247	255	199	199	252	255	52	7	2	4	0	0	0	0	0	
0	0	0	0	0	0	0	0	0	0	3	2	120	255	128	19	0	144	199	254	42	0	0	7	0	0	0	0	
0	0	0	0	0	0	0	0	1	5	0	15	247	228	43	2	1	0	23	255	44	2	0	2	0	0	0	0	
0	0	0	0	0	0	0	0	0	0	12	173	255	211	0	0	0	10	132	237	32	0	3	7	0	0	0	0	
0	0	0	0	0	0	0	0	13	0	0	255	252	90	0	1	0	18	174	80	10	0	3	0	0	0	0	0	
0	0	0	0	0	0	0	0	0	11	0	249	255	105	8	0	51	190	71	4	0	11	11	0	0	0	0	0	
0	0	0	0	0	0	0	0	0	0	8	176	233	205	0	27	175	251	135	17	3	1	0	5	0	0	0	0	
0	0	0	0	0	0	0	0	16	0	8	139	253	232	103	202	253	181	0	0	0	19	10	0	0	0	0	0	
0	0	0	0	0	0	0	0	4	0	16	126	255	255	252	248	75	0	15	3	7	0	0	0	0	0	0	0	
0	0	0	0	0	0	0	0	0	9	0	12	87	254	209	38	4	5	0	0	0	0	14	2	0	0	0	0	
0	0	0	0	0	0	0	0	0	0	0	0	0	0	0	0	0	0	0	0	0	0	0	0	0	0	0	0	
0	0	0	0	0	0	0	0	0	0	0	0	0	0	0	0	0	0	0	0	0	0	0	0	0	0	0	0	
0	0	0	0	0	0	0	0	0	0	0	0	0	0	0	0	0	0	0	0	0	0	0	0	0	0	0	0	
0	0	0	0	0	0	0	0	0	0	0	0	0	0	0	0	0	0	0	0	0	0	0	0	0	0	0	0	
