0	0	0	0	0	0	0	0	0	2	1	4	0	4	13	0	0	0	0	0	0	0	1	0	0	0	0	0	
0	0	0	0	0	0	0	0	6	8	1	0	0	0	0	4	14	11	2	0	7	0	0	12	0	0	0	0	
0	0	0	0	0	0	0	0	0	0	16	10	3	19	6	0	0	0	9	7	0	6	6	0	0	0	0	0	
0	0	0	0	0	0	0	0	11	0	0	6	1	0	0	10	12	7	1	0	0	0	0	3	0	0	0	0	
0	0	0	0	0	0	0	0	0	19	0	0	15	6	3	4	0	2	9	12	0	0	18	0	0	0	0	0	
0	0	0	0	0	0	0	0	6	0	5	16	0	21	146	221	255	156	32	4	13	0	0	5	0	0	0	0	
0	0	0	0	0	0	0	0	0	0	17	0	59	228	228	128	126	254	208	14	0	17	0	20	0	0	0	0	
0	0	0	0	0	0	0	0	6	0	0	4	185	220	17	1	10	63	243	168	6	15	0	0	0	0	0	0	
0	0	0	0	0	0	0	0	0	1	13	59	252	81	0	0	0	14	134	249	242	188	0	3	0	0	0	0	
0	0	0	0	0	0	0	0	8	0	0	98	249	91	22	0	13	93	231	255	144	13	17	0	0	0	0	0	
0	0	0	0	0	0	0	0	0	0	14	27	248	107	0	23	171	235	194	255	48	3	0	2	0	0	0	0	
0	0	0	0	0	0	0	0	6	6	0	0	185	224	69	220	242	71	25	165	22	0	0	18	0	0	0	0	
0	0	0	0	0	0	0	0	5	0	10	0	133	253	255	210	53	0	0	0	2	7	0	0	0	0	0	0	
0	0	0	0	0	0	0	0	0	0	0	3	46	255	248	51	7	0	0	30	0	4	5	0	0	0	0	0	
0	0	0	0	0	0	0	0	12	0	12	0	122	241	247	38	0	17	0	0	1	9	2	0	0	0	0	0	
0	0	0	0	0	0	0	0	0	14	0	60	236	220	255	39	13	0	4	7	0	3	0	7	0	0	0	0	
0	0	0	0	0	0	0	0	4	0	3	134	237	67	236	144	0	0	0	0	0	0	0	0	0	0	0	0	
0	0	0	0	0	0	0	0	3	0	63	255	114	0	211	153	0	0	0	0	0	0	0	0	0	0	0	0	
0	0	0	0	0	0	0	0	0	1	148	241	18	13	255	100	0	0	0	0	0	0	0	0	0	0	0	0	
0	0	0	0	0	0	0	0	11	0	154	177	0	77	255	106	0	0	0	0	0	0	0	0	0	0	0	0	
0	0	0	0	0	0	0	0	11	0	236	73	10	108	255	96	0	0	0	0	0	0	0	0	0	0	0	0	
0	0	0	0	0	0	0	0	0	32	251	61	1	233	227	18	0	0	0	0	0	0	0	0	0	0	0	0	
0	0	0	0	0	0	0	0	6	2	215	124	150	239	124	0	0	0	0	0	0	0	0	0	0	0	0	0	
0	0	0	0	0	0	0	0	0	0	191	227	255	188	0	8	0	0	0	0	0	0	0	0	0	0	0	0	
0	0	0	0	0	0	0	0	0	0	102	208	138	17	0	10	0	0	0	0	0	0	0	0	0	0	0	0	
0	0	0	0	0	0	0	0	14	0	3	17	0	0	8	0	0	0	0	0	0	0	0	0	0	0	0	0	
0	0	0	0	0	0	0	0	2	0	0	0	0	1	4	0	0	0	0	0	0	0	0	0	0	0	0	0	
0	0	0	0	0	0	0	0	0	0	3	15	10	0	0	14	0	0	0	0	0	0	0	0	0	0	0	0	
