0	0	0	0	0	0	0	0	2	0	2	4	0	1	4	0	0	1	0	0	0	0	1	0	0	0	0	0	
0	0	0	0	0	0	0	0	7	0	0	3	1	0	0	1	6	0	0	3	10	5	0	0	0	0	0	0	
0	0	0	0	0	0	0	0	0	6	2	0	0	4	1	2	0	0	0	0	0	0	0	5	0	0	0	0	
0	0	0	0	0	0	0	0	0	4	0	0	1	4	0	1	0	10	11	0	0	0	0	0	0	0	0	0	
0	0	0	0	0	0	0	0	8	2	0	6	9	0	0	11	0	0	0	0	6	12	7	0	0	0	0	0	
0	0	0	0	0	0	0	0	0	0	11	0	0	6	5	0	11	4	2	4	0	0	0	9	0	0	0	0	
0	0	0	0	0	0	0	0	7	2	13	17	45	147	233	237	251	241	209	158	104	56	13	0	0	0	0	0	
0	0	0	0	0	0	0	0	4	1	108	233	255	249	255	245	247	255	255	242	255	255	172	60	0	0	0	0	
0	0	6	2	0	12	0	11	95	243	255	251	255	210	190	155	104	108	90	196	255	253	253	100	0	0	0	0	
1	6	0	0	5	0	3	173	252	255	255	182	55	36	13	0	0	4	4	192	248	255	200	43	0	0	0	0	
0	0	6	8	3	0	15	205	249	235	116	6	16	0	6	0	10	1	48	255	253	141	63	0	0	0	0	0	
8	0	2	0	0	12	57	255	254	204	8	0	0	8	12	0	0	0	156	246	247	0	25	0	0	0	0	0	
1	8	0	0	11	0	16	244	253	241	103	0	0	7	0	9	8	124	254	247	130	0	11	0	0	0	0	0	
0	4	2	4	6	0	0	70	255	255	253	154	141	2	5	0	32	226	255	219	5	9	0	7	0	0	0	0	
3	0	0	5	0	15	19	0	27	247	253	243	255	217	152	61	177	255	252	112	18	0	1	8	0	0	0	0	
0	8	0	10	0	0	2	2	1	31	121	237	235	252	255	248	252	242	135	3	0	9	3	0	0	0	0	0	
0	0	0	0	0	0	0	0	2	0	8	10	51	255	244	252	252	208	0	4	0	3	6	0	0	0	0	0	
0	0	0	0	0	0	0	0	5	21	0	16	203	254	255	255	255	247	65	12	0	0	0	0	0	0	0	0	
0	0	0	0	0	0	0	0	0	0	20	102	250	255	196	79	202	255	134	6	6	0	0	2	0	0	0	0	
0	0	0	0	0	0	0	0	5	4	35	208	249	183	3	4	120	244	176	0	3	1	0	4	0	0	0	0	
0	0	0	0	0	0	0	0	0	6	201	238	247	0	0	6	119	254	200	0	0	2	2	1	0	0	0	0	
0	0	0	0	0	0	0	0	11	21	233	255	99	8	0	0	200	255	186	1	0	1	0	0	0	0	0	0	
0	0	0	0	0	0	0	0	0	46	252	241	62	9	13	178	255	244	109	3	2	1	0	0	0	0	0	0	
0	0	0	0	0	0	0	0	0	33	240	255	171	118	216	255	252	179	24	0	4	3	0	7	0	0	0	0	
0	0	0	0	0	0	0	0	0	13	175	255	250	255	249	255	120	20	0	6	0	0	11	0	0	0	0	0	
0	0	0	0	0	0	0	0	0	0	13	173	255	241	201	56	28	0	0	12	0	0	7	0	0	0	0	0	
0	0	0	0	0	0	0	0	0	5	5	18	1	0	6	0	0	0	1	1	0	0	6	0	0	0	0	0	
0	0	0	0	0	0	0	0	8	0	8	0	0	30	0	3	7	11	1	0	0	4	3	0	0	0	0	0	
