0	0	0	0	0	0	0	0	0	0	10	0	6	7	6	0	0	11	0	0	9	0	0	5	0	0	0	0	
0	0	0	0	0	0	0	0	6	0	6	0	0	0	0	0	3	0	9	8	0	0	14	0	0	0	0	0	
0	0	0	0	0	0	0	0	4	0	0	0	2	0	9	1	0	0	4	0	0	2	4	0	0	0	0	0	
0	0	0	0	0	0	0	0	0	0	0	4	8	2	11	0	14	13	3	0	8	5	0	20	0	0	0	0	
0	0	0	0	0	0	0	0	0	6	0	0	3	0	0	0	0	170	243	147	7	7	1	0	0	0	0	0	
0	0	0	0	0	0	0	0	0	6	0	0	1	1	0	39	234	161	167	241	61	0	0	7	0	0	0	0	
0	0	0	0	0	0	0	0	0	0	1	0	3	2	3	150	193	31	27	249	75	0	4	5	0	0	0	0	
0	0	0	0	0	0	0	0	0	0	5	0	0	0	11	229	60	0	20	255	69	1	1	0	0	0	0	0	
0	0	0	0	0	0	0	0	3	0	7	0	9	0	65	254	37	0	146	252	62	2	3	0	0	0	0	0	
0	0	0	0	0	0	0	0	4	0	6	9	0	3	168	189	6	11	178	249	80	2	0	5	0	0	0	0	
0	0	0	0	0	0	0	0	0	3	0	9	0	0	224	135	0	0	201	255	75	0	0	3	0	0	0	0	
0	0	0	0	0	0	0	0	0	15	0	0	10	11	232	60	0	38	226	190	29	0	10	8	0	0	0	0	
0	0	0	0	0	0	0	0	1	0	3	0	0	48	255	55	130	226	255	88	0	0	0	3	0	0	0	0	
0	0	0	0	0	0	0	0	0	0	6	2	0	70	255	207	255	248	179	24	0	8	0	0	0	0	0	0	
0	0	0	0	0	0	0	0	0	6	0	0	6	110	251	255	150	67	17	0	0	0	18	0	0	0	0	0	
0	0	0	0	0	0	0	0	2	1	0	1	0	176	250	107	0	1	0	7	1	0	3	0	0	0	0	0	
2	0	3	4	0	0	5	3	4	1	0	7	110	251	243	40	0	0	0	0	0	0	0	0	0	0	0	0	
2	1	4	2	0	0	0	0	0	0	0	88	255	243	227	0	0	0	0	0	0	0	0	0	0	0	0	0	
0	1	3	0	0	4	5	0	10	0	85	255	158	134	222	0	0	0	0	0	0	0	0	0	0	0	0	0	
0	3	2	0	0	3	1	0	0	87	237	142	11	157	203	7	0	0	0	0	0	0	0	0	0	0	0	0	
0	7	1	0	0	0	0	0	87	244	183	20	0	209	208	12	0	0	0	0	0	0	0	0	0	0	0	0	
0	5	0	0	5	0	2	30	247	213	0	0	9	213	184	6	0	0	0	0	0	0	0	0	0	0	0	0	
0	3	0	0	11	0	11	57	248	69	7	0	114	246	87	0	0	0	0	0	0	0	0	0	0	0	0	0	
2	6	0	0	5	0	0	54	172	83	154	255	239	186	30	0	0	0	0	0	0	0	0	0	0	0	0	0	
0	0	0	0	0	0	0	0	0	0	0	0	0	0	0	0	0	0	0	0	0	0	0	0	0	0	0	0	
0	0	0	0	0	0	0	0	0	0	0	0	0	0	0	0	0	0	0	0	0	0	0	0	0	0	0	0	
0	0	0	0	0	0	0	0	0	0	0	0	0	0	0	0	0	0	0	0	0	0	0	0	0	0	0	0	
0	0	0	0	0	0	0	0	0	0	0	0	0	0	0	0	0	0	0	0	0	0	0	0	0	0	0	0	
