0	0	0	0	0	0	0	0	12	0	8	0	0	12	0	7	4	0	4	0	9	0	0	0	0	0	0	0	
0	0	0	0	0	0	0	0	0	7	4	9	0	0	0	0	0	4	7	0	0	0	16	0	0	0	0	0	
0	0	0	0	0	0	0	0	12	2	0	5	0	13	13	0	0	0	6	0	0	4	4	0	0	0	0	0	
0	0	0	0	0	0	0	0	6	0	8	0	0	2	0	20	2	3	5	0	16	11	0	11	0	0	0	0	
0	0	0	0	0	0	0	0	0	1	7	0	16	4	16	135	247	255	157	132	123	33	1	3	0	0	0	0	
0	0	0	0	0	0	0	0	7	4	0	0	0	0	182	254	255	241	250	230	255	246	47	0	0	0	0	0	
0	0	0	0	0	0	0	0	0	0	6	9	5	33	255	213	81	104	30	86	181	238	174	0	0	0	0	0	
0	0	0	0	0	0	0	0	5	2	0	4	180	208	218	42	6	0	0	0	78	255	207	22	0	0	0	0	
0	0	0	0	0	0	0	0	0	0	8	0	225	244	109	3	3	8	0	6	70	255	208	17	0	0	0	0	
0	0	0	0	0	0	0	0	1	0	2	0	119	255	44	0	0	0	16	76	195	255	131	12	0	0	0	0	
0	0	0	0	0	0	0	0	12	0	5	10	69	237	247	40	1	1	130	243	255	136	0	0	0	0	0	0	
0	0	0	0	0	0	0	0	0	13	0	0	0	213	252	125	12	120	245	236	131	26	4	21	0	0	0	0	
0	0	0	0	0	0	0	0	0	0	8	0	10	174	255	243	226	255	165	69	17	0	0	1	0	0	0	0	
0	0	0	0	0	0	0	0	16	4	0	4	0	176	253	236	237	125	0	0	4	0	6	0	0	0	0	0	
0	0	0	0	0	0	0	0	0	0	14	6	158	249	248	255	111	0	8	16	0	0	20	0	0	0	0	0	
0	0	0	0	0	0	0	0	0	24	0	215	255	238	252	249	183	0	0	0	10	4	0	3	0	0	0	0	
0	6	0	5	8	0	0	2	0	46	182	250	178	59	251	249	234	3	0	1	5	0	2	0	0	0	0	0	
0	1	0	4	0	3	0	1	103	249	250	206	148	0	240	243	192	7	0	0	3	0	6	0	0	0	0	0	
1	1	0	1	0	9	0	37	231	241	213	37	0	27	255	252	113	3	0	0	5	0	9	0	0	0	0	0	
0	5	0	0	0	11	3	150	255	212	5	0	20	144	242	245	31	0	0	0	8	0	9	0	0	0	0	0	
0	7	0	0	5	9	24	255	244	154	0	8	115	250	255	140	0	0	0	0	4	0	8	0	0	0	0	0	
0	8	0	0	6	0	16	249	255	187	117	124	213	255	249	10	0	6	3	0	0	0	6	5	0	0	0	0	
5	0	3	0	0	0	0	121	253	249	235	255	255	246	28	11	5	0	3	0	0	0	0	5	0	0	0	0	
3	0	7	0	0	9	1	16	128	232	255	233	157	71	11	0	0	0	1	6	0	6	0	0	0	0	0	0	
0	0	0	0	0	0	0	0	0	0	0	0	0	0	0	0	0	0	0	0	0	0	0	0	0	0	0	0	
0	0	0	0	0	0	0	0	0	0	0	0	0	0	0	0	0	0	0	0	0	0	0	0	0	0	0	0	
0	0	0	0	0	0	0	0	0	0	0	0	0	0	0	0	0	0	0	0	0	0	0	0	0	0	0	0	
0	0	0	0	0	0	0	0	0	0	0	0	0	0	0	0	0	0	0	0	0	0	0	0	0	0	0	0	
