0	0	0	0	0	0	0	0	6	0	2	5	0	0	13	0	0	7	4	0	4	0	4	3	0	0	0	0	
0	0	0	0	0	0	0	0	0	1	0	0	23	0	0	10	9	0	3	0	0	4	0	0	0	0	0	0	
0	0	0	0	0	0	0	0	0	0	9	0	6	0	5	0	0	10	0	16	0	9	15	9	0	0	0	0	
0	0	0	0	0	0	0	0	0	0	18	0	0	0	19	0	4	0	0	0	11	0	0	0	0	0	0	0	
0	0	0	0	0	0	0	0	0	3	0	0	21	0	0	11	0	153	255	79	0	2	11	10	0	0	0	0	
0	0	0	0	0	0	0	0	0	0	0	0	0	15	16	3	63	245	255	224	31	12	0	0	0	0	0	0	
0	0	0	0	0	0	0	0	2	0	5	6	0	118	160	85	130	228	223	238	2	7	1	0	0	0	0	0	
0	0	0	0	0	0	0	0	0	9	0	9	56	228	255	249	234	95	233	121	0	6	0	1	0	0	0	0	
0	0	0	0	0	0	0	0	0	0	0	18	192	255	121	127	244	203	255	34	16	0	9	0	0	0	0	0	
0	0	0	0	0	0	0	0	11	5	8	33	255	172	24	52	59	230	151	0	0	0	3	0	0	0	0	0	
0	0	0	0	0	0	0	0	0	0	3	125	247	32	0	0	151	250	61	6	8	1	0	0	0	0	0	0	
0	0	0	0	0	0	0	0	0	0	10	230	193	0	12	76	246	81	0	0	0	0	12	10	0	0	0	0	
0	0	0	0	0	0	0	0	12	0	12	250	161	5	44	205	218	13	20	3	0	0	3	0	0	0	0	0	
0	0	0	0	0	0	0	0	0	0	0	239	172	8	163	244	49	0	3	0	12	1	0	6	0	0	0	0	
0	0	0	0	0	0	0	0	0	14	0	176	222	106	255	159	0	12	0	0	17	0	0	10	0	0	0	0	
0	0	0	0	0	0	0	0	0	7	0	42	255	255	217	31	6	0	0	16	0	0	21	0	0	0	0	0	
0	0	0	0	0	0	0	0	0	0	8	46	252	255	111	3	0	0	0	0	1	1	0	0	0	0	0	0	
0	0	0	0	0	0	0	0	0	0	0	185	249	247	255	34	1	0	0	0	0	1	0	0	0	0	0	0	
0	0	0	0	0	0	0	0	7	0	126	243	177	64	247	158	5	2	0	0	0	0	0	0	0	0	0	0	
0	0	0	0	0	0	0	0	0	22	196	222	8	0	168	218	8	4	0	0	0	0	0	0	0	0	0	0	
0	0	0	0	0	0	0	0	0	181	255	112	14	60	219	255	8	4	0	0	0	0	0	0	0	0	0	0	
0	0	0	0	0	0	0	0	6	180	230	115	147	248	250	163	5	2	0	0	0	0	0	0	0	0	0	0	
0	0	0	0	0	0	0	0	2	10	255	255	241	249	217	68	1	0	0	0	0	1	0	0	0	0	0	0	
0	0	0	0	0	0	0	0	0	15	115	237	147	141	1	4	0	0	0	0	1	1	0	0	0	0	0	0	
0	0	0	0	0	0	0	0	0	0	0	0	0	0	0	0	0	0	0	0	0	0	0	0	0	0	0	0	
0	0	0	0	0	0	0	0	0	0	0	0	0	0	0	0	0	0	0	0	0	0	0	0	0	0	0	0	
0	0	0	0	0	0	0	0	0	0	0	0	0	0	0	0	0	0	0	0	0	0	0	0	0	0	0	0	
0	0	0	0	0	0	0	0	0	0	0	0	0	0	0	0	0	0	0	0	0	0	0	0	0	0	0	0	
