0	0	0	0	0	0	0	0	0	0	0	0	10	6	0	3	4	0	0	0	8	2	0	0	0	0	1	0	
0	0	0	0	0	0	0	0	2	5	0	0	0	0	0	0	0	0	0	5	0	10	0	7	0	1	2	1	
0	0	0	0	0	0	0	0	0	5	6	3	6	4	1	8	13	12	22	0	0	0	10	0	0	2	3	2	
0	0	0	0	0	0	0	0	0	7	3	0	1	0	0	0	0	0	0	17	0	11	0	0	0	0	1	1	
0	0	0	0	0	0	0	0	2	1	0	0	2	2	0	4	12	2	0	15	2	0	7	7	0	0	0	0	
0	0	0	0	0	0	0	0	0	0	0	5	9	0	0	8	0	22	108	109	255	242	234	49	0	0	0	0	
0	0	0	0	0	0	0	0	0	0	2	5	0	0	17	71	130	221	255	247	255	255	236	79	8	4	0	0	
0	0	0	0	0	0	0	0	3	0	0	0	4	39	142	255	255	252	242	253	254	245	255	191	15	9	2	0	
0	0	0	0	0	0	0	0	3	0	3	0	13	179	253	255	241	104	98	161	249	255	253	255	107	11	0	10	
0	0	0	0	0	0	0	0	0	8	0	68	165	232	255	186	92	0	85	224	255	255	247	225	52	0	0	10	
0	0	0	0	0	0	0	0	0	14	0	71	255	252	201	3	0	11	108	233	255	244	233	58	4	0	1	5	
0	0	0	0	0	0	0	0	6	0	0	220	255	227	65	0	0	15	155	255	251	217	55	0	0	4	4	0	
0	0	0	0	0	0	0	0	0	2	87	230	212	85	3	0	9	23	243	246	245	65	0	0	3	6	0	0	
0	0	0	0	0	0	0	0	1	20	121	255	224	68	2	10	73	196	246	246	81	2	24	0	2	0	0	2	
0	0	0	0	0	0	0	0	3	56	253	249	250	47	0	0	228	251	238	122	0	0	0	1	0	0	0	3	
0	0	0	0	0	0	0	0	0	4	255	245	197	0	0	255	250	251	177	0	0	0	0	0	3	2	5	1	
0	6	1	0	4	0	0	7	0	0	250	255	180	67	174	248	242	216	8	0	10	0	0	0	0	0	0	0	
1	0	0	0	0	12	12	0	0	17	251	245	252	207	255	246	189	51	0	0	0	10	2	2	0	0	0	0	
7	0	2	14	0	0	0	0	9	3	161	245	255	255	248	235	139	0	15	5	0	6	0	0	0	0	0	0	
0	2	0	0	0	12	13	1	0	72	255	255	235	255	248	0	28	0	7	0	5	0	5	0	0	0	0	0	
3	0	0	6	0	0	1	88	136	255	248	255	242	255	178	14	0	5	0	0	2	0	6	1	0	0	0	0	
4	0	0	14	6	0	84	216	245	254	254	252	255	253	239	6	16	3	3	12	0	8	0	0	0	0	0	0	
0	5	2	0	15	153	255	255	255	255	239	255	239	255	183	0	6	0	0	7	0	7	2	0	0	0	0	0	
5	0	12	2	0	116	246	247	246	241	255	252	255	240	154	4	0	17	0	3	4	0	7	0	0	0	0	0	
1	4	1	0	0	26	76	116	110	125	171	239	255	229	111	10	0	0	0	0	0	0	0	0	0	0	0	0	
0	0	4	0	0	0	0	8	1	1	2	7	10	9	2	0	0	0	0	0	0	0	0	0	0	0	0	0	
0	0	2	4	4	3	1	1	0	0	0	0	0	0	0	5	0	0	0	0	0	0	0	0	0	0	0	0	
4	2	0	0	0	1	3	4	6	1	0	2	9	8	0	0	0	0	0	0	0	0	0	0	0	0	0	0	
