0	0	0	0	0	0	0	0	1	2	0	0	0	5	3	0	6	0	0	0	9	0	11	0	0	0	0	0	
0	0	0	0	0	0	0	0	0	0	5	7	0	0	0	8	0	5	3	0	0	8	0	0	0	0	0	0	
0	0	0	0	0	0	0	0	6	0	0	0	0	1	0	0	9	0	16	18	0	0	3	9	0	0	0	0	
0	0	0	0	0	0	0	0	0	6	9	0	0	0	5	2	6	0	0	0	20	2	0	0	0	0	0	0	
0	0	0	0	0	0	0	0	6	0	0	0	4	6	0	0	4	0	5	0	69	129	195	68	0	0	0	0	
0	0	0	0	0	0	0	0	12	0	0	0	3	0	0	10	1	84	124	150	254	255	255	94	0	0	0	0	
0	0	0	0	0	0	0	0	0	3	18	7	0	19	84	143	246	254	251	248	248	255	239	72	0	0	0	0	
0	0	0	0	0	0	0	0	0	12	0	0	37	152	236	255	252	246	184	150	161	243	175	5	0	0	0	0	
0	0	0	0	0	0	0	0	3	0	13	77	226	255	243	233	130	21	25	124	236	179	23	0	0	0	0	0	
0	0	0	0	0	0	0	0	0	4	115	255	247	231	149	30	0	35	119	251	124	17	0	3	0	0	0	0	
0	0	0	0	0	0	0	0	2	135	255	244	255	56	4	0	19	181	252	143	11	14	0	7	0	0	0	0	
0	0	0	0	0	0	0	0	32	247	255	225	25	4	0	30	186	255	152	0	7	0	9	0	0	0	0	0	
0	0	0	0	0	0	0	0	101	255	249	227	174	80	77	174	255	165	22	23	2	0	14	5	0	0	0	0	
0	0	0	0	0	0	0	0	48	188	255	255	255	244	255	251	227	43	10	0	2	0	5	0	0	0	0	0	
0	0	0	0	0	0	0	0	0	35	123	191	240	249	255	255	246	172	13	24	0	8	0	10	0	0	0	0	
0	0	0	0	0	0	0	0	9	0	0	92	250	255	202	218	255	241	186	0	0	0	0	0	0	0	0	0	
0	0	0	0	0	0	0	0	1	0	110	234	255	181	15	17	210	255	191	9	0	0	13	0	0	0	0	0	
0	0	0	0	0	0	0	0	13	68	229	250	209	1	1	11	197	253	223	0	0	0	0	2	0	0	0	0	
0	0	0	0	0	0	0	0	0	109	251	255	149	0	35	74	247	255	185	5	5	0	0	1	0	0	0	0	
0	0	0	0	0	0	0	0	0	176	246	195	18	19	107	235	255	197	28	0	0	0	9	3	0	0	0	0	
0	0	0	0	0	0	0	0	3	247	251	95	35	164	246	255	255	143	0	19	3	0	8	0	0	0	0	0	
0	0	0	0	0	0	0	0	0	240	255	222	225	242	255	255	101	4	0	0	0	0	10	0	0	0	0	0	
0	0	0	0	0	0	0	0	4	236	255	246	254	255	189	86	19	0	23	0	3	3	0	0	0	0	0	0	
0	0	0	0	0	0	0	0	0	117	237	248	216	92	0	0	0	6	0	0	9	3	0	1	0	0	0	0	
0	0	0	0	0	0	0	0	0	0	0	0	0	0	0	0	0	0	0	0	0	0	0	0	0	0	0	0	
0	0	0	0	0	0	0	0	0	0	0	0	0	0	0	0	0	0	0	0	0	0	0	0	0	0	0	0	
0	0	0	0	0	0	0	0	0	0	0	0	0	0	0	0	0	0	0	0	0	0	0	0	0	0	0	0	
0	0	0	0	0	0	0	0	0	0	0	0	0	0	0	0	0	0	0	0	0	0	0	0	0	0	0	0	
