0	0	0	0	0	0	0	0	0	0	7	1	0	1	8	0	1	0	1	0	3	0	8	0	0	0	0	0	
0	0	0	0	0	0	0	0	11	1	0	0	0	0	0	1	6	16	0	17	0	4	0	0	0	0	0	0	
0	0	0	0	0	0	0	0	0	0	0	3	8	8	3	0	0	0	3	0	16	0	8	0	0	0	0	0	
0	0	0	0	0	0	0	0	0	7	9	0	0	0	0	3	2	14	5	0	0	14	0	0	0	0	0	0	
0	0	0	0	0	0	0	0	1	1	0	0	10	5	0	0	10	0	0	0	0	9	0	26	0	0	0	0	
0	0	0	0	0	0	0	0	0	5	3	9	12	6	43	116	138	191	234	74	0	7	14	0	0	0	0	0	
0	0	0	0	0	0	0	0	0	28	77	160	248	255	247	249	252	255	255	247	76	0	0	21	0	0	0	0	
0	0	0	0	0	0	0	0	87	197	255	255	255	249	246	255	255	246	251	255	155	19	24	0	0	0	0	0	
6	0	6	0	22	0	2	145	236	255	241	255	255	247	251	252	252	254	255	251	252	54	3	2	0	0	0	0	
0	2	6	0	0	2	131	245	251	251	255	255	228	249	235	255	252	255	245	255	237	159	0	0	0	0	0	0	
0	5	0	7	0	44	245	255	255	248	190	141	37	22	0	29	25	85	255	255	255	185	0	4	0	0	0	0	
4	3	0	12	10	69	255	233	251	212	0	4	0	2	18	0	7	8	244	240	244	164	8	3	0	0	0	0	
0	1	0	0	0	49	254	252	251	255	8	9	10	0	7	0	4	40	200	255	255	206	13	0	0	0	0	0	
0	1	2	0	0	31	234	255	255	249	54	23	42	43	23	47	151	233	255	255	241	165	5	18	0	0	0	0	
4	3	0	0	9	24	232	250	239	255	255	255	255	255	215	253	241	255	255	233	182	69	0	0	0	0	0	0	
0	4	0	5	2	8	245	251	255	251	250	252	250	255	245	255	255	247	251	255	112	0	0	7	0	0	0	0	
0	4	0	0	0	11	29	242	255	249	255	244	255	255	255	244	244	255	255	243	238	105	0	3	0	0	0	0	
0	3	0	6	1	3	7	196	245	253	255	253	255	243	117	34	144	146	199	255	255	195	37	0	0	0	0	0	
0	4	0	1	0	0	6	169	255	255	240	60	13	1	0	0	1	0	163	255	245	250	33	0	0	0	0	0	
3	3	0	0	0	0	5	132	245	251	250	66	4	0	10	0	0	0	107	246	255	255	97	14	0	0	0	0	
0	0	4	8	4	0	0	71	255	255	255	171	4	0	0	2	21	111	255	255	239	242	68	0	0	0	0	0	
1	0	2	3	4	0	0	47	230	242	255	254	105	77	109	186	225	250	241	229	154	46	9	8	0	0	0	0	
8	0	0	0	0	2	10	38	249	252	251	253	255	233	253	255	244	251	223	98	2	0	0	1	0	0	0	0	
4	0	2	1	2	0	0	4	111	242	254	255	255	255	255	251	217	92	6	0	0	11	2	1	0	0	0	0	
0	0	0	0	0	0	0	0	3	20	140	255	249	179	98	15	0	0	0	0	0	0	0	0	0	0	0	0	
0	0	0	0	0	0	0	0	16	0	0	5	0	0	10	0	0	0	0	0	0	0	0	0	0	0	0	0	
0	0	0	0	0	0	0	0	3	4	11	7	0	2	8	0	0	0	0	0	0	0	0	0	0	0	0	0	
0	0	0	0	0	0	0	0	0	2	2	0	0	2	6	5	0	0	0	0	0	0	0	0	0	0	0	0	
