0	6	7	0	0	1	0	0	8	0	0	0	3	2	1	0	4	7	0	0	7	0	0	0	0	0	0	0	
6	0	0	0	0	5	5	3	0	0	1	2	0	0	0	0	0	0	0	0	0	0	0	5	0	0	0	0	
6	0	0	3	3	2	0	0	6	6	1	0	0	0	0	3	0	12	12	0	4	13	3	0	0	0	0	0	
0	0	5	8	0	0	3	0	0	0	0	5	4	16	5	0	14	0	0	0	6	0	0	12	0	0	0	0	
0	3	3	0	0	2	11	6	0	5	0	0	0	0	0	0	0	9	22	0	0	3	0	1	0	0	0	0	
0	6	0	0	3	3	0	0	0	8	0	7	16	107	187	255	246	255	237	132	59	38	1	0	0	0	0	0	
0	7	0	0	15	0	0	23	5	65	109	169	174	226	240	255	255	234	255	255	233	142	19	0	0	0	0	0	
0	10	0	0	11	0	17	114	218	245	242	255	241	255	249	251	178	156	167	177	240	253	114	4	0	0	0	0	
0	4	0	10	4	10	3	150	250	250	252	227	235	228	236	255	64	2	6	0	206	232	211	7	0	0	0	0	
9	7	0	1	0	0	0	136	251	242	100	0	28	35	8	132	42	0	0	10	97	255	205	0	0	0	0	0	
0	0	0	7	3	10	19	145	255	255	48	2	1	0	19	9	0	1	0	4	203	248	224	0	0	0	0	0	
0	2	0	6	0	1	0	69	249	253	108	0	0	9	0	0	4	0	13	117	234	248	209	0	0	0	0	0	
0	8	5	0	0	0	0	0	215	252	224	19	5	0	17	6	6	25	152	252	255	255	110	10	0	0	0	0	
0	5	4	0	0	13	9	0	100	253	248	194	14	18	0	9	73	129	255	249	250	119	0	0	0	0	0	0	
4	0	0	0	0	0	3	0	16	121	255	227	242	197	146	230	255	255	243	183	100	2	6	6	0	0	0	0	
2	0	0	11	1	0	8	0	0	0	124	254	255	246	255	253	242	248	160	0	0	7	0	0	0	0	0	0	
5	0	0	0	0	4	0	0	3	0	5	228	246	255	228	255	207	50	2	5	1	7	0	0	0	0	0	0	
0	0	9	0	0	0	0	14	0	6	116	255	243	238	255	242	222	46	0	0	0	0	5	4	0	0	0	0	
0	4	5	0	4	7	0	0	18	147	228	255	246	123	7	245	255	163	12	1	8	0	0	0	0	0	0	0	
0	3	1	0	11	5	0	23	118	255	255	220	64	0	0	190	244	245	0	10	2	0	0	2	0	0	0	0	
0	3	7	0	0	0	13	96	245	241	242	60	3	0	51	227	241	202	0	9	0	6	0	3	0	0	0	0	
0	0	2	1	0	0	12	82	250	255	179	0	20	74	225	251	250	87	10	8	0	7	0	0	0	0	0	0	
6	0	0	1	6	5	0	11	181	244	252	240	249	255	255	253	132	0	0	0	0	2	4	0	0	0	0	0	
3	0	5	0	0	5	0	0	100	242	250	255	248	252	247	109	12	10	0	2	11	0	4	0	0	0	0	0	
0	0	0	0	0	0	0	0	0	40	110	241	251	205	65	0	0	0	0	0	0	0	0	0	0	0	0	0	
0	0	0	0	0	0	0	0	9	1	0	11	0	8	0	4	0	0	0	0	0	0	0	0	0	0	0	0	
0	0	0	0	0	0	0	0	0	0	6	8	0	0	0	1	0	0	0	0	0	0	0	0	0	0	0	0	
0	0	0	0	0	0	0	0	0	0	3	0	2	0	7	2	0	0	0	0	0	0	0	0	0	0	0	0	
