0	0	0	0	0	0	0	0	0	4	0	0	1	4	0	0	1	0	0	10	0	9	4	0	0	0	0	0	
0	0	0	0	0	0	0	0	8	0	0	6	2	0	3	0	2	0	6	0	0	0	10	12	0	0	0	0	
0	0	0	0	0	0	0	0	10	0	0	7	0	0	3	0	0	2	0	8	0	19	0	0	0	0	0	0	
0	0	0	0	0	0	0	0	0	0	0	0	1	5	2	0	0	4	2	0	0	0	0	4	0	0	0	0	
0	0	0	0	0	0	0	0	4	18	0	0	9	0	0	17	0	10	0	0	8	24	0	12	0	0	0	0	
0	0	0	0	0	0	0	0	0	2	1	2	6	0	32	128	252	245	134	0	0	0	0	0	0	0	0	0	
0	0	0	0	0	0	0	0	22	5	0	0	2	65	175	255	246	242	255	77	134	0	23	1	0	0	0	0	
0	0	0	0	0	0	0	0	0	5	84	159	199	229	187	82	16	0	44	175	255	99	0	2	0	0	0	0	
0	2	3	1	0	0	2	7	9	38	217	226	123	16	5	0	4	0	101	235	255	250	1	2	0	0	0	0	
0	1	3	2	0	1	7	12	164	230	78	29	4	0	7	0	19	124	243	249	245	191	0	10	0	0	0	0	
0	1	3	2	0	1	6	11	223	246	128	36	5	6	10	36	183	237	255	255	145	2	6	0	0	0	0	0	
0	1	2	0	0	0	0	2	39	194	243	248	157	45	78	216	255	255	200	48	12	2	8	0	0	0	0	0	
1	1	1	0	0	0	0	0	1	0	40	182	236	255	255	242	240	136	0	0	17	0	9	12	0	0	0	0	
0	0	0	1	2	3	3	4	0	3	1	7	207	250	252	238	93	0	9	6	0	16	0	0	0	0	0	0	
0	0	0	1	2	3	3	2	2	2	0	70	252	237	255	221	29	9	3	0	4	7	0	7	0	0	0	0	
1	0	0	0	0	0	0	0	3	0	82	247	254	239	113	245	212	25	0	2	6	0	0	3	0	0	0	0	
0	0	6	3	0	1	0	5	0	80	242	251	250	49	0	96	254	75	0	4	1	0	0	9	0	0	0	0	
4	0	4	0	0	6	1	0	3	180	247	255	88	5	10	36	255	205	29	0	0	5	6	0	0	0	0	0	
6	0	4	0	0	7	0	0	93	252	253	93	0	0	11	0	206	255	28	0	0	0	8	0	0	0	0	0	
3	0	4	4	3	0	0	17	220	252	93	12	0	14	0	109	245	247	26	8	2	0	0	0	0	0	0	0	
3	0	2	7	4	0	2	64	249	217	31	6	6	0	114	255	255	137	5	0	1	10	4	0	0	0	0	0	
5	0	0	1	1	0	13	93	243	124	0	0	0	140	255	253	125	4	0	0	0	6	9	0	0	0	0	0	
1	1	1	0	3	0	4	65	255	49	5	36	160	255	246	129	15	0	14	9	0	0	1	0	0	0	0	0	
0	5	6	0	8	2	0	18	204	222	168	245	255	228	71	5	0	14	0	0	13	0	7	0	0	0	0	0	
0	0	0	0	0	0	0	0	38	229	254	255	195	23	0	4	0	0	0	0	0	0	0	0	0	0	0	0	
0	0	0	0	0	0	0	0	0	21	0	0	14	0	0	0	0	0	0	0	0	0	0	0	0	0	0	0	
0	0	0	0	0	0	0	0	8	0	1	0	0	6	11	11	0	0	0	0	0	0	0	0	0	0	0	0	
0	0	0	0	0	0	0	0	7	0	15	9	0	2	0	0	0	0	0	0	0	0	0	0	0	0	0	0	
