0	0	0	0	0	0	0	0	0	0	0	0	9	0	14	0	0	0	0	3	0	0	0	4	0	0	0	0	
0	0	0	0	0	0	0	0	0	13	0	9	0	5	0	0	2	0	0	2	3	1	0	0	0	0	0	0	
0	0	0	0	0	0	0	0	2	0	0	2	0	14	0	20	3	0	0	0	1	4	1	0	0	0	0	0	
0	0	0	0	0	0	0	0	0	18	0	0	0	0	30	0	1	2	1	0	0	1	2	0	0	0	0	0	
0	0	0	0	0	0	0	0	5	0	15	12	0	0	0	0	0	0	3	5	1	0	0	0	0	0	0	0	
0	0	0	0	0	0	0	0	6	77	165	222	169	155	45	26	7	0	0	0	3	0	0	3	0	0	0	0	
0	0	0	0	0	0	0	0	12	228	114	86	73	151	245	210	96	39	0	0	2	0	0	5	0	0	0	0	
0	0	0	0	0	0	0	0	0	176	120	0	0	8	0	39	214	114	20	0	3	0	0	1	0	0	0	0	
0	0	0	0	0	0	0	0	0	61	251	124	0	8	7	0	90	255	8	0	6	6	0	8	0	0	0	0	
0	0	0	0	0	0	0	0	0	3	118	208	0	3	0	19	140	186	0	17	0	0	0	7	0	0	0	0	
0	0	0	0	0	0	0	0	5	0	0	109	229	69	0	29	173	51	0	0	0	14	19	0	0	0	0	0	
0	0	0	0	0	0	0	0	0	16	0	0	45	204	147	232	205	24	8	0	9	0	0	14	0	0	0	0	
0	0	0	0	0	0	0	0	4	0	0	17	7	188	243	231	96	118	0	2	0	10	0	2	0	0	0	0	
0	0	0	0	0	0	0	0	13	1	19	25	151	54	8	182	196	0	18	0	6	0	5	0	0	0	0	0	
0	0	0	0	0	0	0	0	0	0	11	195	43	19	0	16	154	198	10	0	0	2	2	11	0	0	0	0	
0	0	0	0	0	0	0	0	2	0	96	155	5	0	0	2	0	158	210	25	0	0	7	0	0	0	0	0	
0	0	0	0	0	0	0	0	0	21	222	42	9	3	0	3	0	4	207	145	0	0	0	8	0	0	0	0	
0	0	0	0	0	0	0	0	5	63	197	0	9	0	12	0	14	0	62	251	55	4	1	2	0	0	0	0	
0	0	0	0	0	0	0	0	0	87	184	2	0	9	3	11	0	25	7	178	141	0	6	0	0	0	0	0	
0	0	0	0	0	0	0	0	1	48	220	19	0	0	0	0	0	0	0	142	164	0	8	4	0	0	0	0	
0	0	0	0	0	0	0	0	4	13	166	96	0	4	10	0	10	0	7	122	229	22	2	0	0	0	0	0	
0	0	0	0	0	0	0	0	0	0	48	202	36	0	0	19	0	8	3	92	233	18	0	0	0	0	0	0	
0	0	0	0	0	0	0	0	1	0	4	133	140	4	4	0	8	0	25	188	96	0	0	13	0	0	0	0	
0	0	0	0	0	0	0	0	0	17	0	14	202	180	124	29	58	124	238	229	53	0	0	0	0	0	0	0	
0	0	0	0	0	0	0	0	0	5	0	0	24	98	164	194	206	161	86	20	0	0	4	1	0	0	0	0	
0	0	0	0	0	0	0	0	0	5	4	0	0	5	12	9	3	7	6	1	3	8	0	0	0	0	0	0	
0	0	0	0	0	0	0	0	0	0	4	3	0	0	0	0	0	0	0	0	0	0	2	0	0	0	0	0	
0	0	0	0	0	0	0	0	3	0	0	1	2	3	8	14	4	10	11	4	0	0	1	0	0	0	0	0	
