0	5	5	0	0	0	2	4	8	0	0	0	4	3	1	0	0	4	3	0	2	2	0	0	0	0	0	0	
2	0	0	7	14	9	0	0	0	0	15	0	0	0	0	13	15	1	0	0	4	3	0	1	0	0	0	0	
5	1	0	0	0	0	1	2	1	0	7	0	4	18	0	0	0	0	4	8	0	0	2	5	0	0	0	0	
0	3	3	0	0	4	6	1	0	4	0	0	0	0	5	8	17	13	7	0	0	4	11	0	0	0	0	0	
1	0	0	7	3	0	0	5	0	9	0	11	12	0	6	0	0	0	1	0	0	0	1	0	0	0	0	0	
7	0	0	8	0	0	70	171	255	229	149	143	142	122	139	116	18	11	0	0	6	0	0	5	0	0	0	0	
0	0	0	7	0	23	143	255	245	252	255	245	244	255	255	255	217	162	49	0	2	14	0	0	0	0	0	0	
3	6	8	0	0	3	55	107	218	180	162	92	100	173	175	193	247	255	157	20	0	0	0	5	0	0	0	0	
0	3	14	0	0	10	0	35	208	99	10	0	0	9	0	17	97	255	248	1	0	18	0	7	0	0	0	0	
2	0	7	1	5	0	5	90	255	124	0	22	0	0	21	0	114	255	242	0	0	0	25	0	0	0	0	0	
9	0	2	3	3	0	0	81	255	162	8	3	0	0	6	57	255	255	127	15	10	0	7	0	0	0	0	0	
5	0	1	0	0	2	0	15	129	255	182	22	0	1	81	225	249	239	71	0	0	0	4	8	0	0	0	0	
0	0	2	0	2	14	0	0	7	124	236	216	52	0	226	243	255	107	3	0	25	0	2	0	0	0	0	0	
0	0	2	2	0	0	0	1	0	21	110	196	224	165	250	255	238	60	3	5	0	0	13	0	0	0	0	0	
2	0	0	5	0	0	0	3	8	0	0	1	120	239	255	246	255	90	0	8	0	6	0	7	0	0	0	0	
0	0	0	1	0	0	10	0	0	3	0	10	0	117	249	255	248	253	155	0	6	0	0	2	0	0	0	0	
0	0	0	0	0	0	0	0	0	2	7	0	0	116	252	255	255	233	249	156	0	5	4	0	0	0	0	0	
0	0	0	0	0	0	0	0	6	1	0	14	29	210	245	241	229	255	246	251	68	0	0	25	0	0	0	0	
0	0	0	0	0	0	0	0	0	0	11	0	191	240	112	63	136	197	235	255	134	1	0	0	0	0	0	0	
0	0	0	0	0	0	0	0	17	3	0	20	233	200	0	0	14	40	198	244	241	65	3	11	0	0	0	0	
0	0	0	0	0	0	0	0	0	0	6	145	247	153	0	3	0	2	11	79	241	204	0	0	0	0	0	0	
0	0	0	0	0	0	0	0	9	0	8	182	251	133	0	8	0	0	1	47	247	178	21	5	0	0	0	0	
0	0	0	0	0	0	0	0	0	25	0	188	255	215	5	0	4	1	2	229	249	188	0	4	0	0	0	0	
0	0	0	0	0	0	0	0	6	0	0	99	243	252	157	88	90	142	203	246	255	173	5	4	0	0	0	0	
0	0	0	0	0	0	0	0	0	0	0	17	216	245	253	255	255	252	255	245	148	25	0	8	0	0	0	0	
0	0	0	0	0	0	0	0	3	6	0	0	13	0	0	0	0	0	0	3	7	5	3	3	0	0	0	0	
0	0	0	0	0	0	0	0	0	0	2	17	0	2	5	7	4	9	1	0	0	5	2	0	0	0	0	0	
0	0	0	0	0	0	0	0	6	0	0	17	0	6	0	0	0	0	7	8	0	0	0	7	0	0	0	0	
