0	0	0	0	0	0	0	0	2	0	3	0	6	0	13	0	10	0	4	0	0	11	0	6	0	0	0	0	
0	0	0	0	0	0	0	0	0	0	1	0	0	0	9	8	0	28	0	0	16	0	0	7	0	0	0	0	
0	0	0	0	0	0	0	0	17	0	11	3	0	0	0	0	0	6	0	0	6	0	8	0	0	0	0	0	
0	0	0	0	0	0	0	0	0	0	0	0	2	8	1	0	14	0	11	7	0	2	8	1	0	0	0	0	
0	0	0	0	0	0	0	0	6	3	6	0	0	6	4	0	1	0	9	0	3	0	0	7	0	0	0	0	
0	0	0	0	0	0	0	0	1	4	0	0	6	47	88	93	135	255	255	105	2	31	115	0	0	0	0	0	
0	0	0	0	0	0	0	0	0	6	2	105	170	218	255	250	255	247	254	236	186	188	231	26	0	0	0	0	
0	0	0	0	0	0	0	0	0	9	19	185	255	252	220	142	144	154	247	255	255	248	203	10	0	0	0	0	
0	0	0	0	0	0	0	0	0	6	52	255	255	220	58	0	33	160	255	243	246	194	41	0	0	0	0	0	
0	0	0	0	0	0	0	0	0	14	113	255	209	65	0	93	253	255	255	168	134	19	0	11	0	0	0	0	
0	0	0	0	0	0	0	0	7	0	213	255	201	18	109	234	255	223	126	12	0	0	5	4	0	0	0	0	
0	0	0	0	0	0	0	0	0	0	120	245	210	213	255	255	255	141	15	0	2	12	6	0	0	0	0	0	
0	0	0	0	0	0	0	0	3	10	34	235	254	254	238	205	118	6	0	0	26	0	7	2	0	0	0	0	
0	0	0	0	0	0	0	0	0	0	0	143	248	255	251	81	5	0	18	0	0	0	14	0	0	0	0	0	
0	0	0	0	0	0	0	0	11	49	84	255	248	240	255	237	56	0	0	7	0	12	0	5	0	0	0	0	
0	0	0	0	0	0	0	0	19	211	255	246	198	190	248	255	216	53	9	0	19	0	0	0	0	0	0	0	
5	0	4	7	4	0	0	44	215	255	246	118	8	0	182	255	250	145	41	0	7	0	9	0	0	0	0	0	
6	5	0	0	0	12	0	97	244	255	200	21	0	13	22	167	243	238	183	6	0	4	0	10	0	0	0	0	
0	0	0	25	0	0	22	176	255	182	33	0	6	0	0	22	191	255	234	46	0	12	0	0	0	0	0	0	
9	0	17	0	0	2	38	251	211	27	3	12	0	2	3	0	23	204	253	190	8	1	0	0	0	0	0	0	
0	0	0	31	0	6	191	253	146	0	0	0	0	0	8	0	0	186	255	196	10	2	0	2	0	0	0	0	
0	6	11	0	0	11	10	255	200	18	11	0	8	0	0	49	132	253	255	71	0	11	0	2	0	0	0	0	
9	2	0	0	0	7	10	255	255	195	138	167	141	65	161	203	231	255	240	41	0	0	0	5	0	0	0	0	
0	3	0	5	10	0	21	75	229	254	255	242	245	253	236	255	255	192	96	18	0	0	13	0	0	0	0	0	
0	0	0	0	0	0	0	0	69	91	84	186	254	240	111	73	77	34	0	0	4	0	0	4	0	0	0	0	
0	0	0	0	0	0	0	0	0	9	0	0	7	10	0	15	18	0	0	0	5	1	0	3	0	0	0	0	
0	0	0	0	0	0	0	0	0	8	4	1	0	0	0	6	0	0	0	3	6	2	0	0	0	0	0	0	
0	0	0	0	0	0	0	0	0	0	5	0	10	4	7	0	1	5	6	3	1	1	0	0	0	0	0	0	
