0	7	5	0	0	2	0	0	4	6	0	0	8	1	0	1	0	0	8	13	0	0	10	0	0	0	0	0	
6	1	0	0	0	3	4	4	6	0	0	10	0	0	19	2	20	0	0	0	2	0	0	5	0	0	0	0	
2	0	0	7	1	0	0	0	0	13	3	0	11	0	0	0	0	9	6	0	2	8	2	0	0	0	0	0	
0	0	9	11	0	0	2	0	3	0	3	2	0	0	13	7	0	0	0	0	0	0	6	6	0	0	0	0	
0	2	2	0	0	4	11	6	4	0	0	3	0	0	3	0	9	0	10	11	0	1	9	0	0	0	0	0	
0	5	0	0	4	5	0	0	0	7	0	20	88	125	154	211	198	154	131	102	35	0	3	11	0	0	0	0	
0	7	0	0	12	0	0	28	117	106	167	238	246	251	255	255	255	244	254	255	236	97	0	0	0	0	0	0	
0	12	0	0	4	0	19	123	255	252	247	255	251	206	184	207	94	197	205	190	255	255	126	10	0	0	0	0	
0	6	0	1	0	1	0	177	255	255	229	111	63	1	3	6	1	0	11	10	251	255	154	5	0	0	0	0	
3	0	0	6	4	5	0	164	253	213	48	19	4	0	7	0	2	0	15	19	213	248	186	0	0	0	0	0	
2	0	0	8	0	0	13	182	252	255	14	0	0	0	18	0	0	14	0	36	255	255	154	11	0	0	0	0	
0	0	4	5	0	0	12	142	255	253	198	17	0	5	0	0	6	0	11	199	254	247	60	0	0	0	0	0	
1	0	0	0	5	10	0	30	114	244	255	204	1	0	3	14	0	16	208	252	250	132	0	3	0	0	0	0	
0	0	3	0	0	9	0	0	36	202	248	255	197	30	8	0	40	248	233	255	140	15	5	12	0	0	0	0	
0	0	10	0	0	0	3	8	0	35	93	116	225	255	86	104	238	254	250	127	0	6	0	0	0	0	0	0	
3	0	3	4	3	2	1	0	0	4	0	13	50	252	255	249	255	214	119	0	0	0	8	3	0	0	0	0	
0	0	0	0	0	0	0	0	5	0	6	0	70	253	250	255	255	44	0	10	6	0	9	0	0	0	0	0	
0	0	0	0	0	0	0	0	5	12	3	165	251	245	255	239	255	23	19	0	0	4	27	0	0	0	0	0	
0	0	0	0	0	0	0	0	0	0	189	246	252	233	129	216	247	182	15	0	13	0	4	5	0	0	0	0	
0	0	0	0	0	0	0	0	16	31	250	255	199	5	5	37	222	255	145	14	0	4	0	5	0	0	0	0	
0	0	0	0	0	0	0	0	0	108	255	255	38	13	0	3	37	230	244	71	0	2	10	0	0	0	0	0	
0	0	0	0	0	0	0	0	10	75	249	255	116	12	0	6	0	235	253	181	13	0	4	5	0	0	0	0	
0	0	0	0	0	0	0	0	0	35	154	244	255	222	140	101	209	239	255	193	0	12	0	3	0	0	0	0	
0	0	0	0	0	0	0	0	2	2	0	143	255	249	240	255	254	255	189	8	16	0	7	0	0	0	0	0	
0	0	0	0	0	0	0	0	0	3	0	0	45	136	219	255	244	156	54	2	0	8	3	0	0	0	0	0	
0	0	0	0	0	0	0	0	0	9	10	0	0	0	0	0	10	6	4	5	1	0	0	4	0	0	0	0	
0	0	0	0	0	0	0	0	0	0	1	0	0	5	11	13	0	0	0	0	0	0	0	8	0	0	0	0	
0	0	0	0	0	0	0	0	3	1	1	1	0	0	0	0	14	6	0	3	8	7	0	0	0	0	0	0	
