0	0	0	0	0	0	0	0	4	2	0	0	4	6	2	0	0	1	0	0	0	5	5	0	8	0	4	9	
0	0	0	0	0	0	0	0	0	0	3	0	0	0	0	6	7	4	7	10	2	0	0	3	0	0	0	5	
0	0	0	0	0	0	0	0	10	4	0	0	2	3	0	0	0	0	0	0	0	0	0	0	15	14	11	0	
0	0	0	0	0	0	0	0	0	0	0	4	1	0	4	11	8	8	8	6	1	0	0	5	0	0	2	5	
0	0	0	0	0	0	0	0	14	3	0	0	4	1	0	0	0	0	0	0	0	12	9	0	19	0	0	4	
0	0	0	0	0	0	0	0	0	0	0	5	9	4	0	2	42	46	98	166	172	146	184	255	87	30	0	0	
0	0	0	0	0	0	0	0	0	3	4	0	0	42	139	225	236	255	255	237	248	255	222	147	26	0	0	1	
0	0	0	0	0	0	0	0	0	20	90	172	230	249	251	252	255	249	254	244	169	60	1	0	0	0	5	3	
0	0	3	0	0	7	0	0	105	182	245	255	253	255	237	255	220	130	208	243	37	0	11	0	0	0	0	0	
0	0	5	1	1	0	0	34	248	255	250	254	246	244	161	59	0	9	211	249	173	0	0	7	0	0	0	0	
7	0	2	1	0	0	20	87	255	237	255	172	92	9	0	0	17	145	255	246	70	20	0	0	0	0	0	0	
5	0	3	2	0	0	14	74	237	255	255	93	5	3	0	15	153	243	255	148	10	0	1	9	0	0	0	0	
0	0	8	5	4	0	0	9	129	249	253	255	179	101	12	10	214	255	187	17	21	0	0	7	0	0	0	0	
1	1	3	0	0	6	0	0	4	74	237	244	255	255	150	230	255	233	79	0	0	18	0	0	0	0	0	0	
5	1	0	0	0	9	1	13	11	0	19	124	230	239	249	247	250	104	0	7	10	0	7	4	0	0	0	0	
0	0	5	0	4	2	0	0	0	2	0	6	11	255	255	254	248	132	3	0	6	0	0	0	0	0	0	0	
0	0	0	0	0	0	0	0	0	8	0	4	76	247	255	247	253	250	78	0	0	1	4	0	0	0	0	0	
0	0	0	0	0	0	0	0	10	0	11	36	235	243	255	104	233	254	199	0	4	0	0	0	0	0	0	0	
0	0	0	0	0	0	0	0	0	12	0	153	255	255	53	0	0	193	255	107	0	0	11	0	0	0	0	0	
0	0	0	0	0	0	0	0	2	0	87	255	247	160	11	14	18	170	236	208	5	0	0	3	0	0	0	0	
0	0	0	0	0	0	0	0	1	30	171	233	255	19	17	25	204	239	255	125	0	15	0	2	0	0	0	0	
0	0	0	0	0	0	0	0	1	80	248	255	149	80	197	255	255	255	176	7	0	6	0	0	0	0	0	0	
0	0	0	0	0	0	0	0	7	116	255	255	246	255	246	252	254	173	0	0	18	0	0	10	0	0	0	0	
0	0	0	0	0	0	0	0	0	137	255	247	255	243	255	214	109	34	9	0	0	0	12	0	0	0	0	0	
0	0	0	0	0	0	0	0	0	60	184	255	237	171	92	15	0	0	0	0	0	0	0	0	0	0	0	0	
0	0	0	0	0	0	0	0	4	0	3	6	0	0	11	3	0	0	0	0	0	0	0	0	0	0	0	0	
0	0	0	0	0	0	0	0	7	0	3	9	0	2	7	0	0	0	0	0	0	0	0	0	0	0	0	0	
0	0	0	0	0	0	0	0	4	0	0	0	0	1	5	0	0	0	0	0	0	0	0	0	0	0	0	0	
