0	0	0	0	0	0	0	0	4	0	0	0	3	4	0	9	0	0	8	0	0	9	3	2	0	0	0	0	
0	0	0	0	0	0	0	0	0	5	4	6	0	0	14	0	1	1	0	10	0	0	11	0	0	0	0	0	
0	0	0	0	0	0	0	0	0	0	0	0	16	8	0	0	13	0	16	5	0	10	3	2	0	0	0	0	
0	0	0	0	0	0	0	0	0	5	20	0	0	0	0	12	0	8	0	0	12	0	0	8	0	0	0	0	
0	0	0	0	0	0	0	0	8	0	2	9	47	175	255	254	183	47	149	128	23	8	2	0	0	0	0	0	
0	0	0	0	0	0	0	0	0	22	0	78	231	255	250	247	255	235	250	248	158	0	0	7	0	0	0	0	
0	0	0	0	0	0	0	0	12	0	102	234	255	253	255	255	140	218	255	252	183	0	0	12	0	0	0	0	
0	0	0	0	0	0	0	0	0	55	244	255	248	202	46	75	12	227	245	248	188	0	21	0	0	0	0	0	
0	0	0	0	0	0	0	0	10	154	252	242	239	16	0	3	24	247	254	255	83	5	0	4	0	0	0	0	
0	0	0	0	0	0	0	0	2	186	255	255	150	5	8	2	176	255	233	174	4	5	0	0	0	0	0	0	
0	0	0	0	0	0	0	0	0	203	249	253	161	0	0	99	244	251	252	64	10	0	11	0	0	0	0	0	
0	0	0	0	0	0	0	0	10	183	254	254	234	34	19	186	255	255	142	0	0	13	0	0	0	0	0	0	
0	0	0	0	0	0	0	0	0	58	225	255	255	171	199	255	255	243	48	2	3	0	0	4	0	0	0	0	
0	0	0	0	0	0	0	0	11	3	152	253	244	248	255	248	252	170	0	10	12	0	20	0	0	0	0	0	
0	0	0	0	0	0	0	0	0	0	32	178	255	255	253	255	255	179	14	9	0	8	11	0	0	0	0	0	
0	0	0	0	0	0	0	0	0	16	0	114	255	248	245	249	242	255	236	68	20	0	0	1	0	0	0	0	
0	0	0	0	0	0	0	0	2	19	67	245	255	253	241	255	255	243	250	255	104	2	0	0	0	0	0	0	
0	0	0	0	0	0	0	0	0	0	173	255	250	255	161	50	157	247	255	246	198	0	17	0	0	0	0	0	
0	0	0	0	0	0	0	0	12	137	253	248	252	163	14	5	32	255	255	253	180	1	0	0	0	0	0	0	
0	0	0	0	0	0	0	0	0	198	239	255	165	7	0	26	197	244	248	255	55	3	0	1	0	0	0	0	
0	0	0	0	0	0	0	0	0	185	253	249	96	15	128	190	255	255	242	129	2	0	0	5	0	0	0	0	
0	0	0	0	0	0	0	0	13	121	255	249	255	245	225	255	234	232	142	13	3	0	0	1	0	0	0	0	
0	0	0	0	0	0	0	0	0	28	228	255	253	252	253	255	236	89	0	12	0	0	14	0	0	0	0	0	
0	0	0	0	0	0	0	0	0	0	89	215	239	255	255	124	8	8	6	0	14	8	0	6	0	0	0	0	
0	0	0	0	0	0	0	0	0	0	0	0	0	0	0	0	0	0	0	0	0	0	0	0	0	0	0	0	
0	0	0	0	0	0	0	0	0	0	0	0	0	0	0	0	0	0	0	0	0	0	0	0	0	0	0	0	
0	0	0	0	0	0	0	0	0	0	0	0	0	0	0	0	0	0	0	0	0	0	0	0	0	0	0	0	
0	0	0	0	0	0	0	0	0	0	0	0	0	0	0	0	0	0	0	0	0	0	0	0	0	0	0	0	
