0	0	0	0	0	0	0	0	6	7	4	0	0	0	0	0	4	2	8	0	0	0	0	4	3	0	6	2	
0	0	0	0	0	0	0	0	0	0	0	7	9	3	1	6	0	0	0	7	0	22	0	0	4	0	0	0	
0	0	0	0	0	0	0	0	18	5	0	0	0	0	0	0	12	0	16	0	13	0	1	1	2	5	0	0	
0	0	0	0	0	0	0	0	0	3	11	0	0	4	7	0	7	0	0	4	4	0	0	7	0	11	0	0	
0	0	0	0	0	0	0	0	13	1	0	0	1	5	2	0	0	2	2	0	0	4	4	0	0	5	1	0	
0	0	0	0	0	0	0	0	1	0	0	16	7	0	0	38	39	71	143	143	248	252	232	129	23	0	0	0	
0	0	0	0	0	0	0	0	0	0	3	0	0	25	134	243	246	255	255	236	229	248	255	251	94	0	0	0	
0	0	0	0	0	0	0	0	8	0	0	45	137	224	255	248	194	73	28	56	203	238	255	249	158	5	0	8	
0	0	0	0	0	0	0	0	7	3	0	144	251	255	154	24	0	1	76	255	244	201	248	254	95	11	0	12	
0	0	0	0	0	0	0	0	0	5	0	174	241	205	21	7	76	88	152	98	41	75	235	250	61	3	0	10	
0	0	0	0	0	0	0	0	0	14	11	235	255	84	5	0	21	0	14	3	96	193	255	138	19	0	0	5	
0	0	0	0	0	0	0	0	0	0	17	208	232	166	13	2	0	17	0	84	208	254	229	0	0	0	0	0	
0	0	0	0	0	0	0	0	10	1	0	139	255	244	19	8	3	47	177	250	255	215	44	5	0	5	1	0	
0	0	0	0	0	0	0	0	0	0	9	105	255	250	122	56	179	238	255	236	168	29	0	6	2	7	1	0	
0	0	0	0	0	0	0	0	13	0	2	0	58	255	253	248	248	255	215	90	33	0	17	0	4	1	0	0	
0	0	0	0	0	0	0	0	0	0	0	33	173	238	254	255	191	51	7	0	5	0	0	5	1	0	0	4	
3	3	0	5	0	0	0	7	13	20	84	231	248	247	255	255	77	8	0	2	0	0	7	0	0	0	0	0	
11	1	0	3	7	0	4	47	87	255	221	255	193	135	250	228	51	2	0	5	0	0	6	0	0	0	0	0	
0	4	5	0	0	65	168	255	245	255	185	65	0	115	255	160	18	0	0	8	0	0	5	0	0	0	0	0	
5	14	0	3	10	162	246	245	213	94	0	0	98	246	238	50	0	0	4	5	0	0	5	0	0	0	0	0	
0	0	0	4	0	197	255	198	45	0	15	47	116	255	218	40	0	0	3	0	0	2	4	0	0	0	0	0	
0	4	0	17	12	255	245	26	0	0	0	193	252	255	4	0	0	3	1	0	0	3	2	0	0	0	0	0	
0	11	9	0	0	205	252	105	28	127	235	255	217	0	13	2	0	4	0	0	0	1	0	0	0	0	0	0	
11	0	0	0	7	150	255	248	253	249	217	145	3	1	0	2	0	3	0	0	1	0	0	3	0	0	0	0	
0	11	0	9	0	31	209	255	226	79	5	12	0	0	5	0	0	0	0	0	0	0	0	0	0	0	0	0	
0	0	0	22	2	0	33	0	14	0	0	12	0	0	7	0	0	0	0	0	0	0	0	0	0	0	0	0	
6	1	0	2	0	0	1	0	0	0	5	0	0	1	12	0	0	0	0	0	0	0	0	0	0	0	0	0	
0	3	6	0	0	1	4	19	11	2	0	0	10	6	0	0	0	0	0	0	0	0	0	0	0	0	0	0	
