0	0	0	0	0	0	0	0	3	0	9	0	0	0	7	8	0	12	4	0	5	6	0	0	3	0	0	0	
0	0	0	0	0	0	0	0	1	0	4	0	8	8	0	0	3	0	0	10	0	0	11	0	0	4	16	14	
0	0	0	0	0	0	0	0	0	0	0	0	0	0	2	1	17	8	0	2	7	0	0	4	0	0	0	0	
0	0	0	0	0	0	0	0	7	12	0	3	0	0	5	5	0	8	0	0	9	10	0	0	17	1	0	1	
0	0	0	0	0	0	0	0	0	0	0	1	10	2	6	0	5	0	12	9	0	0	13	3	0	0	6	14	
0	0	0	0	0	0	0	0	2	11	7	3	6	0	11	7	0	0	0	6	1	25	112	200	13	0	0	0	
0	0	0	0	0	0	0	0	0	0	0	0	20	0	58	55	63	71	50	21	0	0	81	236	71	29	0	0	
0	0	0	0	0	0	0	0	7	0	8	55	182	198	255	242	248	253	255	197	75	30	117	221	21	0	0	4	
0	0	0	0	0	0	0	0	0	0	175	237	252	213	112	37	35	18	21	53	180	225	235	207	0	0	0	0	
0	0	0	0	0	0	0	0	7	101	255	186	0	0	10	0	0	26	11	0	11	232	255	181	0	0	0	0	
0	0	0	0	0	0	0	0	6	189	155	19	2	8	8	0	0	0	9	47	156	251	138	30	0	0	0	0	
0	0	0	0	0	0	0	0	0	237	122	0	10	0	10	0	6	6	50	208	253	203	33	10	0	0	0	0	
0	0	0	0	0	0	0	0	13	215	108	0	1	2	0	0	3	100	226	243	143	17	12	0	0	0	0	0	
0	0	0	0	0	0	0	0	0	123	238	39	14	0	31	60	174	255	228	200	30	3	0	0	0	0	0	0	
0	0	0	0	0	0	0	0	3	0	251	86	4	49	235	236	233	184	49	0	0	0	0	17	0	0	0	0	
0	0	0	0	0	0	0	0	6	0	200	244	216	248	246	147	40	0	0	0	5	0	8	0	0	0	0	0	
4	0	0	0	0	3	2	0	0	93	246	255	251	202	69	5	0	0	0	0	0	0	0	0	0	0	0	0	
0	0	4	12	8	0	0	49	192	255	255	226	240	84	0	0	0	0	0	0	0	0	0	0	0	0	0	0	
12	0	0	0	0	4	38	220	248	141	31	60	255	24	17	0	0	0	0	0	0	0	0	0	0	0	0	0	
3	1	0	4	0	0	24	251	255	26	14	34	217	120	0	0	0	0	0	0	0	0	0	0	0	0	0	0	
0	4	5	10	0	0	0	192	249	141	0	3	35	223	42	5	0	0	0	0	0	0	0	0	0	0	0	0	
0	7	0	0	0	8	9	142	255	95	10	0	183	233	12	0	0	0	0	0	0	0	0	0	0	0	0	0	
0	2	2	0	0	0	0	39	244	253	68	3	108	140	8	0	0	0	0	0	0	0	0	0	0	0	0	0	
5	0	0	0	4	2	1	6	74	208	227	189	241	138	0	4	0	0	0	0	0	0	0	0	0	0	0	0	
0	0	0	0	0	0	0	0	0	26	140	255	227	85	0	3	0	0	0	0	0	0	0	0	0	0	0	0	
0	0	0	0	0	0	0	0	3	5	3	0	0	0	0	2	0	0	0	0	0	0	0	0	0	0	0	0	
0	0	0	0	0	0	0	0	0	2	0	0	3	12	7	0	0	0	0	0	0	0	0	0	0	0	0	0	
0	0	0	0	0	0	0	0	5	0	0	2	1	0	0	6	0	0	0	0	0	0	0	0	0	0	0	0	
