0	0	0	0	0	0	0	0	0	4	5	0	5	0	7	0	0	4	0	2	0	6	0	10	0	0	0	0	
0	0	0	0	0	0	0	0	0	0	0	0	2	0	0	7	0	0	15	0	8	0	0	0	0	0	0	0	
0	0	0	0	0	0	0	0	8	6	11	0	1	18	0	0	3	0	0	0	0	11	0	7	0	0	0	0	
0	0	0	0	0	0	0	0	0	0	4	0	7	0	0	19	5	0	7	2	0	7	0	3	0	0	0	0	
0	0	0	0	0	0	0	0	0	13	0	10	0	3	6	0	4	0	6	8	9	0	4	0	0	0	0	0	
0	0	0	0	0	0	0	0	1	0	47	228	169	76	16	50	131	255	244	152	0	3	18	0	0	0	0	0	
0	0	0	0	0	0	0	0	2	44	201	204	131	125	189	234	228	216	136	237	98	20	0	3	0	0	0	0	
0	0	0	0	0	0	0	0	2	71	255	8	0	110	251	185	46	0	3	178	177	0	0	6	0	0	0	0	
0	0	0	0	0	0	0	0	0	127	238	5	178	86	47	2	5	0	0	243	225	4	0	3	0	0	0	0	
0	0	0	0	0	0	0	0	13	157	230	0	100	0	0	3	0	6	58	251	174	2	1	2	0	0	0	0	
0	0	0	0	0	0	0	0	0	125	247	6	8	0	6	1	11	0	130	255	55	8	0	0	0	0	0	0	
0	0	0	0	0	0	0	0	15	44	248	133	0	5	8	0	0	38	222	197	0	11	0	0	0	0	0	0	
0	0	0	0	0	0	0	0	0	14	218	249	39	0	0	2	19	180	249	53	10	0	0	3	0	0	0	0	
0	0	0	0	0	0	0	0	6	0	66	251	193	35	0	8	172	251	115	0	9	0	4	0	0	0	0	0	
0	0	0	0	0	0	0	0	4	0	13	205	255	37	5	165	247	146	0	13	0	1	1	0	0	0	0	0	
0	0	0	0	0	0	0	0	0	1	0	37	250	191	158	255	152	1	6	0	2	7	0	4	0	0	0	0	
0	0	0	0	0	0	0	0	0	0	0	21	196	252	255	123	1	1	1	0	0	0	0	0	0	0	0	0	
0	0	0	0	0	0	0	0	3	1	23	0	221	247	255	15	1	1	1	0	0	0	0	0	0	0	0	0	
0	0	0	0	0	0	0	0	0	0	6	170	246	228	255	58	1	1	0	0	0	0	0	0	0	0	0	0	
0	0	0	0	0	0	0	0	15	29	184	238	91	41	255	107	0	0	0	0	0	0	0	0	0	0	0	0	
0	0	0	0	0	0	0	0	0	128	247	48	19	0	201	194	0	0	0	0	0	0	0	0	0	0	0	0	
0	0	0	0	0	0	0	0	72	232	174	0	0	23	218	172	0	0	0	0	0	0	1	1	0	0	0	0	
0	0	0	0	0	0	0	0	45	255	188	15	13	87	255	137	0	0	0	0	0	1	1	1	0	0	0	0	
0	0	0	0	0	0	0	0	0	155	238	141	133	240	220	51	0	0	0	0	0	1	1	1	0	0	0	0	
0	0	0	0	0	0	0	0	0	20	184	248	255	207	38	3	0	0	0	0	0	0	0	0	0	0	0	0	
0	0	0	0	0	0	0	0	9	0	0	0	0	9	0	5	0	0	0	0	0	0	0	0	0	0	0	0	
0	0	0	0	0	0	0	0	6	7	0	4	5	0	4	0	0	0	0	0	0	0	0	0	0	0	0	0	
0	0	0	0	0	0	0	0	0	7	0	1	0	0	8	0	0	0	0	0	0	0	0	0	0	0	0	0	
