0	0	0	0	0	0	0	0	0	0	0	0	3	3	1	0	0	0	7	4	0	1	9	0	0	0	0	0	
0	0	0	0	0	0	0	0	1	1	0	0	0	0	0	3	9	0	0	0	0	0	0	0	0	0	0	0	
0	0	0	0	0	0	0	0	0	0	3	5	3	2	3	4	0	0	0	2	4	0	1	15	0	0	0	0	
0	0	0	0	0	0	0	0	3	2	1	0	0	0	0	0	0	16	13	0	0	0	0	0	0	0	0	0	
0	0	0	0	0	0	0	0	6	1	0	0	1	7	10	10	0	4	0	0	3	8	0	0	0	0	0	0	
0	0	0	0	0	0	0	0	0	0	0	1	2	0	0	0	0	4	3	1	3	0	0	5	0	0	0	0	
0	0	0	0	0	0	0	0	0	1	0	0	0	2	13	22	117	179	245	255	245	192	91	0	0	0	0	0	
0	0	0	0	0	0	0	0	4	1	0	1	29	89	164	217	247	255	255	219	226	252	163	8	0	0	0	0	
0	0	0	0	0	0	0	0	5	0	8	41	236	252	176	92	238	227	95	20	57	252	174	4	0	0	0	0	
0	0	0	0	0	0	0	0	0	10	17	194	154	55	0	36	104	5	0	0	86	243	185	0	0	0	0	0	
0	0	0	0	0	0	0	0	9	0	216	200	33	7	0	2	0	11	19	23	117	187	73	0	0	0	0	0	
0	0	0	0	0	0	0	0	0	31	167	66	24	0	0	5	0	0	235	204	108	133	0	8	0	0	0	0	
0	0	0	0	0	0	0	0	0	12	242	255	151	7	11	0	11	0	236	255	148	22	4	0	0	0	0	0	
0	0	0	0	0	0	0	0	4	2	84	237	253	79	12	9	80	213	248	75	5	0	0	1	0	0	0	0	
0	0	0	0	0	0	0	0	0	0	0	144	255	240	47	174	253	227	64	9	0	0	10	0	0	0	0	0	
0	0	0	0	0	0	0	0	0	11	2	3	189	250	255	226	108	17	9	0	14	0	0	8	0	0	0	0	
0	2	0	2	0	9	0	15	7	0	1	100	215	250	255	99	0	0	0	0	0	0	0	0	0	0	0	0	
0	9	0	3	0	4	2	0	0	15	166	252	245	240	223	16	0	0	0	0	0	0	0	0	0	0	0	0	
0	14	0	6	0	0	8	0	34	225	244	214	48	108	255	95	0	0	0	0	0	0	0	0	0	0	0	0	
0	10	0	7	2	0	0	52	180	254	152	30	6	19	199	113	0	0	0	0	0	0	0	0	0	0	0	0	
0	2	0	0	9	0	0	146	255	213	4	6	0	10	238	191	0	0	0	0	0	0	0	0	0	0	0	0	
2	0	0	0	5	0	0	184	245	36	20	0	0	4	212	167	0	0	0	0	0	0	0	0	0	0	0	0	
1	1	2	0	0	4	3	117	255	111	0	9	6	8	174	116	0	0	0	0	0	0	0	0	0	0	0	0	
0	3	5	5	0	4	0	24	129	255	123	9	4	0	172	165	0	0	0	0	0	0	0	0	0	0	0	0	
0	0	0	0	0	0	0	0	13	168	221	240	169	32	175	77	0	0	0	0	0	0	0	0	0	0	0	0	
0	0	0	0	0	0	0	0	3	0	56	146	253	232	25	2	0	0	0	0	0	0	0	0	0	0	0	0	
0	0	0	0	0	0	0	0	0	11	0	20	0	0	0	8	0	0	0	0	0	0	0	0	0	0	0	0	
0	0	0	0	0	0	0	0	0	0	0	13	0	7	43	0	0	0	0	0	0	0	0	0	0	0	0	0	
