0	0	0	0	0	0	0	0	0	5	0	0	1	0	0	5	5	0	0	0	4	7	0	1	0	0	0	0	
0	0	0	0	0	0	0	0	2	0	0	0	2	3	0	0	0	7	0	10	0	0	0	0	0	0	0	0	
0	0	0	0	0	0	0	0	0	0	4	5	0	0	5	5	0	7	0	13	0	0	7	0	0	0	0	0	
0	0	0	0	0	0	0	0	9	1	3	1	0	0	0	0	10	0	0	1	0	1	6	0	0	0	0	0	
0	0	0	0	0	0	0	0	8	0	0	0	8	15	12	1	0	0	11	0	1	2	0	0	0	0	0	0	
0	0	0	0	0	0	0	0	0	3	3	0	0	0	0	0	0	1	9	0	3	0	0	1	0	0	0	0	
0	0	0	0	0	0	0	0	0	17	6	0	8	4	5	39	102	105	0	1	0	3	0	3	0	0	0	0	
0	0	0	0	0	0	0	0	2	10	0	5	95	142	153	189	255	235	3	8	0	9	4	0	0	0	0	0	
0	8	0	9	0	7	13	0	0	3	192	213	234	238	252	255	251	255	146	15	0	0	55	193	198	50	0	7	
5	5	0	0	2	0	0	19	172	255	253	237	254	255	241	248	244	205	30	43	160	255	244	250	255	98	0	0	
0	0	3	0	8	0	117	167	251	253	254	250	254	237	233	159	163	23	127	253	251	252	255	249	255	131	25	2	
0	6	0	5	0	0	255	243	239	255	255	250	141	129	65	55	141	163	250	253	246	233	250	182	99	49	1	0	
5	4	0	4	0	7	255	249	255	233	240	255	84	1	44	225	255	224	247	244	255	255	53	36	0	0	0	0	
0	0	4	0	9	18	174	255	255	253	255	255	255	238	255	244	245	255	255	225	69	11	0	0	2	10	9	5	
0	6	8	0	0	0	49	147	190	255	252	239	255	255	237	254	248	238	158	79	16	0	0	7	0	0	0	0	
0	6	0	13	0	0	1	0	70	86	255	251	245	245	255	253	248	255	2	0	0	10	7	0	2	0	4	4	
0	0	0	0	0	0	0	0	0	0	92	251	254	247	255	253	254	244	1	5	7	0	0	12	0	0	0	0	
0	0	0	0	0	0	0	0	15	4	58	237	253	249	249	240	252	255	0	0	0	6	9	0	0	0	0	0	
0	0	0	0	0	0	0	0	0	0	141	249	251	244	246	255	245	255	65	10	0	0	3	0	0	0	0	0	
0	0	0	0	0	0	0	0	14	0	255	247	254	255	242	249	244	252	214	0	13	9	2	0	0	0	0	0	
0	0	0	0	0	0	0	0	3	0	255	246	238	253	255	253	255	247	36	0	0	0	0	2	0	0	0	0	
0	0	0	0	0	0	0	0	1	12	193	255	251	240	255	251	230	255	202	21	4	9	9	1	0	0	0	0	
0	0	0	0	0	0	0	0	0	0	49	183	247	250	255	235	255	243	120	0	0	11	0	0	0	0	0	0	
0	0	0	0	0	0	0	0	3	5	0	29	108	97	100	104	92	104	0	6	0	2	0	11	0	0	0	0	
0	0	0	0	0	0	0	0	0	0	0	0	0	0	0	0	0	0	0	0	0	0	0	0	0	0	0	0	
0	0	0	0	0	0	0	0	0	0	0	0	0	0	0	0	0	0	0	0	0	0	0	0	0	0	0	0	
0	0	0	0	0	0	0	0	0	0	0	0	0	0	0	0	0	0	0	0	0	0	0	0	0	0	0	0	
0	0	0	0	0	0	0	0	0	0	0	0	0	0	0	0	0	0	0	0	0	0	0	0	0	0	0	0	
