0	0	0	0	0	0	0	0	2	5	0	0	3	3	0	3	0	1	2	0	11	9	0	11	0	0	0	0	
0	0	0	0	0	0	0	0	0	6	0	0	0	11	18	0	0	5	4	7	0	0	15	0	0	0	0	0	
0	0	0	0	0	0	0	0	0	0	0	24	0	0	0	0	12	0	0	12	0	3	3	0	0	0	0	0	
0	0	0	0	0	0	0	0	4	3	0	10	0	6	6	19	0	0	3	8	2	17	0	8	0	0	0	0	
0	0	0	0	0	0	0	0	0	9	3	0	0	21	0	0	0	87	166	253	250	195	97	0	0	0	0	0	
0	0	0	0	0	0	0	0	0	0	9	6	3	0	0	55	156	249	204	132	32	72	176	0	0	0	0	0	
0	0	0	0	0	0	0	0	9	0	0	3	0	0	150	220	217	100	0	8	0	30	161	10	0	0	0	0	
0	0	0	0	0	0	0	0	0	9	0	0	0	57	255	214	39	0	8	0	8	73	136	4	0	0	0	0	
0	0	0	0	0	0	0	0	0	0	4	1	12	196	237	32	0	3	5	0	41	205	74	0	0	0	0	0	
0	0	0	0	0	0	0	0	4	9	0	0	112	249	107	0	0	0	2	4	186	76	9	5	0	0	0	0	
0	0	0	0	0	0	0	0	0	0	0	0	179	193	0	18	3	12	19	163	93	3	0	0	0	0	0	0	
0	0	0	0	0	0	0	0	16	0	0	10	244	197	0	0	0	0	143	90	0	0	19	0	0	0	0	0	
0	0	0	0	0	0	0	0	0	0	10	0	177	190	18	1	1	148	101	0	0	12	0	0	0	0	0	0	
0	0	0	0	0	0	0	0	10	1	0	10	141	222	9	0	44	179	28	0	21	0	0	0	0	0	0	0	
0	0	0	0	0	0	0	0	4	0	0	0	93	249	189	171	34	2	13	4	0	14	0	15	0	0	0	0	
0	0	0	0	0	0	0	0	0	5	12	3	100	245	238	7	5	0	0	0	13	0	17	0	0	0	0	0	
0	0	0	0	0	0	0	0	0	2	4	53	248	255	224	0	0	0	4	0	0	3	0	6	0	0	0	0	
0	0	0	0	0	0	0	0	0	2	50	237	218	125	249	82	4	1	3	0	0	9	0	0	0	0	0	0	
0	0	0	0	0	0	0	0	0	12	204	254	98	8	203	168	0	0	3	0	0	8	0	1	0	0	0	0	
0	0	0	0	0	0	0	0	6	18	232	151	19	0	84	246	8	0	1	4	0	0	0	7	0	0	0	0	
0	0	0	0	0	0	0	0	2	143	250	151	0	0	21	255	58	2	0	6	4	0	0	8	0	0	0	0	
0	0	0	0	0	0	0	0	0	157	246	149	0	0	22	196	102	16	0	1	6	5	0	0	0	0	0	0	
0	0	0	0	0	0	0	0	0	54	234	228	113	52	128	255	74	7	0	2	0	6	1	0	0	0	0	0	
0	0	0	0	0	0	0	0	9	0	61	208	245	255	250	153	11	0	4	9	0	0	3	0	0	0	0	0	
0	0	0	0	0	0	0	0	0	0	0	0	0	0	0	0	0	0	0	0	0	0	0	0	0	0	0	0	
0	0	0	0	0	0	0	0	0	0	0	0	0	0	0	0	0	0	0	0	0	0	0	0	0	0	0	0	
0	0	0	0	0	0	0	0	0	0	0	0	0	0	0	0	0	0	0	0	0	0	0	0	0	0	0	0	
0	0	0	0	0	0	0	0	0	0	0	0	0	0	0	0	0	0	0	0	0	0	0	0	0	0	0	0	
