0	0	0	0	0	0	0	0	0	6	0	0	6	7	0	3	8	0	0	0	13	0	7	0	0	0	0	0	
0	0	0	0	0	0	0	0	0	0	0	3	0	0	0	3	0	0	10	0	0	0	5	0	0	0	0	0	
0	0	0	0	0	0	0	0	0	0	0	0	22	10	0	0	5	0	10	0	0	0	9	0	0	0	0	0	
0	0	0	0	0	0	0	0	3	9	4	0	0	0	0	8	1	0	6	0	3	11	0	0	0	0	0	0	
0	0	0	0	0	0	0	0	0	0	6	7	0	7	15	0	2	4	1	0	0	0	0	15	0	0	0	0	
0	0	0	0	0	0	0	0	0	23	2	0	7	2	0	8	0	17	0	0	15	6	0	0	0	0	0	0	
0	0	0	0	0	0	0	0	7	0	0	60	203	255	253	255	246	239	74	0	1	0	0	3	0	0	0	0	
0	0	0	0	0	0	0	0	0	0	148	249	173	137	151	99	218	254	80	0	0	0	2	1	0	0	0	0	
0	0	0	0	0	0	0	0	0	4	255	99	0	0	0	5	193	241	88	106	81	1	0	7	0	0	0	0	
0	0	0	0	0	0	0	0	10	83	202	17	0	6	9	0	227	255	244	239	157	0	13	0	0	0	0	0	
0	0	0	0	0	0	0	0	1	168	237	0	13	0	0	0	245	249	196	50	0	11	0	7	0	0	0	0	
0	0	0	0	0	0	0	0	0	187	252	119	1	4	0	168	248	185	49	0	2	7	0	0	0	0	0	0	
0	0	0	0	0	0	0	0	0	75	238	255	173	52	84	239	172	11	5	0	12	0	0	3	0	0	0	0	
0	0	0	0	0	0	0	0	12	5	71	220	248	238	255	242	4	3	0	8	16	0	25	0	0	0	0	0	
0	0	0	0	0	0	0	0	5	0	0	41	174	246	254	71	2	14	0	0	0	13	0	13	0	0	0	0	
0	0	0	0	0	0	0	0	0	9	8	0	65	253	255	164	3	0	9	4	0	10	0	1	0	0	0	0	
0	0	0	0	0	0	0	0	0	5	11	0	138	255	232	255	7	0	1	2	0	0	4	0	0	0	0	0	
0	0	0	0	0	0	0	0	8	0	0	0	208	126	97	249	202	36	2	0	9	2	0	0	0	0	0	0	
0	0	0	0	0	0	0	0	2	0	0	0	247	51	17	165	253	40	0	0	7	0	1	11	0	0	0	0	
0	0	0	0	0	0	0	0	0	8	16	44	253	57	1	29	247	110	14	0	4	0	0	1	0	0	0	0	
0	0	0	0	0	0	0	0	3	0	8	44	240	55	9	12	255	211	14	0	1	6	1	0	0	0	0	0	
0	0	0	0	0	0	0	0	8	0	0	3	245	82	0	0	255	240	0	0	1	0	0	6	0	0	0	0	
0	0	0	0	0	0	0	0	0	6	10	5	238	162	16	2	252	235	9	10	8	0	0	7	0	0	0	0	
0	0	0	0	0	0	0	0	0	5	0	0	165	227	127	173	250	204	4	0	2	1	4	0	0	0	0	0	
0	0	0	0	0	0	0	0	4	0	0	10	114	247	255	242	239	50	0	1	2	6	0	0	0	0	0	0	
0	0	0	0	0	0	0	0	0	1	5	0	22	126	209	255	50	0	0	5	0	9	5	13	0	0	0	0	
0	0	0	0	0	0	0	0	1	0	0	0	0	5	0	0	0	0	15	0	0	4	0	0	0	0	0	0	
0	0	0	0	0	0	0	0	4	0	0	1	3	4	3	9	16	1	1	0	0	7	0	5	0	0	0	0	
