0	0	0	0	0	0	0	0	0	6	2	3	0	0	0	0	0	0	0	1	0	7	0	7	0	0	0	0	
0	0	0	0	0	0	0	0	2	0	0	3	9	0	0	4	2	16	14	4	0	0	0	0	0	0	0	0	
0	0	0	0	0	0	0	0	0	13	15	0	0	0	0	2	0	0	0	0	1	5	9	0	0	0	0	0	
0	0	0	0	0	0	0	0	0	0	0	11	17	8	0	6	15	1	3	6	0	0	3	0	0	0	0	0	
0	0	0	0	0	0	0	0	7	1	7	0	0	0	0	8	0	0	6	0	0	0	0	2	0	0	0	0	
0	0	0	0	0	0	0	0	5	0	10	0	0	15	0	9	107	172	226	174	88	59	0	6	0	0	0	0	
0	0	0	0	0	0	0	0	6	0	12	6	0	14	107	255	250	242	255	255	253	234	26	0	0	0	0	0	
0	0	0	0	0	0	0	0	6	0	4	0	78	228	255	252	240	200	218	255	255	231	0	4	0	0	0	0	
0	0	0	0	0	0	0	0	0	0	0	62	246	255	224	88	1	161	235	245	213	175	0	4	0	0	0	0	
0	0	0	0	0	0	0	0	4	5	3	137	248	241	85	0	140	227	255	89	0	10	0	0	0	0	0	0	
0	0	0	0	0	0	0	0	5	0	0	204	255	76	0	117	254	241	55	1	1	12	0	0	0	0	0	0	
0	0	0	0	0	0	0	0	0	12	20	255	249	21	106	245	240	83	14	0	10	0	0	20	0	0	0	0	
0	0	0	0	0	0	0	0	7	0	0	239	240	167	255	247	100	1	14	0	0	6	1	0	0	0	0	0	
0	0	0	0	0	0	0	0	5	5	9	140	255	255	230	157	0	0	0	12	16	4	0	10	0	0	0	0	
0	0	0	0	0	0	0	0	0	15	1	12	213	255	255	255	151	0	9	0	0	0	0	5	0	0	0	0	
0	0	0	0	0	0	0	0	9	0	0	168	255	225	208	242	250	179	26	1	0	0	18	0	0	0	0	0	
0	2	2	0	6	4	0	2	0	8	99	255	239	38	29	125	238	252	164	0	13	0	0	12	0	0	0	0	
2	6	0	0	0	0	0	0	0	43	229	250	102	5	0	9	48	248	255	25	0	10	9	0	0	0	0	0	
1	4	0	0	1	1	0	5	4	193	255	170	0	0	20	0	0	206	247	53	3	4	1	4	0	0	0	0	
0	0	0	0	8	3	0	2	96	250	229	0	3	14	0	0	72	245	255	64	0	0	0	1	0	0	0	0	
0	1	0	0	4	0	0	3	251	252	100	0	8	0	10	150	239	255	178	14	0	6	0	0	0	0	0	0	
1	2	0	0	2	1	10	32	239	166	0	16	22	114	237	255	255	129	17	0	6	5	0	11	0	0	0	0	
0	1	0	0	3	3	19	48	255	62	77	133	251	251	255	219	58	6	0	5	2	5	0	0	0	0	0	0	
0	3	3	2	0	0	1	29	244	255	244	255	250	238	110	22	5	0	6	9	0	5	13	0	0	0	0	0	
0	0	1	4	0	0	12	37	228	251	248	185	86	13	0	8	0	0	0	0	0	0	0	0	0	0	0	0	
3	0	0	2	0	0	1	15	0	0	3	5	4	1	0	0	0	0	0	0	0	0	0	0	0	0	0	0	
6	0	0	1	2	0	0	0	12	6	1	1	3	2	0	0	0	0	0	0	0	0	0	0	0	0	0	0	
5	0	0	2	5	1	0	0	0	0	0	0	0	0	4	11	0	0	0	0	0	0	0	0	0	0	0	0	
