0	0	0	0	0	0	0	0	0	0	5	0	0	0	1	1	1	7	0	0	0	0	0	3	0	0	0	0	
0	0	0	0	0	0	0	0	9	0	0	1	6	3	0	0	0	0	0	10	11	1	0	0	0	0	0	0	
0	0	0	0	0	0	0	0	0	0	0	0	0	0	0	0	5	0	0	0	0	0	4	2	0	0	0	0	
0	0	0	0	0	0	0	0	0	4	8	0	0	6	10	3	4	8	13	3	0	5	8	0	0	0	0	0	
0	0	0	0	0	0	0	0	4	6	4	0	0	1	0	0	0	0	0	0	0	2	7	2	0	0	0	0	
0	0	0	0	0	0	0	0	0	0	0	8	3	0	0	14	9	6	0	5	11	0	0	4	0	0	0	0	
0	0	0	0	0	0	0	0	7	5	0	0	0	7	3	0	0	9	0	0	6	6	0	8	0	0	0	0	
0	0	0	0	0	0	0	0	0	0	0	27	136	249	255	194	254	255	148	11	0	0	0	1	0	0	0	0	
1	0	5	4	2	3	2	0	3	1	47	186	254	225	66	26	40	146	250	103	57	13	0	4	0	0	0	0	
9	0	2	2	0	0	0	7	9	20	193	254	175	8	0	0	16	55	255	255	187	0	10	0	0	0	0	0	
1	0	2	0	0	5	0	8	0	227	255	128	0	3	1	0	0	74	255	248	79	0	0	0	0	0	0	0	
0	2	4	0	0	17	0	9	171	237	102	2	0	13	0	0	50	233	250	151	0	1	11	0	0	0	0	0	
0	3	3	0	0	3	0	77	249	231	49	0	8	0	25	158	220	254	247	37	8	13	0	14	0	0	0	0	
6	0	0	9	0	0	12	190	250	56	0	23	2	67	199	248	255	255	163	0	9	0	16	0	0	0	0	0	
5	0	0	11	0	0	14	214	255	64	37	61	212	234	232	102	214	243	109	3	0	18	1	0	0	0	0	0	
0	6	0	0	0	3	0	149	255	242	255	255	247	146	19	0	209	247	7	0	5	0	0	10	0	0	0	0	
0	0	0	0	0	0	0	0	141	195	205	136	35	14	0	10	226	126	0	1	1	0	0	6	0	0	0	0	
0	0	0	0	0	0	0	0	0	5	8	8	0	0	0	117	245	70	4	0	1	0	1	0	0	0	0	0	
0	0	0	0	0	0	0	0	3	0	0	2	8	6	15	241	244	4	9	0	1	0	6	0	0	0	0	0	
0	0	0	0	0	0	0	0	0	11	6	0	1	0	5	255	195	0	7	0	1	0	7	0	0	0	0	0	
0	0	0	0	0	0	0	0	0	9	1	0	6	8	56	255	113	0	1	2	0	0	4	0	0	0	0	0	
0	0	0	0	0	0	0	0	0	4	0	0	0	0	126	254	44	6	0	2	0	0	0	3	0	0	0	0	
0	0	0	0	0	0	0	0	0	0	3	7	0	8	210	222	14	2	5	0	0	3	0	1	0	0	0	0	
0	0	0	0	0	0	0	0	6	3	0	6	4	34	252	141	12	0	12	0	0	6	0	0	0	0	0	0	
0	0	0	0	0	0	0	0	0	2	8	0	7	117	255	29	0	0	0	0	0	0	0	0	0	0	0	0	
0	0	0	0	0	0	0	0	10	3	0	1	0	207	255	0	0	0	0	0	0	0	0	0	0	0	0	0	
0	0	0	0	0	0	0	0	0	0	11	4	1	211	207	18	0	0	0	0	0	0	0	0	0	0	0	0	
0	0	0	0	0	0	0	0	18	0	0	0	5	1	0	0	0	0	0	0	0	0	0	0	0	0	0	0	
