0	0	0	0	0	0	0	0	2	0	6	12	0	0	5	0	4	0	0	6	2	0	1	0	0	0	0	0	
0	0	0	0	0	0	0	0	0	0	0	0	0	13	11	0	0	5	8	0	0	1	16	2	0	0	0	0	
0	0	0	0	0	0	0	0	6	4	0	0	4	0	0	9	0	0	0	6	10	0	0	0	0	0	0	0	
0	0	0	0	0	0	0	0	0	5	1	0	0	0	0	13	0	15	0	0	0	23	0	3	0	0	0	0	
0	0	0	0	0	0	0	0	0	10	3	0	6	15	1	0	2	0	0	2	5	8	0	0	0	0	0	0	
0	0	0	0	0	0	0	0	6	3	2	7	3	0	0	9	8	0	31	0	0	0	1	1	0	0	0	0	
0	0	0	0	0	0	0	0	0	0	0	2	0	5	60	115	233	246	247	77	0	8	28	0	0	0	0	0	
0	0	0	0	0	0	0	0	0	12	14	0	18	140	243	255	255	249	255	184	11	0	0	10	0	0	0	0	
0	0	0	0	0	0	0	0	0	0	2	14	114	253	246	220	250	253	255	238	0	0	2	0	0	0	0	0	
0	0	0	0	0	0	0	0	3	10	29	180	245	153	122	17	42	35	232	104	13	0	5	0	0	0	0	0	
0	0	0	0	0	0	0	0	0	0	229	253	213	0	0	0	0	16	226	40	0	1	5	8	0	0	0	0	
0	0	0	0	0	0	0	0	16	72	253	187	49	8	12	0	10	0	167	217	1	5	0	0	0	0	0	0	
0	0	0	0	0	0	0	0	0	74	246	141	36	133	106	14	74	198	254	242	1	19	0	20	0	0	0	0	
0	0	0	0	0	0	0	0	0	18	255	243	247	248	253	207	251	255	250	103	0	0	0	0	0	0	0	0	
0	0	0	0	0	0	0	0	0	0	37	200	241	194	225	165	156	255	254	28	18	0	0	8	0	0	0	0	
0	0	0	0	0	0	0	0	5	0	13	17	24	12	41	2	217	244	129	22	0	0	4	0	0	0	0	0	
0	0	0	0	0	0	0	0	1	7	0	0	0	14	0	103	255	218	34	0	0	4	3	0	0	0	0	0	
0	0	0	0	0	0	0	0	0	0	11	17	0	0	41	233	251	113	0	0	6	0	0	1	0	0	0	0	
0	0	0	0	0	0	0	0	5	33	0	4	0	10	108	255	208	24	0	0	13	0	0	0	0	0	0	0	
0	0	0	0	0	0	0	0	0	0	11	5	0	27	238	253	112	0	12	0	3	0	2	0	0	0	0	0	
0	0	0	0	0	0	0	0	16	0	11	0	42	211	255	231	16	0	3	0	0	2	6	1	0	0	0	0	
0	0	0	0	0	0	0	0	1	0	0	4	22	246	226	80	0	9	0	4	5	2	0	0	0	0	0	0	
0	0	0	0	0	0	0	0	5	4	1	26	201	246	166	0	6	9	0	9	5	0	0	0	0	0	0	0	
0	0	0	0	0	0	0	0	3	0	25	192	252	214	9	9	5	0	0	3	0	0	5	0	0	0	0	0	
0	0	0	0	0	0	0	0	0	0	223	255	204	33	0	7	0	0	0	0	0	0	0	0	0	0	0	0	
0	0	0	0	0	0	0	0	0	10	243	227	36	0	31	0	0	0	0	0	0	0	0	0	0	0	0	0	
0	0	0	0	0	0	0	0	0	12	11	0	3	8	0	3	0	0	0	0	0	0	0	0	0	0	0	0	
0	0	0	0	0	0	0	0	9	0	0	21	0	0	15	5	0	0	0	0	0	0	0	0	0	0	0	0	
