0	0	0	0	0	0	0	0	1	0	0	0	0	0	1	7	0	8	7	0	0	0	0	4	0	0	0	0	
0	0	0	0	0	0	0	0	0	7	8	3	6	12	2	0	3	0	0	0	6	1	0	0	0	0	0	0	
0	0	0	0	0	0	0	0	0	0	0	0	0	0	0	17	5	1	6	5	0	0	8	12	0	0	0	0	
0	0	0	0	0	0	0	0	11	4	1	5	8	4	0	0	0	0	0	0	0	9	6	0	0	0	0	0	
0	0	0	0	0	0	0	0	0	2	2	0	0	3	6	0	6	8	6	0	0	0	0	1	0	0	0	0	
0	0	0	0	0	0	0	0	12	0	0	8	11	0	0	0	0	0	0	3	14	1	0	7	0	0	0	0	
0	0	0	0	0	0	0	0	0	0	7	2	0	37	156	255	255	196	67	0	0	9	0	0	0	0	0	0	
0	0	0	0	0	0	0	0	0	5	0	0	95	224	255	243	253	255	149	14	0	6	0	5	0	0	0	0	
0	0	0	0	0	0	0	0	0	5	0	117	253	225	255	141	199	250	252	42	31	24	0	5	0	0	0	0	
0	0	0	0	0	0	0	0	0	9	89	252	242	200	15	0	103	245	241	63	92	65	0	2	0	0	0	0	
0	0	0	0	0	0	0	0	0	11	215	255	201	18	0	0	125	253	255	66	112	68	0	3	0	0	0	0	
0	0	0	0	0	0	0	0	7	210	255	229	27	0	6	2	223	247	255	39	65	27	0	1	0	0	0	0	
0	0	0	0	0	0	0	0	0	227	248	74	12	10	0	69	245	250	184	8	14	0	1	0	0	0	0	0	
0	0	0	0	0	0	0	0	88	249	255	17	0	0	28	200	240	255	84	0	0	0	5	0	0	0	0	0	
0	0	0	0	0	0	0	0	68	254	255	34	0	54	191	248	255	224	27	0	0	1	0	3	0	0	0	0	
0	0	0	0	0	0	0	0	62	246	254	195	154	243	247	255	255	95	7	0	12	0	0	5	0	0	0	0	
0	0	0	0	0	0	0	0	0	218	252	255	255	246	234	255	255	48	0	13	0	10	0	3	0	0	0	0	
0	0	0	0	0	0	0	0	8	8	87	223	119	63	220	230	221	34	0	12	56	62	8	0	0	0	0	0	
0	0	0	0	0	0	0	0	11	0	2	0	12	47	251	255	117	12	0	9	94	75	2	0	0	0	0	0	
0	0	0	0	0	0	0	0	0	8	0	3	5	205	248	221	25	0	0	0	103	64	0	8	0	0	0	0	
0	0	0	0	0	0	0	0	9	0	0	1	35	250	255	147	0	0	0	0	112	77	0	1	0	0	0	0	
0	0	0	0	0	0	0	0	0	0	8	5	193	255	248	39	0	5	2	2	94	69	1	0	0	0	0	0	
0	0	0	0	0	0	0	0	16	0	0	166	254	255	167	3	0	2	5	5	42	31	0	0	0	0	0	0	
0	0	0	0	0	0	0	0	0	12	39	246	254	240	52	0	4	0	0	0	3	9	0	0	0	0	0	0	
0	0	0	0	0	0	0	0	2	0	103	252	255	180	3	0	0	0	0	0	0	0	0	0	0	0	0	0	
0	0	0	0	0	0	0	0	0	18	20	255	231	18	1	7	0	0	0	0	0	0	0	0	0	0	0	0	
0	0	0	0	0	0	0	0	0	2	9	2	0	2	0	2	0	0	0	0	0	0	0	0	0	0	0	0	
0	0	0	0	0	0	0	0	11	0	0	0	15	14	0	2	0	0	0	0	0	0	0	0	0	0	0	0	
