0	0	0	0	0	0	0	0	2	0	0	4	2	0	0	2	3	0	0	0	4	0	0	4	0	0	0	0	
0	0	0	0	0	0	0	0	0	4	8	0	0	0	4	7	1	0	0	0	12	14	13	0	0	0	0	0	
0	0	0	0	0	0	0	0	1	0	0	5	15	8	0	0	6	0	6	0	0	0	0	4	0	0	0	0	
0	0	0	0	0	0	0	0	4	2	1	0	0	0	3	16	1	0	0	12	7	11	7	0	0	0	0	0	
0	0	0	0	0	0	0	0	0	8	8	0	0	7	4	0	0	15	0	0	0	6	0	0	0	0	0	0	
0	0	0	0	0	0	0	0	2	0	0	2	3	0	0	11	0	2	0	16	8	14	0	7	0	0	0	0	
0	0	0	0	0	0	0	0	7	1	0	0	3	34	107	177	241	161	40	0	3	0	0	4	0	0	0	0	
0	0	0	0	0	0	0	0	0	6	0	0	87	219	255	252	255	255	177	12	5	0	8	2	0	0	0	0	
0	0	0	0	0	0	0	0	0	2	19	202	242	255	252	249	255	247	174	0	14	0	0	6	0	0	0	0	
0	0	0	0	0	0	0	0	9	16	196	246	255	234	180	98	121	255	230	7	4	0	7	0	0	0	0	0	
0	0	0	0	0	0	0	0	0	110	251	255	173	40	0	0	32	247	234	0	0	3	12	0	0	0	0	0	
0	0	0	0	0	0	0	0	7	200	237	218	16	11	67	74	152	255	232	4	3	0	0	2	0	0	0	0	
0	0	0	0	0	0	0	0	8	242	255	236	215	251	234	255	255	255	233	5	4	0	0	4	0	0	0	0	
0	0	0	0	0	0	0	0	72	235	255	255	247	248	255	255	251	244	221	2	0	2	8	0	0	0	0	0	
0	0	0	0	0	0	0	0	12	211	240	255	255	255	255	253	255	255	176	9	0	6	2	0	0	0	0	0	
0	0	0	0	0	0	0	0	0	13	122	120	132	124	76	84	252	248	81	0	3	1	0	0	0	0	0	0	
0	0	0	0	0	0	0	0	0	11	0	9	9	0	12	166	255	212	9	0	0	0	3	8	0	0	0	0	
0	0	0	0	0	0	0	0	6	0	11	0	7	0	105	255	255	128	11	8	15	0	0	0	0	0	0	0	
0	0	0	0	0	0	0	0	10	0	0	5	9	39	238	253	217	3	0	0	0	2	6	10	0	0	0	0	
0	0	0	0	0	0	0	0	0	2	18	10	58	228	252	255	231	26	22	5	2	1	0	0	0	0	0	0	
0	0	0	0	0	0	0	0	8	0	3	0	52	255	255	151	75	0	0	1	0	6	0	0	0	0	0	0	
0	0	0	0	0	0	0	0	0	36	0	19	234	255	207	5	0	7	0	9	0	1	0	0	0	0	0	0	
0	0	0	0	0	0	0	0	11	0	0	92	241	246	121	0	0	13	0	4	0	0	6	0	0	0	0	0	
0	0	0	0	0	0	0	0	0	7	32	244	252	202	7	1	2	2	0	9	5	0	7	0	0	0	0	0	
0	0	0	0	0	0	0	0	11	0	47	255	222	60	0	1	0	0	0	0	0	0	0	0	0	0	0	0	
0	0	0	0	0	0	0	0	0	0	79	221	115	7	4	0	0	0	0	0	0	0	0	0	0	0	0	0	
0	0	0	0	0	0	0	0	1	1	0	21	0	0	0	0	0	0	0	0	0	0	0	0	0	0	0	0	
0	0	0	0	0	0	0	0	0	20	0	0	0	21	0	17	0	0	0	0	0	0	0	0	0	0	0	0	
