0	0	0	0	0	0	0	0	1	3	0	12	0	0	0	4	2	1	0	0	0	0	4	0	0	0	0	0	
0	0	0	0	0	0	0	0	0	8	0	1	0	7	15	5	0	0	3	4	0	0	2	3	0	0	0	0	
0	0	0	0	0	0	0	0	19	0	0	0	0	2	0	0	3	4	0	0	6	4	0	0	0	0	0	0	
0	0	0	0	0	0	0	0	0	4	21	0	0	6	11	9	0	0	0	0	2	4	0	6	0	0	0	0	
0	0	0	0	0	0	0	0	2	19	0	1	6	0	14	0	7	4	17	7	0	0	0	11	0	0	0	0	
0	0	0	0	0	0	0	0	0	0	2	4	0	10	0	9	11	0	0	0	0	8	0	0	0	0	0	0	
0	0	0	0	0	0	0	0	12	0	4	27	102	244	144	85	74	9	15	4	0	10	1	0	0	0	0	0	
0	0	0	0	0	0	0	0	0	14	7	191	246	255	255	255	253	180	172	102	6	0	0	8	0	0	0	0	
0	0	8	0	0	5	2	9	115	216	255	255	250	253	250	249	248	255	249	251	114	2	0	6	0	0	0	0	
2	13	0	0	0	1	97	215	255	255	242	238	255	255	255	255	255	255	246	255	242	91	11	0	0	0	0	0	
2	0	0	17	1	100	249	254	250	255	255	255	255	243	238	253	245	237	255	249	255	254	98	0	0	0	0	0	
0	16	0	1	78	229	255	236	251	255	251	245	255	255	237	201	207	230	255	255	239	255	254	88	0	0	0	0	
0	14	4	0	91	245	255	255	251	255	255	254	255	246	174	87	0	50	225	250	255	255	240	83	0	0	0	0	
6	0	0	10	82	255	255	249	252	250	254	251	247	255	255	249	91	5	55	254	255	255	255	87	0	0	0	0	
0	18	0	0	94	255	249	246	255	247	250	255	255	255	255	243	239	0	44	255	244	253	233	100	0	0	0	0	
1	0	0	1	6	173	255	252	255	249	255	255	247	251	251	228	43	13	198	236	255	247	255	82	0	0	0	0	
4	1	1	2	0	88	228	255	243	255	247	248	249	255	221	60	5	70	241	255	246	255	245	97	0	0	0	0	
0	0	1	4	0	0	17	0	88	140	176	105	0	0	6	0	7	176	252	253	255	255	252	85	0	0	0	0	
3	1	0	9	8	9	15	0	0	0	0	26	14	0	0	12	152	255	254	251	243	247	253	76	0	0	0	0	
0	1	0	0	1	0	0	0	0	13	16	0	0	5	0	176	252	255	255	253	255	255	169	14	0	0	0	0	
0	0	1	2	8	3	0	14	6	0	0	5	0	94	222	243	247	251	250	240	255	222	54	0	0	0	0	0	
18	8	1	0	0	0	0	0	3	0	14	32	148	255	252	255	255	247	253	255	240	105	7	3	0	0	0	0	
0	0	4	2	7	17	0	0	2	4	0	76	239	251	255	246	255	243	254	231	147	17	3	0	0	0	0	0	
5	0	15	0	0	0	0	4	0	0	0	72	252	255	255	255	239	255	225	52	6	0	4	0	0	0	0	0	
0	0	0	0	0	0	0	0	2	0	4	50	242	246	241	255	255	164	56	1	0	4	4	0	0	0	0	0	
0	0	0	0	0	0	0	0	8	0	12	0	42	159	255	194	68	28	0	0	2	6	1	0	0	0	0	0	
0	0	0	0	0	0	0	0	14	0	11	17	0	0	13	0	4	0	0	5	6	0	0	0	0	0	0	0	
0	0	0	0	0	0	0	0	0	9	0	0	16	0	0	15	3	2	2	2	0	0	0	10	0	0	0	0	
