0	0	0	0	0	0	0	0	8	0	0	0	3	0	0	0	1	0	0	2	8	0	0	6	0	0	0	0	
0	0	0	0	0	0	0	0	0	1	3	0	0	0	8	10	9	18	5	0	0	11	11	0	0	0	0	0	
0	0	0	0	0	0	0	0	9	0	0	6	12	3	0	0	0	0	6	6	2	0	0	0	0	0	0	0	
0	0	0	0	0	0	0	0	0	0	0	0	0	0	5	21	24	4	0	0	3	3	0	0	0	0	0	0	
0	0	0	0	0	0	0	0	0	2	4	0	0	4	0	0	0	0	9	0	0	2	14	1	0	0	0	0	
0	0	0	0	0	0	0	0	10	0	0	10	7	0	0	16	8	0	0	13	0	0	1	3	0	0	0	0	
0	0	0	0	0	0	0	0	0	0	0	2	0	28	118	210	208	61	0	0	13	1	0	0	0	0	0	0	
0	0	0	0	0	0	0	0	0	11	2	0	60	180	255	255	255	115	14	0	0	0	5	3	0	0	0	0	
0	0	0	0	0	0	0	0	0	8	0	35	243	213	140	255	255	201	1	17	0	6	0	4	0	0	0	0	
0	0	0	0	0	0	0	0	1	0	48	233	152	19	70	252	246	254	0	0	1	0	3	0	0	0	0	0	
0	0	0	0	0	0	0	0	0	50	229	146	11	3	56	255	240	245	0	0	7	0	5	0	0	0	0	0	
0	0	0	0	0	0	0	0	0	221	224	11	0	0	88	237	251	171	0	8	0	0	1	0	0	0	0	0	
0	0	0	0	0	0	0	0	87	253	0	16	0	0	125	246	255	140	1	7	0	1	2	0	0	0	0	0	
0	0	0	0	0	0	0	0	146	153	30	0	6	36	234	186	255	152	0	0	8	0	7	1	0	0	0	0	
0	0	0	0	0	0	0	0	232	242	83	33	31	206	252	110	249	101	0	0	4	0	2	0	0	0	0	0	
0	0	0	0	0	0	0	0	114	243	255	246	255	229	88	145	250	8	0	10	0	7	0	1	0	0	0	0	
0	0	0	0	0	0	0	0	1	114	208	209	139	17	25	200	200	0	0	4	0	0	0	4	0	0	0	0	
0	0	0	0	0	0	0	0	0	1	0	0	12	0	63	246	137	0	0	3	0	1	1	0	0	0	0	0	
0	0	0	0	0	0	0	0	0	9	3	1	0	0	102	254	57	0	5	2	0	0	6	0	0	0	0	0	
0	0	0	0	0	0	0	0	0	0	0	4	0	1	157	187	4	2	2	1	0	0	6	0	0	0	0	0	
0	0	0	0	0	0	0	0	6	0	0	0	0	49	249	143	0	7	0	2	1	0	2	2	0	0	0	0	
0	0	0	0	0	0	0	0	0	3	11	12	0	89	246	61	0	8	0	2	0	0	0	6	0	0	0	0	
0	0	0	0	0	0	0	0	4	4	0	0	3	182	216	8	0	4	0	2	0	7	0	4	0	0	0	0	
0	0	0	0	0	0	0	0	0	7	0	9	21	245	177	0	0	0	0	1	0	14	0	0	0	0	0	0	
0	0	0	0	0	0	0	0	9	0	8	0	88	249	90	5	0	0	0	0	0	0	0	0	0	0	0	0	
0	0	0	0	0	0	0	0	0	27	0	8	237	208	0	0	0	0	0	0	0	0	0	0	0	0	0	0	
0	0	0	0	0	0	0	0	0	0	10	0	14	0	12	2	0	0	0	0	0	0	0	0	0	0	0	0	
0	0	0	0	0	0	0	0	1	18	0	0	0	8	10	0	0	0	0	0	0	0	0	0	0	0	0	0	
