0	0	0	0	0	0	0	0	3	3	2	1	0	0	0	0	5	0	0	0	6	4	0	5	0	0	0	0	
0	0	0	0	0	0	0	0	0	0	0	0	0	0	3	4	0	2	9	13	8	0	0	0	0	0	0	0	
0	0	0	0	0	0	0	0	0	0	0	3	4	3	0	0	0	0	0	0	0	0	12	18	0	0	0	0	
0	0	0	0	0	0	0	0	8	8	7	5	3	0	0	0	14	1	2	5	0	1	2	0	0	0	0	0	
0	0	0	0	0	0	0	0	0	0	0	0	0	0	7	11	0	0	0	0	0	0	2	0	0	0	0	0	
0	0	0	0	0	0	0	0	4	6	9	11	8	2	0	0	0	11	12	5	7	2	0	5	0	0	0	0	
0	0	0	0	0	0	0	0	0	0	0	0	0	0	2	5	0	8	0	0	6	4	0	0	0	0	0	0	
0	0	0	0	0	0	0	0	6	0	0	17	62	126	190	230	255	216	90	1	6	4	0	9	0	0	0	0	
0	0	0	0	0	0	0	0	1	0	19	164	248	255	253	255	246	255	191	0	0	4	0	13	0	0	0	0	
0	0	0	0	0	0	0	0	0	26	220	244	255	158	115	35	51	206	218	0	14	8	0	0	0	0	0	0	
0	0	0	0	0	0	0	0	0	186	246	205	48	0	22	0	8	0	60	61	153	41	4	6	0	0	0	0	
0	0	0	0	0	0	0	0	0	222	232	49	0	9	0	0	0	14	68	252	255	129	5	0	0	0	0	0	
0	0	0	0	0	0	0	0	0	223	240	12	14	0	0	18	7	104	254	235	246	180	0	15	0	0	0	0	
0	0	0	0	0	0	0	0	14	222	249	225	192	148	139	125	214	255	255	254	230	37	10	0	0	0	0	0	
0	0	0	0	0	0	0	0	0	83	216	236	247	247	248	255	249	255	223	255	82	0	0	0	0	0	0	0	
0	0	0	0	0	0	0	0	0	2	17	87	186	208	213	141	255	248	255	158	5	0	0	2	0	0	0	0	
0	0	0	0	0	0	0	0	0	0	0	10	0	0	29	158	251	255	157	19	0	6	0	0	0	0	0	0	
0	0	0	0	0	0	0	0	4	0	12	0	0	37	221	244	255	143	27	0	1	0	0	6	0	0	0	0	
0	0	0	0	0	0	0	0	0	4	4	0	22	161	250	255	152	33	0	0	0	0	5	0	0	0	0	0	
0	0	0	0	0	0	0	0	0	0	4	2	176	255	237	176	21	0	3	16	0	0	9	0	0	0	0	0	
0	0	0	0	0	0	0	0	19	0	2	122	255	255	190	18	0	0	0	8	6	0	0	8	0	0	0	0	
0	0	0	0	0	0	0	0	0	17	72	236	248	135	0	0	3	8	0	0	5	2	0	5	0	0	0	0	
0	0	0	0	0	0	0	0	6	26	225	255	121	16	0	10	0	11	6	0	0	5	0	0	0	0	0	0	
0	0	0	0	0	0	0	0	0	225	252	158	5	0	0	1	5	0	0	3	1	0	2	2	0	0	0	0	
0	0	0	0	0	0	0	0	87	255	228	27	0	10	0	7	0	0	0	0	0	0	0	0	0	0	0	0	
0	0	0	0	0	0	0	0	209	199	72	4	4	0	7	0	0	0	0	0	0	0	0	0	0	0	0	0	
0	0	0	0	0	0	0	0	182	44	0	0	1	14	0	6	0	0	0	0	0	0	0	0	0	0	0	0	
0	0	0	0	0	0	0	0	22	0	0	15	0	0	18	0	0	0	0	0	0	0	0	0	0	0	0	0	
