0	0	0	0	0	0	0	0	0	0	0	0	0	0	0	0	1	5	0	0	0	0	1	5	0	0	0	0	
0	0	0	0	0	0	0	0	0	0	0	0	0	0	0	0	0	0	0	0	11	19	12	0	0	0	0	0	
0	0	0	0	0	0	0	0	0	0	0	0	0	0	0	0	0	0	0	4	0	0	0	2	0	0	0	0	
0	0	0	0	0	0	0	0	0	0	0	0	0	0	0	0	13	0	0	4	8	8	2	13	0	0	0	0	
0	0	0	0	0	0	0	0	0	0	0	0	0	0	0	0	0	0	12	0	0	7	0	0	0	0	0	0	
0	0	0	0	0	0	0	0	0	0	0	0	0	0	0	0	7	0	3	0	0	3	0	13	0	0	0	0	
0	0	0	0	0	0	0	0	0	0	0	0	0	0	0	0	5	0	16	3	0	7	0	2	0	0	0	0	
0	0	0	0	0	0	0	0	0	0	0	0	0	0	0	0	24	152	240	126	11	4	0	4	0	0	0	0	
0	0	0	0	3	4	3	2	0	1	7	0	5	2	113	206	234	253	244	254	87	0	7	0	0	0	0	0	
3	3	3	2	1	0	0	0	2	0	0	31	112	241	251	194	33	13	61	104	0	0	0	4	0	0	0	0	
0	2	2	0	0	0	0	0	2	19	113	251	255	200	82	12	12	69	40	0	0	4	5	0	0	0	0	0	
0	0	2	0	0	0	4	10	29	187	255	201	88	4	2	0	165	248	212	7	5	5	0	27	0	0	0	0	
0	3	6	4	2	4	11	18	164	255	133	9	18	63	114	97	250	255	107	1	2	0	11	0	0	0	0	0	
0	1	3	1	0	0	4	8	173	255	144	145	207	255	249	255	255	253	96	20	0	22	0	20	0	0	0	0	
0	0	0	0	0	0	0	0	51	244	255	255	253	252	135	113	245	218	25	0	2	17	0	0	0	0	0	0	
2	1	0	1	3	3	1	0	10	69	122	127	74	0	11	221	251	92	0	0	5	1	0	11	0	0	0	0	
0	0	0	0	0	0	0	0	3	0	9	3	0	4	50	249	209	21	0	0	0	12	0	7	0	0	0	0	
0	0	0	0	0	0	0	0	0	4	0	12	4	12	160	255	54	0	12	11	0	7	0	0	0	0	0	0	
0	0	0	0	0	0	0	0	3	12	0	0	0	82	245	175	0	0	8	2	0	8	1	0	0	0	0	0	
0	0	0	0	0	0	0	0	0	0	16	8	45	228	225	28	12	6	0	0	2	1	2	0	0	0	0	0	
0	0	0	0	0	0	0	0	1	0	5	0	152	255	123	0	0	7	0	4	7	0	0	7	0	0	0	0	
0	0	0	0	0	0	0	0	5	0	0	35	255	171	17	6	0	5	1	0	1	0	0	0	0	0	0	0	
0	0	0	0	0	0	0	0	0	13	10	163	255	77	0	4	8	2	0	0	0	7	1	0	0	0	0	0	
0	0	0	0	0	0	0	0	0	0	6	206	134	12	0	0	9	0	3	9	3	2	0	4	0	0	0	0	
0	0	0	0	0	0	0	0	0	6	33	249	105	0	5	5	0	0	0	0	0	0	0	0	0	0	0	0	
0	0	0	0	0	0	0	0	0	13	56	230	114	13	8	0	0	0	0	0	0	0	0	0	0	0	0	0	
0	0	0	0	0	0	0	0	11	0	41	233	166	13	0	5	0	0	0	0	0	0	0	0	0	0	0	0	
0	0	0	0	0	0	0	0	0	3	4	10	0	0	12	0	0	0	0	0	0	0	0	0	0	0	0	0	
