0	0	0	0	0	0	0	0	0	0	0	0	3	4	2	0	0	11	0	3	0	12	0	1	0	0	0	0	
0	0	0	0	0	0	0	0	4	2	0	0	0	0	1	3	9	3	0	9	1	0	0	8	0	0	0	0	
0	0	0	0	0	0	0	0	0	0	3	3	2	2	4	7	0	2	0	6	0	0	0	5	0	0	0	0	
0	0	0	0	0	0	0	0	0	1	1	0	0	0	0	0	5	0	0	0	4	11	4	0	0	0	0	0	
0	0	0	0	0	0	0	0	3	1	0	0	1	5	7	8	3	0	6	12	0	0	0	5	0	0	0	0	
0	0	0	0	0	0	0	0	0	0	3	4	1	0	0	0	0	0	8	0	0	11	20	0	0	0	0	0	
0	0	0	0	0	0	0	0	1	3	3	0	0	5	26	44	150	185	235	180	69	0	0	0	0	0	0	0	
0	0	0	0	0	0	0	0	1	0	0	0	28	100	193	255	254	189	228	255	191	36	0	7	0	0	0	0	
0	0	0	0	0	0	0	0	6	0	26	110	233	247	186	66	7	13	10	77	255	66	0	3	0	0	0	0	
0	0	0	0	0	0	0	0	0	8	123	255	213	74	15	0	11	0	0	7	239	46	2	4	0	0	0	0	
0	0	0	0	0	0	0	0	0	69	255	171	19	4	0	8	0	33	8	79	255	6	2	9	0	0	0	0	
0	0	0	0	0	0	0	0	0	236	225	16	0	5	1	1	7	10	140	255	196	23	0	0	0	0	0	0	
0	0	0	0	0	0	0	0	81	255	95	0	0	0	18	9	107	234	255	250	69	0	14	1	0	0	0	0	
0	0	0	0	0	0	0	0	146	227	1	17	15	0	59	245	247	248	241	145	9	1	0	12	0	0	0	0	
0	0	0	0	0	0	0	0	137	255	45	72	119	198	223	120	70	255	200	38	0	0	3	0	0	0	0	0	
0	0	0	0	0	0	0	0	65	245	253	255	251	135	20	6	177	237	90	3	0	13	0	0	0	0	0	0	
0	0	0	0	0	0	0	0	5	13	80	117	39	0	3	82	255	216	21	0	6	0	6	0	0	0	0	0	
0	0	0	0	0	0	0	0	0	14	14	0	24	2	19	219	244	65	0	0	3	2	0	2	0	0	0	0	
0	0	0	0	0	0	0	0	2	0	0	0	0	19	198	255	117	0	11	2	0	11	0	0	0	0	0	0	
0	0	0	0	0	0	0	0	0	13	5	1	27	138	255	146	0	1	21	0	0	3	0	0	0	0	0	0	
0	0	0	0	0	0	0	0	1	0	1	0	104	249	183	1	0	22	0	0	4	0	0	7	0	0	0	0	
0	0	0	0	0	0	0	0	0	6	0	84	255	190	1	0	7	0	0	6	0	11	0	0	0	0	0	0	
0	0	0	0	0	0	0	0	10	0	102	244	231	38	0	9	0	0	13	13	0	6	8	0	0	0	0	0	
0	0	0	0	0	0	0	0	0	13	232	242	106	0	12	0	8	0	0	0	10	0	13	0	0	0	0	0	
0	0	0	0	0	0	0	0	0	168	252	199	2	2	0	0	0	0	0	0	0	0	0	0	0	0	0	0	
0	0	0	0	0	0	0	0	0	224	243	14	14	0	0	2	0	0	0	0	0	0	0	0	0	0	0	0	
0	0	0	0	0	0	0	0	4	0	5	0	9	0	8	7	0	0	0	0	0	0	0	0	0	0	0	0	
0	0	0	0	0	0	0	0	0	1	0	18	0	19	6	0	0	0	0	0	0	0	0	0	0	0	0	0	
