0	0	0	0	0	0	0	0	2	0	5	7	1	3	5	0	0	0	0	0	0	0	0	0	0	0	0	0	
0	0	0	0	0	0	0	0	0	0	3	0	0	3	9	0	0	0	0	0	0	0	0	0	0	0	0	0	
0	0	0	0	0	0	0	0	5	0	4	15	8	0	0	0	0	0	0	0	0	0	0	0	0	0	0	0	
0	0	0	0	0	0	0	0	6	0	0	0	0	0	0	2	0	0	0	0	0	0	0	0	0	0	0	0	
0	0	0	0	0	0	0	0	0	0	6	0	0	10	14	0	0	0	0	0	0	0	0	0	0	0	0	0	
0	0	0	0	0	0	0	0	12	0	0	0	0	0	1	2	0	0	0	0	0	0	0	0	0	0	0	0	
0	0	0	0	0	0	0	0	0	0	6	11	6	5	4	0	0	0	0	0	0	0	0	0	0	0	0	0	
0	0	0	0	0	0	0	0	17	136	234	247	251	255	183	60	0	0	0	0	0	0	0	0	0	0	0	0	
0	0	12	0	0	8	0	30	246	246	199	170	95	163	255	220	52	0	3	0	11	1	0	7	0	0	0	0	
0	2	0	0	15	2	3	200	255	66	18	0	9	0	87	255	180	14	0	0	0	0	7	0	0	0	0	0	
6	0	0	0	0	0	103	254	161	13	3	0	0	14	30	219	200	53	34	7	8	5	7	0	0	0	0	0	
0	0	8	0	0	6	202	248	0	0	0	0	7	0	50	255	255	248	158	0	0	0	0	17	0	0	0	0	
1	9	0	0	23	0	110	255	40	0	19	0	0	10	133	160	103	248	179	5	7	13	0	0	0	0	0	0	
3	4	0	1	0	0	3	252	223	31	2	7	0	0	61	56	118	245	134	9	0	3	0	0	0	0	0	0	
0	0	11	13	0	18	22	160	251	248	126	4	9	24	36	109	206	249	51	0	0	0	6	5	0	0	0	0	
5	1	0	0	5	0	9	0	81	165	189	144	205	197	255	248	255	255	0	0	15	3	0	0	0	0	0	0	
0	0	0	0	0	0	0	0	11	0	0	37	127	176	133	89	236	197	0	4	6	0	0	4	0	0	0	0	
0	0	0	0	0	0	0	0	0	0	12	9	0	0	0	39	240	164	0	10	0	0	1	0	0	0	0	0	
0	0	0	0	0	0	0	0	10	0	0	0	0	0	4	42	255	165	0	0	8	0	1	7	0	0	0	0	
0	0	0	0	0	0	0	0	0	0	0	0	0	11	3	13	225	211	0	0	7	1	0	9	0	0	0	0	
0	0	0	0	0	0	0	0	3	9	17	3	0	2	0	7	201	235	11	0	2	8	0	0	0	0	0	0	
0	0	0	0	0	0	0	0	7	0	0	0	1	0	0	37	246	179	0	6	3	1	12	0	0	0	0	0	
0	0	0	0	0	0	0	0	7	0	8	7	0	0	8	65	255	168	23	1	0	0	0	1	0	0	0	0	
0	0	0	0	0	0	0	0	0	0	0	0	0	4	2	24	235	255	199	28	2	5	2	2	0	0	0	0	
0	0	0	0	0	0	0	0	0	0	0	0	0	0	0	0	160	250	248	64	0	6	6	0	0	0	0	0	
0	0	0	0	0	0	0	0	0	0	0	0	0	0	0	0	104	251	197	20	2	0	0	13	0	0	0	0	
0	0	0	0	0	0	0	0	0	0	0	0	0	0	0	0	68	234	154	0	4	7	0	0	0	0	0	0	
0	0	0	0	0	0	0	0	0	0	0	0	0	0	0	0	0	20	0	0	7	0	0	13	0	0	0	0	
