0	0	0	0	0	0	0	0	1	0	0	0	1	5	0	3	3	3	1	0	4	8	2	0	0	0	0	0	
0	0	0	0	0	0	0	0	0	11	9	0	0	2	1	1	0	0	0	0	0	0	0	7	0	0	0	0	
0	0	0	0	0	0	0	0	1	0	0	24	2	0	7	0	9	3	4	9	5	0	0	3	0	0	0	0	
0	0	0	0	0	0	0	0	0	8	0	0	0	0	10	0	0	0	0	0	2	2	2	3	0	0	0	0	
0	0	0	0	0	0	0	0	0	17	0	0	22	0	0	15	4	6	3	0	0	0	3	2	0	0	0	0	
0	0	0	0	0	0	0	0	5	0	11	0	0	11	11	0	0	4	8	7	2	0	0	0	0	0	0	0	
0	0	0	0	0	0	0	0	0	0	27	0	26	211	245	154	56	15	0	0	5	2	0	4	0	0	0	0	
0	0	0	0	0	0	0	0	16	0	0	0	141	254	180	158	239	119	12	0	5	0	0	4	0	0	0	0	
0	0	0	0	0	0	0	0	8	0	0	8	236	208	10	0	111	249	29	5	0	0	1	0	0	0	0	0	
0	0	0	0	0	0	0	0	0	7	11	88	246	68	0	34	206	255	109	0	2	2	0	1	0	0	0	0	
0	0	0	0	0	0	0	0	0	14	2	197	203	5	7	46	255	255	129	2	3	0	6	1	0	0	0	0	
0	0	0	0	0	0	0	0	1	0	40	252	67	2	0	12	254	254	66	14	0	0	12	0	0	0	0	0	
0	0	0	0	0	0	0	0	18	0	168	233	0	12	0	118	250	227	17	7	3	0	1	0	0	0	0	0	
0	0	0	0	0	0	0	0	0	0	224	100	0	0	33	232	252	141	10	0	5	4	0	7	0	0	0	0	
0	0	0	0	0	0	0	0	10	92	246	31	13	15	134	255	237	47	4	0	0	8	0	11	0	0	0	0	
0	0	0	0	0	0	0	0	0	194	234	33	0	81	251	249	222	5	0	15	0	4	0	0	0	0	0	0	
0	0	0	0	0	0	0	0	0	202	171	4	95	249	248	255	134	6	0	8	0	2	0	3	0	0	0	0	
0	0	0	0	0	0	0	0	3	149	249	159	255	150	209	255	83	0	0	4	0	6	0	4	0	0	0	0	
0	0	0	0	0	0	0	0	13	0	61	68	75	38	246	219	25	0	7	0	0	7	0	3	0	0	0	0	
0	0	0	0	0	0	0	0	0	14	0	18	0	55	255	189	0	0	8	0	0	2	0	3	0	0	0	0	
0	0	0	0	0	0	0	0	0	10	0	3	13	111	252	80	0	0	2	0	3	0	0	7	0	0	0	0	
0	0	0	0	0	0	0	0	1	0	2	3	0	147	252	61	5	0	0	0	5	0	0	10	0	0	0	0	
0	0	0	0	0	0	0	0	0	19	0	0	33	255	190	0	2	0	0	1	3	0	4	3	0	0	0	0	
0	0	0	0	0	0	0	0	6	0	21	2	9	250	192	0	0	2	1	3	0	2	8	0	0	0	0	0	
0	0	0	0	0	0	0	0	4	0	0	1	19	242	183	89	0	0	0	0	0	0	0	0	0	0	0	0	
0	0	0	0	0	0	0	0	0	0	6	4	24	171	145	87	0	0	0	0	0	0	0	0	0	0	0	0	
0	0	0	0	0	0	0	0	7	2	10	0	0	14	8	0	0	0	0	0	0	0	0	0	0	0	0	0	
0	0	0	0	0	0	0	0	0	0	5	0	7	0	8	11	0	0	0	0	0	0	0	0	0	0	0	0	
