0	0	0	0	0	0	0	0	0	1	0	0	0	5	3	0	5	3	3	0	9	0	0	0	0	0	0	0	
0	0	0	0	0	0	0	0	7	1	0	0	0	0	0	4	0	3	9	0	0	0	9	6	0	0	0	0	
0	0	0	0	0	0	0	0	0	0	2	5	3	0	1	6	8	1	0	2	2	10	1	0	0	0	0	0	
0	0	0	0	0	0	0	0	0	4	5	0	0	0	0	0	4	0	0	8	0	0	3	17	0	0	0	0	
0	0	0	0	0	0	0	0	4	0	0	1	3	4	6	10	1	0	0	8	5	0	0	0	0	0	0	0	
0	0	0	0	0	0	0	0	7	0	0	13	11	0	0	1	0	7	13	0	2	0	9	16	0	0	0	0	
0	0	0	0	0	0	0	0	7	1	0	0	0	2	25	52	112	175	238	201	168	34	0	0	0	0	0	0	
0	0	0	0	0	0	0	0	0	11	3	0	14	112	208	255	255	248	255	250	255	85	2	1	0	0	0	0	
0	0	0	0	0	0	0	0	0	0	7	42	100	249	255	253	253	252	255	252	244	100	0	7	0	0	0	0	
0	0	0	0	0	0	0	0	12	0	42	219	255	253	255	246	172	122	85	57	255	64	12	0	0	0	0	0	
0	0	0	0	0	0	0	0	0	41	251	255	244	240	71	10	0	0	26	193	240	77	0	10	0	0	0	0	
0	0	0	0	0	0	0	0	0	162	242	215	95	0	3	0	10	0	177	255	192	18	8	0	0	0	0	0	
0	0	0	0	0	0	0	0	13	209	199	41	0	1	6	0	0	78	244	255	94	0	0	3	0	0	0	0	
0	0	0	0	0	0	0	0	85	255	158	18	0	2	76	148	223	255	248	242	86	8	9	0	0	0	0	0	
0	0	0	0	0	0	0	0	49	255	253	255	255	240	235	252	254	255	252	255	60	0	0	0	0	0	0	0	
0	0	0	0	0	0	0	0	7	237	255	247	245	255	244	255	255	250	253	165	10	0	7	0	0	0	0	0	
0	0	0	0	0	0	0	0	0	86	249	255	246	255	239	240	254	249	253	68	0	0	2	0	0	0	0	0	
0	0	0	0	0	0	0	0	16	9	4	78	84	57	14	159	244	255	105	1	0	10	0	7	0	0	0	0	
0	0	0	0	0	0	0	0	0	0	0	7	11	0	180	255	255	178	0	1	0	0	0	4	0	0	0	0	
0	0	0	0	0	0	0	0	17	15	0	1	0	183	255	252	188	27	0	16	0	0	7	0	0	0	0	0	
0	0	0	0	0	0	0	0	0	1	5	8	182	245	251	255	44	0	18	0	4	7	0	0	0	0	0	0	
0	0	0	0	0	0	0	0	11	0	3	184	238	255	225	53	0	2	2	0	4	1	0	3	0	0	0	0	
0	0	0	0	0	0	0	0	0	20	139	244	255	255	67	0	9	2	0	20	0	0	3	1	0	0	0	0	
0	0	0	0	0	0	0	0	12	9	255	255	248	82	2	2	0	0	2	0	0	3	6	0	0	0	0	0	
0	0	0	0	0	0	0	0	0	89	253	254	64	0	1	1	0	0	0	0	0	0	0	0	0	0	0	0	
0	0	0	0	0	0	0	0	6	47	255	49	5	0	8	0	0	0	0	0	0	0	0	0	0	0	0	0	
0	0	0	0	0	0	0	0	0	13	0	0	8	0	12	0	0	0	0	0	0	0	0	0	0	0	0	0	
0	0	0	0	0	0	0	0	0	3	0	4	9	0	0	1	0	0	0	0	0	0	0	0	0	0	0	0	
