0	0	0	0	0	0	0	0	0	0	1	1	0	0	3	7	6	0	0	2	0	0	6	0	0	0	0	0	
0	0	0	0	0	0	0	0	6	3	0	0	0	0	0	0	0	17	9	2	1	6	0	0	0	0	0	0	
0	0	0	0	0	0	0	0	0	3	6	5	7	10	7	0	6	0	0	0	5	5	0	10	0	0	0	0	
0	0	0	0	0	0	0	0	0	5	9	2	0	0	0	0	0	7	16	9	0	0	7	1	0	0	0	0	
0	0	0	0	0	0	0	0	1	1	0	0	0	0	4	5	0	0	0	0	10	0	0	0	0	0	0	0	
0	0	0	0	0	0	0	0	3	0	0	4	9	4	0	0	0	14	0	0	6	5	0	15	0	0	0	0	
0	0	0	0	0	0	0	0	8	0	1	5	0	0	11	45	189	255	247	149	0	0	5	0	0	0	0	0	
0	0	0	0	0	0	0	0	0	0	2	3	0	27	123	223	219	167	205	249	10	0	15	0	0	0	0	0	
1	3	4	2	0	0	3	8	0	0	3	0	85	229	234	78	20	0	38	251	56	0	0	0	0	0	0	0	
0	0	2	1	0	0	6	11	0	23	1	133	248	236	61	0	0	31	88	193	0	0	8	0	0	0	0	0	
0	0	1	1	0	0	5	9	14	0	110	255	186	14	0	14	3	0	46	114	5	0	0	7	0	0	0	0	
1	3	3	1	0	0	1	3	0	40	236	253	8	0	20	0	36	179	139	0	11	9	0	0	0	0	0	0	
2	2	2	1	0	0	0	1	0	94	240	160	0	0	0	105	229	252	125	8	8	0	7	2	0	0	0	0	
0	0	0	0	1	2	2	2	9	146	251	22	0	99	159	255	255	224	26	0	0	4	1	0	0	0	0	0	
0	0	0	0	1	2	2	1	0	114	254	193	173	255	200	105	255	142	14	29	0	0	12	0	0	0	0	0	
2	1	1	1	1	0	0	0	9	82	248	255	245	93	8	15	255	115	0	0	13	6	3	2	0	0	0	0	
0	0	0	0	0	0	0	0	7	0	68	68	24	3	0	174	255	87	9	0	0	11	0	1	0	0	0	0	
0	0	0	0	0	0	0	0	0	5	0	0	6	0	24	235	211	48	0	3	3	2	0	9	0	0	0	0	
0	0	0	0	0	0	0	0	0	4	2	0	11	7	150	255	121	10	0	4	1	0	0	8	0	0	0	0	
0	0	0	0	0	0	0	0	2	0	10	0	0	1	246	250	41	0	0	0	0	4	1	0	0	0	0	0	
0	0	0	0	0	0	0	0	0	0	0	0	5	47	245	194	6	0	6	3	0	1	2	0	0	0	0	0	
0	0	0	0	0	0	0	0	0	9	0	23	0	167	254	82	5	0	0	11	2	0	0	3	0	0	0	0	
0	0	0	0	0	0	0	0	8	3	0	0	0	234	240	13	5	0	0	8	5	0	0	3	0	0	0	0	
0	0	0	0	0	0	0	0	2	0	1	3	87	246	165	2	0	4	0	0	0	3	7	0	0	0	0	0	
0	0	0	0	0	0	0	0	0	2	0	0	255	240	46	13	0	0	0	0	0	0	0	0	0	0	0	0	
0	0	0	0	0	0	0	0	9	1	5	16	200	182	32	0	0	0	0	0	0	0	0	0	0	0	0	0	
0	0	0	0	0	0	0	0	0	0	6	0	16	8	0	6	0	0	0	0	0	0	0	0	0	0	0	0	
0	0	0	0	0	0	0	0	6	8	4	0	0	0	4	6	0	0	0	0	0	0	0	0	0	0	0	0	
