0	0	0	0	0	0	0	0	1	0	0	0	0	2	4	4	9	0	0	0	0	13	4	0	0	0	0	0	
0	0	0	0	0	0	0	0	0	0	2	1	0	0	0	0	0	13	12	0	0	0	1	0	0	0	0	0	
0	0	0	0	0	0	0	0	0	0	3	3	0	0	0	0	0	0	0	7	14	0	9	2	0	0	0	0	
0	0	0	0	0	0	0	0	3	0	0	0	0	0	2	6	4	0	0	3	1	0	0	3	0	0	0	0	
0	0	0	0	0	0	0	0	5	0	0	0	4	2	0	1	3	0	5	0	0	18	4	2	0	0	0	0	
0	0	0	0	0	0	0	0	2	0	0	5	7	0	0	0	0	0	6	9	3	0	0	4	0	0	0	0	
0	0	0	0	0	0	0	0	1	0	0	5	2	0	2	14	18	109	183	244	205	100	45	0	0	0	0	0	
0	0	0	0	0	0	0	0	4	0	0	0	0	0	16	44	182	255	213	232	255	255	239	85	0	0	0	0	
0	0	0	0	0	0	0	0	0	0	11	8	0	49	159	246	207	112	1	30	44	9	23	0	0	0	0	0	
0	0	0	0	0	0	0	0	3	3	0	0	63	193	237	129	8	3	0	0	0	11	0	17	0	0	0	0	
0	0	0	0	0	0	0	0	0	5	7	105	255	255	146	0	9	63	115	19	0	0	0	0	0	0	0	0	
0	0	0	0	0	0	0	0	0	0	132	255	197	31	0	18	56	251	185	0	5	0	9	2	0	0	0	0	
0	0	0	0	0	0	0	0	3	161	255	205	35	5	21	94	239	179	2	12	6	3	4	0	0	0	0	0	
0	0	0	0	0	0	0	0	0	251	239	66	42	160	194	255	247	119	0	0	0	8	0	0	0	0	0	0	
0	0	0	0	0	0	0	0	180	241	251	255	254	239	255	246	179	0	3	0	0	4	8	0	0	0	0	0	
0	0	0	0	0	0	0	0	53	149	192	175	98	38	218	252	48	3	5	0	4	8	0	9	0	0	0	0	
0	0	0	0	0	0	0	0	2	0	0	23	0	22	234	233	12	9	4	0	0	0	0	0	0	0	0	0	
0	0	0	0	0	0	0	0	0	15	0	0	0	65	255	148	7	5	2	0	0	0	0	2	0	0	0	0	
0	0	0	0	0	0	0	0	0	15	0	0	28	190	232	51	0	0	0	0	0	0	1	2	0	0	0	0	
0	0	0	0	0	0	0	0	28	0	2	10	53	253	183	13	0	0	0	0	0	0	0	0	0	0	0	0	
0	0	0	0	0	0	0	0	0	5	9	19	240	225	29	0	0	0	0	0	0	0	0	0	0	0	0	0	
0	0	0	0	0	0	0	0	9	4	0	120	255	129	13	0	0	0	0	0	0	0	0	0	0	0	0	0	
0	0	0	0	0	0	0	0	0	13	0	224	238	69	0	0	1	0	0	0	0	0	0	0	0	0	0	0	
0	0	0	0	0	0	0	0	3	12	32	222	188	9	0	11	0	0	0	0	0	0	1	2	0	0	0	0	
0	0	0	0	0	0	0	0	0	0	215	255	71	0	0	4	0	0	0	0	0	0	0	0	0	0	0	0	
0	0	0	0	0	0	0	0	5	95	242	168	6	0	9	0	0	0	0	0	0	0	0	0	0	0	0	0	
0	0	0	0	0	0	0	0	0	0	6	7	5	6	0	0	0	0	0	0	0	0	0	0	0	0	0	0	
0	0	0	0	0	0	0	0	4	11	0	0	1	0	0	13	0	0	0	0	0	0	0	0	0	0	0	0	
