0	0	0	0	0	0	0	0	2	0	0	3	0	1	3	0	0	0	2	9	1	0	0	6	0	0	0	0	
0	0	0	0	0	0	0	0	1	0	0	0	0	0	3	1	8	0	0	0	2	7	4	0	0	0	0	0	
0	0	0	0	0	0	0	0	7	3	7	7	0	0	2	0	0	4	9	3	0	0	0	0	0	0	0	0	
0	0	0	0	0	0	0	0	0	0	0	2	0	0	3	0	0	1	0	0	1	2	0	0	0	0	0	0	
0	0	0	0	0	0	0	0	9	0	0	0	0	0	3	0	4	1	0	0	0	0	1	9	0	0	0	0	
0	0	0	0	0	0	0	0	0	0	0	3	1	4	7	0	0	0	0	4	7	6	0	0	0	0	0	0	
0	0	0	0	0	0	0	0	0	0	1	26	69	145	227	255	255	225	124	23	0	0	10	0	0	0	0	0	
0	0	0	0	0	0	0	0	0	52	151	226	244	230	203	177	199	255	254	138	21	0	0	4	0	0	0	0	
0	1	0	0	8	2	0	7	49	218	250	201	115	27	1	0	15	68	254	255	157	41	0	0	0	0	0	0	
7	0	11	5	0	14	0	16	198	255	163	7	1	3	0	10	6	0	97	255	233	192	19	2	0	0	0	0	
2	2	2	0	0	0	12	149	255	162	7	10	0	18	0	0	0	13	155	255	244	47	0	0	0	0	0	0	
0	1	0	0	8	0	76	255	234	33	15	0	0	0	15	0	28	158	239	255	147	0	18	8	0	0	0	0	
6	0	6	7	0	6	163	243	209	0	13	5	0	23	0	86	230	255	239	246	85	0	0	5	0	0	0	0	
4	0	0	0	3	0	141	248	192	0	0	0	26	34	162	255	241	255	255	88	0	3	14	0	0	0	0	0	
0	8	0	0	10	0	45	252	234	130	66	152	206	252	255	248	252	241	154	15	0	11	0	1	0	0	0	0	
0	4	3	1	0	12	0	182	255	234	254	254	244	168	24	189	255	243	57	0	14	0	0	0	0	0	0	0	
0	0	0	0	0	0	0	0	116	132	130	100	80	0	0	201	245	177	0	2	6	0	17	0	0	0	0	0	
0	0	0	0	0	0	0	0	0	16	0	20	0	4	87	225	232	52	0	6	0	0	5	0	0	0	0	0	
0	0	0	0	0	0	0	0	0	0	0	0	0	6	222	255	162	0	1	6	0	8	1	0	0	0	0	0	
0	0	0	0	0	0	0	0	6	0	17	0	1	56	255	239	51	0	0	0	6	0	2	6	0	0	0	0	
0	0	0	0	0	0	0	0	0	0	0	0	26	188	229	130	0	21	0	0	1	0	0	6	0	0	0	0	
0	0	0	0	0	0	0	0	12	9	3	0	91	255	240	77	1	0	0	9	0	6	0	0	0	0	0	0	
0	0	0	0	0	0	0	0	0	0	0	9	173	251	255	77	13	0	0	10	0	5	2	0	0	0	0	0	
0	0	0	0	0	0	0	0	3	7	0	116	255	247	252	63	0	6	0	0	7	0	13	0	0	0	0	0	
0	0	0	0	0	0	0	0	0	5	0	181	255	242	105	0	0	0	0	0	0	0	0	0	0	0	0	0	
0	0	0	0	0	0	0	0	6	0	12	223	246	123	4	0	0	0	0	0	0	0	0	0	0	0	0	0	
0	0	0	0	0	0	0	0	0	21	0	0	0	0	2	0	0	0	0	0	0	0	0	0	0	0	0	0	
0	0	0	0	0	0	0	0	0	5	0	9	9	0	0	10	0	0	0	0	0	0	0	0	0	0	0	0	
