0	0	0	0	0	0	0	0	3	0	0	0	4	8	1	0	0	0	0	1	1	0	0	2	0	0	0	0	
0	0	0	0	0	0	0	0	1	8	13	6	0	0	0	9	0	0	17	5	6	0	0	2	0	0	0	0	
0	0	0	0	0	0	0	0	0	0	0	0	2	4	0	0	5	0	1	0	0	2	5	9	0	0	0	0	
0	0	0	0	0	0	0	0	4	6	8	7	3	0	0	0	4	1	6	4	9	2	0	0	0	0	0	0	
0	0	0	0	0	0	0	0	5	0	0	0	0	2	5	5	0	9	0	11	0	0	3	4	0	0	0	0	
0	0	0	0	0	0	0	0	0	0	9	10	4	0	0	0	0	7	0	0	0	5	10	0	0	0	0	0	
0	0	0	0	0	0	0	0	3	5	0	0	5	72	174	252	255	227	179	17	0	0	6	0	0	0	0	0	
0	0	0	0	0	0	0	0	5	0	2	70	168	241	255	251	176	186	254	44	4	4	2	1	0	0	0	0	
0	3	0	1	11	3	0	5	0	59	177	234	255	253	183	155	5	25	229	161	8	0	0	10	0	0	0	0	
0	9	0	8	0	0	7	15	119	243	255	242	246	137	0	0	4	10	143	255	118	5	1	0	0	0	0	0	
0	0	11	0	0	18	0	170	238	255	231	127	32	5	14	0	0	0	51	255	216	35	7	0	0	0	0	0	
12	0	7	0	0	0	11	219	255	255	108	8	23	0	0	0	2	37	122	238	249	49	0	8	0	0	0	0	
0	5	0	15	10	15	187	242	251	141	14	0	0	0	81	92	198	203	254	255	222	50	0	0	0	0	0	0	
2	18	0	0	0	0	184	254	255	221	193	211	189	205	255	238	255	251	255	248	131	15	3	0	0	0	0	0	
0	5	9	0	13	7	96	247	243	255	251	251	240	213	167	81	94	191	246	151	31	0	1	6	0	0	0	0	
0	5	1	0	3	0	12	66	116	113	111	101	45	0	1	6	139	254	255	4	0	10	1	0	0	0	0	0	
0	0	0	0	0	0	0	0	0	2	0	16	1	0	0	41	219	248	255	0	12	9	0	2	0	0	0	0	
0	0	0	0	0	0	0	0	8	0	0	8	0	0	15	121	242	255	236	14	0	0	0	6	0	0	0	0	
0	0	0	0	0	0	0	0	0	5	3	0	12	7	29	232	255	230	117	8	0	0	8	0	0	0	0	0	
0	0	0	0	0	0	0	0	7	0	11	9	0	1	100	253	255	132	0	0	5	0	4	0	0	0	0	0	
0	0	0	0	0	0	0	0	0	9	0	0	3	0	140	252	255	86	0	3	9	0	0	9	0	0	0	0	
0	0	0	0	0	0	0	0	10	0	0	15	0	3	237	247	250	83	11	4	3	0	1	4	0	0	0	0	
0	0	0	0	0	0	0	0	0	9	0	0	3	15	252	255	248	86	0	0	0	7	4	0	0	0	0	0	
0	0	0	0	0	0	0	0	0	4	4	1	0	3	241	249	251	95	0	13	0	0	0	5	0	0	0	0	
0	0	0	0	0	0	0	0	0	7	1	0	1	0	255	244	189	45	0	6	0	0	7	1	0	0	0	0	
0	0	0	0	0	0	0	0	3	0	0	0	6	28	228	222	39	2	6	17	0	0	6	0	0	0	0	0	
0	0	0	0	0	0	0	0	7	0	13	0	0	0	20	0	0	0	3	4	0	1	6	0	0	0	0	0	
0	0	0	0	0	0	0	0	0	0	5	6	10	15	11	0	13	0	0	0	4	2	0	2	0	0	0	0	
