0	0	1	1	0	0	0	1	0	7	0	8	0	2	1	7	0	0	1	7	3	0	0	8	0	0	0	0	
1	1	1	0	0	0	0	0	2	1	0	7	2	8	0	0	5	3	0	0	0	4	1	0	0	0	0	0	
3	1	0	0	0	0	1	1	9	8	1	6	0	0	0	13	0	0	3	7	2	0	1	16	0	0	0	0	
0	0	0	0	1	2	2	0	0	0	0	3	11	14	0	0	1	0	0	0	6	4	0	0	0	0	0	0	
0	0	0	0	1	0	0	0	16	2	10	0	0	0	0	3	0	6	11	0	0	4	2	0	0	0	0	0	
0	1	3	2	0	0	0	0	0	0	9	0	0	8	0	5	11	0	0	0	0	0	0	16	0	0	0	0	
0	3	4	1	0	0	2	8	15	0	7	10	105	205	243	255	133	73	15	0	4	1	0	0	0	0	0	0	
0	0	3	0	0	0	11	23	63	113	213	210	236	255	251	252	248	255	195	63	0	0	12	0	0	0	0	0	
1	0	8	6	0	1	29	129	252	250	247	255	243	255	201	240	255	238	255	155	1	0	16	4	0	0	0	0	
0	5	1	0	20	24	190	247	255	247	255	245	254	120	5	43	230	240	255	255	127	6	0	0	0	0	0	0	
4	2	3	0	7	105	240	255	230	192	142	1	1	5	11	0	5	55	241	248	210	30	0	9	0	0	0	0	
4	0	6	5	16	197	246	214	71	3	0	6	0	0	0	4	0	6	239	240	254	66	7	0	0	0	0	0	
0	0	2	0	35	194	255	150	0	13	0	0	0	29	0	2	1	11	171	251	199	19	1	4	0	0	0	0	
3	0	4	0	0	173	254	187	20	0	0	6	0	0	3	8	2	32	241	255	182	7	0	1	0	0	0	0	
0	0	4	8	0	139	255	255	96	0	0	21	2	0	15	0	0	17	255	238	244	80	7	0	0	0	0	0	
0	9	0	1	9	21	255	236	241	109	0	0	0	1	6	0	4	50	234	255	255	59	0	4	0	0	0	0	
0	8	1	0	0	24	129	255	255	238	187	22	0	0	5	0	35	146	255	248	255	64	1	0	0	0	0	0	
7	0	0	5	5	0	35	141	244	246	243	211	153	74	125	153	238	235	255	250	252	58	18	1	0	0	0	0	
0	4	0	0	5	0	0	22	166	255	255	248	255	239	253	255	255	255	252	255	168	7	0	0	0	0	0	0	
0	7	2	0	4	6	0	0	0	54	185	255	242	235	199	200	239	255	241	255	173	9	1	0	0	0	0	0	
8	0	0	3	6	0	0	7	12	0	0	52	86	65	0	33	85	188	255	255	196	0	0	10	0	0	0	0	
0	0	2	1	0	0	1	5	0	9	0	18	0	0	17	3	4	181	251	255	167	31	2	0	0	0	0	0	
0	3	8	0	0	8	12	0	1	18	0	0	11	0	0	0	0	181	255	247	90	0	0	8	0	0	0	0	
8	0	0	7	3	0	0	0	0	0	11	0	0	10	0	6	0	71	238	254	189	3	5	0	0	0	0	0	
0	0	0	0	0	0	0	0	0	0	0	0	0	0	0	0	0	48	223	243	241	43	15	0	0	0	0	0	
0	0	0	0	0	0	0	0	0	0	0	0	0	0	0	0	7	0	95	254	255	71	0	8	0	0	0	0	
0	0	0	0	0	0	0	0	0	0	0	0	0	0	0	0	1	2	0	0	0	16	3	1	0	0	0	0	
0	0	0	0	0	0	0	0	0	0	0	0	0	0	0	0	6	0	1	3	5	0	0	3	0	0	0	0	
