0	0	0	0	0	0	0	0	7	0	0	0	0	0	0	3	0	11	4	0	0	8	0	0	0	0	0	0	
0	0	0	0	0	0	0	0	0	0	3	6	5	1	1	5	25	0	0	9	0	0	8	2	0	0	0	0	
0	0	0	0	0	0	0	0	0	3	5	1	0	0	0	0	0	0	0	2	9	2	0	0	0	0	0	0	
0	0	0	0	0	0	0	0	7	6	0	0	0	3	4	0	0	15	2	0	1	0	0	11	0	0	0	0	
0	0	0	0	0	0	0	0	2	0	0	0	7	12	8	0	11	0	0	20	0	0	1	0	0	0	0	0	
0	0	0	0	0	0	0	0	1	0	1	3	0	0	0	0	0	0	0	0	0	4	10	0	0	0	0	0	
0	0	0	0	0	0	0	0	4	3	4	0	0	0	49	102	209	241	164	34	0	2	0	0	0	0	0	0	
0	0	0	0	0	0	0	0	0	0	0	0	0	47	162	255	247	255	239	124	10	0	9	0	0	0	0	0	
0	0	0	0	0	0	0	0	0	0	0	0	23	215	247	254	255	249	250	184	0	6	3	0	0	0	0	0	
0	0	0	0	0	0	0	0	0	0	0	52	221	242	255	203	130	250	255	219	11	0	3	1	0	0	0	0	
0	0	0	0	0	0	0	0	17	0	18	239	255	241	149	20	109	255	255	236	0	3	0	3	0	0	0	0	
0	0	0	0	0	0	0	0	0	4	119	255	219	98	0	25	203	246	255	179	0	13	0	2	0	0	0	0	
0	0	0	0	0	0	0	0	0	36	245	255	133	0	4	169	252	248	233	75	7	0	5	1	0	0	0	0	
0	0	0	0	0	0	0	0	14	108	247	237	33	50	144	245	253	255	123	5	2	0	0	1	0	0	0	0	
0	0	0	0	0	0	0	0	0	117	243	255	232	249	250	253	241	184	12	0	0	17	0	2	0	0	0	0	
0	0	0	0	0	0	0	0	10	0	135	252	242	254	246	255	212	30	0	0	14	0	2	2	0	0	0	0	
0	0	0	0	0	0	0	0	2	0	0	0	10	205	255	255	117	16	0	10	0	0	7	0	0	0	0	0	
0	0	0	0	0	0	0	0	3	6	0	0	84	255	250	206	37	0	0	8	0	0	9	2	0	0	0	0	
0	0	0	0	0	0	0	0	0	10	0	16	231	236	218	60	0	0	2	5	0	0	5	0	0	0	0	0	
0	0	0	0	0	0	0	0	8	0	0	141	243	255	68	0	2	6	1	0	2	4	0	0	0	0	0	0	
0	0	0	0	0	0	0	0	0	11	19	255	239	185	15	0	3	2	0	0	5	2	0	1	0	0	0	0	
0	0	0	0	0	0	0	0	2	0	202	255	242	62	0	11	0	0	0	4	6	0	0	9	0	0	0	0	
0	0	0	0	0	0	0	0	0	123	253	245	145	0	3	0	0	1	6	8	2	0	0	3	0	0	0	0	
0	0	0	0	0	0	0	0	29	231	245	205	13	1	0	6	1	0	0	0	0	4	7	0	0	0	0	0	
0	0	1	0	0	0	5	11	165	255	236	16	0	11	1	0	0	0	0	0	0	0	0	0	0	0	0	0	
0	0	2	0	0	0	4	9	178	223	86	3	0	0	1	5	0	0	0	0	0	0	0	0	0	0	0	0	
0	1	2	0	0	0	2	6	0	10	0	5	4	23	0	5	0	0	0	0	0	0	0	0	0	0	0	0	
0	1	2	0	0	0	0	3	7	0	16	0	0	4	0	18	0	0	0	0	0	0	0	0	0	0	0	0	
