0	0	0	0	0	0	0	0	4	0	0	0	1	3	0	0	7	0	7	0	2	6	7	1	0	0	0	0	
0	0	0	0	0	0	0	0	0	6	12	0	0	0	4	0	0	0	17	9	0	0	0	0	0	0	0	0	
0	0	0	0	0	0	0	0	6	0	0	0	4	1	0	0	0	0	0	0	0	0	6	6	0	0	0	0	
0	0	0	0	0	0	0	0	0	0	3	6	0	0	0	10	2	7	0	14	14	0	0	0	0	0	0	0	
0	0	0	0	0	0	0	0	0	4	2	0	0	8	2	0	0	2	0	0	5	0	0	9	0	0	0	0	
0	0	0	0	0	0	0	0	10	0	0	3	2	0	0	9	1	3	8	0	8	8	0	0	0	0	0	0	
0	0	0	0	0	0	0	0	0	0	10	18	0	0	66	149	255	236	188	12	0	0	0	2	0	0	0	0	
0	0	0	0	0	0	0	0	0	13	0	0	30	142	226	250	138	201	248	49	6	1	0	6	0	0	0	0	
0	0	0	0	0	0	0	0	0	5	0	52	206	252	138	20	0	119	255	67	1	4	0	1	0	0	0	0	
0	0	0	0	0	0	0	0	0	14	14	189	255	86	0	5	56	217	193	6	0	17	0	3	0	0	0	0	
0	0	0	0	0	0	0	0	0	13	219	247	68	0	0	7	125	246	73	255	108	0	10	0	0	0	0	0	
0	0	0	0	0	0	0	0	0	227	253	75	9	9	0	48	228	131	181	241	113	4	9	0	0	0	0	0	
0	0	0	0	0	0	0	0	0	255	165	0	8	0	14	134	135	227	255	215	0	4	0	2	0	0	0	0	
0	0	0	0	0	0	0	0	0	254	194	13	0	0	73	190	235	255	232	78	0	2	0	12	0	0	0	0	
0	0	0	0	0	0	0	0	4	212	243	169	138	190	255	242	255	245	173	2	0	0	15	0	0	0	0	0	
0	0	0	0	0	0	0	0	4	36	251	255	244	255	119	128	247	242	58	4	0	12	0	0	0	0	0	0	
0	0	0	0	0	0	0	0	9	11	109	142	141	73	85	252	253	112	13	0	0	0	4	0	0	0	0	0	
0	0	0	0	0	0	0	0	0	0	22	1	0	16	128	255	127	36	0	0	0	0	6	0	0	0	0	0	
0	0	0	0	0	0	0	0	8	6	0	1	0	65	255	206	26	0	0	6	0	0	2	0	0	0	0	0	
0	0	0	0	0	0	0	0	0	2	0	0	56	180	239	55	2	0	2	11	0	0	0	0	0	0	0	0	
0	0	0	0	0	0	0	0	0	7	5	0	181	255	99	0	0	0	1	2	0	0	2	0	0	0	0	0	
0	0	0	0	0	0	0	0	1	0	3	131	255	146	4	0	0	0	0	0	1	3	0	0	0	0	0	0	
0	0	0	0	0	0	0	0	9	0	100	255	200	19	14	0	1	3	0	0	3	1	0	0	0	0	0	0	
0	0	0	0	0	0	0	0	0	39	236	207	34	0	9	0	0	1	0	0	0	0	0	8	0	0	0	0	
0	0	0	0	0	0	0	0	0	242	249	89	1	0	11	0	0	0	0	0	0	0	0	0	0	0	0	0	
0	0	0	0	0	0	0	0	0	228	155	0	3	17	0	0	0	0	0	0	0	0	0	0	0	0	0	0	
0	0	0	0	0	0	0	0	7	13	0	8	0	0	10	2	0	0	0	0	0	0	0	0	0	0	0	0	
0	0	0	0	0	0	0	0	0	0	0	13	10	0	3	0	0	0	0	0	0	0	0	0	0	0	0	0	
