0	0	0	0	0	0	0	0	0	6	4	5	0	0	7	0	0	7	7	0	0	1	5	2	0	0	0	0	
0	0	0	0	0	0	0	0	0	0	0	0	4	7	9	1	0	0	0	0	5	5	0	0	0	0	0	0	
0	0	0	0	0	0	0	0	15	7	0	0	0	0	0	0	11	6	3	0	0	0	0	8	0	0	0	0	
0	0	0	0	0	0	0	0	0	0	6	5	12	8	0	12	0	0	1	3	1	0	0	1	0	0	0	0	
0	0	0	0	0	0	0	0	5	0	0	0	0	0	0	5	5	6	1	0	1	9	4	0	0	0	0	0	
0	0	0	0	0	0	0	0	5	3	0	7	6	7	19	0	0	2	5	0	0	0	3	5	0	0	0	0	
0	0	0	0	0	0	0	0	0	2	0	12	0	0	24	0	2	0	0	8	10	0	0	2	0	0	0	0	
0	0	0	0	0	0	0	0	5	15	0	2	0	75	245	255	187	84	0	0	6	2	0	2	0	0	0	0	
4	0	0	2	1	0	0	3	0	19	0	16	106	253	253	252	236	216	0	3	0	6	1	3	0	0	0	0	
1	0	0	1	1	0	0	0	0	3	1	138	254	228	167	105	255	177	7	10	5	1	0	0	0	0	0	0	
0	0	0	0	1	3	1	0	20	0	204	255	233	72	0	194	244	95	0	0	1	0	0	2	0	0	0	0	
0	1	2	0	0	4	2	0	0	129	248	227	121	0	95	254	251	125	11	0	1	0	0	1	0	0	0	0	
0	3	4	1	0	2	2	1	61	238	255	85	43	168	245	247	255	216	45	9	0	0	2	0	0	0	0	0	
2	2	3	3	0	0	5	15	199	255	229	208	243	255	161	40	242	255	46	7	0	0	8	0	0	0	0	0	
2	0	0	5	0	0	10	33	255	253	236	255	207	75	0	12	253	255	46	11	0	0	7	0	0	0	0	0	
1	0	0	6	0	0	13	47	235	255	243	97	6	2	0	73	240	214	21	0	0	0	8	0	0	0	0	0	
0	0	0	0	0	0	0	0	76	127	38	0	3	2	0	107	255	184	2	2	0	0	0	0	0	0	0	0	
0	0	0	0	0	0	0	0	0	18	0	0	7	0	12	203	250	207	0	2	1	0	0	0	0	0	0	0	
0	0	0	0	0	0	0	0	2	12	0	9	9	0	0	213	250	210	0	1	2	1	0	2	0	0	0	0	
0	0	0	0	0	0	0	0	0	0	0	0	1	0	13	215	255	161	0	0	4	2	0	3	0	0	0	0	
0	0	0	0	0	0	0	0	10	3	9	0	0	0	20	202	250	78	0	0	3	1	0	1	0	0	0	0	
0	0	0	0	0	0	0	0	0	0	7	6	5	3	65	253	215	13	2	0	1	0	1	0	0	0	0	0	
0	0	0	0	0	0	0	0	0	0	0	2	0	0	80	254	158	0	0	1	0	0	0	0	0	0	0	0	
0	0	0	0	0	0	0	0	3	3	0	0	0	10	107	250	113	4	0	4	0	0	0	1	0	0	0	0	
0	0	0	0	0	0	0	0	7	0	0	12	0	5	153	255	124	0	0	9	0	3	0	0	0	0	0	0	
0	0	0	0	0	0	0	0	0	3	0	4	13	0	65	241	119	12	3	8	0	2	0	2	0	0	0	0	
0	0	0	0	0	0	0	0	13	11	0	0	9	8	57	241	69	2	0	0	0	4	0	5	0	0	0	0	
0	0	0	0	0	0	0	0	0	0	12	10	1	0	0	3	11	0	0	0	2	8	0	2	0	0	0	0	
