0	0	0	0	0	0	0	0	5	2	0	9	4	0	6	0	0	0	0	9	4	0	7	0	0	0	0	0	
0	0	0	0	0	0	0	0	0	0	10	0	0	7	0	0	6	13	0	0	2	4	13	0	0	0	0	0	
0	0	0	0	0	0	0	0	1	11	10	0	0	0	8	7	0	9	3	0	2	0	1	0	0	0	0	0	
0	0	0	0	0	0	0	0	0	0	10	0	20	0	0	0	0	4	0	2	5	0	0	6	0	0	0	0	
0	0	0	0	0	0	0	0	15	0	18	0	0	8	0	4	11	4	0	0	3	10	4	4	0	0	0	0	
0	0	0	0	0	0	0	0	0	16	0	7	0	0	26	0	0	0	7	0	0	10	7	0	0	0	0	0	
0	0	0	0	0	0	0	0	10	3	0	143	215	239	249	157	53	0	5	9	0	0	0	0	0	0	0	0	
0	0	0	0	0	0	0	0	0	2	152	209	91	82	89	225	216	44	0	1	1	1	0	4	0	0	0	0	
0	4	0	0	0	1	6	0	0	83	245	36	2	8	0	28	212	154	0	0	0	9	0	10	0	0	0	0	
0	3	0	0	1	0	0	0	2	198	83	2	0	0	20	0	98	255	44	1	12	0	0	0	0	0	0	0	
0	1	1	1	5	0	0	0	80	207	1	8	1	0	6	1	57	246	75	0	0	1	4	0	0	0	0	0	
0	0	2	0	6	0	0	15	182	105	8	6	0	3	0	3	106	244	94	9	0	11	0	2	0	0	0	0	
1	0	3	0	5	2	0	44	232	47	9	0	0	7	7	0	117	255	72	0	0	0	0	0	0	0	0	0	
2	0	5	0	3	1	1	74	209	6	1	0	1	2	0	42	197	241	55	1	0	7	0	5	0	0	0	0	
1	0	8	0	1	0	2	93	195	0	0	5	0	13	23	146	255	248	76	20	0	13	0	2	0	0	0	0	
0	0	10	0	0	0	1	101	245	64	0	9	0	62	182	242	128	255	57	0	0	0	11	0	0	0	0	0	
0	3	5	1	0	1	13	25	252	255	191	212	251	227	180	60	80	255	34	11	0	0	0	0	0	0	0	0	
0	2	4	1	0	0	2	8	102	241	255	255	221	103	23	0	86	244	14	0	0	1	2	2	0	0	0	0	
0	1	3	2	0	0	0	0	0	31	23	13	7	0	6	7	131	240	7	0	0	0	0	1	0	0	0	0	
0	0	0	2	3	2	0	0	7	0	0	1	0	0	0	0	179	234	6	1	0	1	0	0	0	0	0	0	
1	0	0	0	3	5	4	2	0	7	10	0	12	5	0	20	194	205	0	0	0	1	0	1	0	0	0	0	
3	1	0	0	0	0	1	1	7	0	0	0	0	6	0	0	195	178	0	1	0	1	0	1	0	0	0	0	
1	1	0	0	0	0	0	0	11	0	2	10	0	0	19	0	190	159	0	8	0	0	1	0	0	0	0	0	
0	0	3	3	2	1	1	3	0	7	0	0	3	0	2	0	173	139	0	8	0	1	4	2	0	0	0	0	
0	0	0	0	0	0	0	0	1	0	0	0	0	2	6	9	241	118	10	0	8	2	0	0	0	0	0	0	
0	0	0	0	0	0	0	0	1	0	0	0	0	1	5	7	201	114	25	0	0	0	2	10	0	0	0	0	
0	0	0	0	0	0	0	0	0	0	0	0	0	1	2	3	2	0	0	0	0	6	2	0	0	0	0	0	
0	0	0	0	0	0	0	0	0	0	1	1	1	0	0	0	0	9	13	10	4	1	0	0	0	0	0	0	
