0	0	0	0	0	0	0	0	7	0	0	3	0	0	2	0	3	5	0	0	4	2	0	2	0	0	0	0	
0	0	0	0	0	0	0	0	0	3	11	1	0	0	5	2	0	0	0	1	3	0	0	0	0	0	0	0	
0	0	0	0	0	0	0	0	3	0	0	0	8	4	0	0	9	0	0	2	0	0	4	7	0	0	0	0	
0	0	0	0	0	0	0	0	0	5	1	0	3	0	0	7	0	0	2	11	2	0	2	0	0	0	0	0	
0	0	0	0	0	0	0	0	0	7	0	0	0	10	1	0	2	0	0	0	0	0	4	4	0	0	0	0	
0	0	0	0	0	0	0	0	14	0	0	1	0	0	6	15	0	12	10	0	7	12	0	0	0	0	0	0	
0	0	0	0	0	0	0	0	0	0	16	23	0	6	96	159	255	234	126	15	0	0	0	8	0	0	0	0	
0	0	0	0	0	0	0	0	4	0	4	0	2	138	254	253	254	245	132	15	0	4	0	1	0	0	0	0	
0	0	0	0	0	0	0	0	0	5	0	5	133	250	247	199	110	31	255	181	5	0	1	5	0	0	0	0	
0	0	0	0	0	0	0	0	10	10	0	111	235	250	118	0	0	21	243	227	0	9	0	0	0	0	0	0	
0	0	0	0	0	0	0	0	9	0	16	219	250	100	11	1	4	90	250	223	0	0	2	0	0	0	0	0	
0	0	0	0	0	0	0	0	0	6	137	245	176	6	0	0	0	123	239	223	22	0	2	0	0	0	0	0	
0	0	0	0	0	0	0	0	0	16	222	246	79	0	7	0	20	222	255	221	0	0	0	15	0	0	0	0	
0	0	0	0	0	0	0	0	0	0	225	247	0	0	0	16	9	215	255	139	0	6	0	0	0	0	0	0	
0	0	0	0	0	0	0	0	0	10	225	240	0	23	0	5	180	255	233	17	3	0	4	0	0	0	0	0	
0	0	0	0	0	0	0	0	7	0	217	255	31	0	2	114	250	250	175	0	0	7	0	7	0	0	0	0	
0	0	0	0	0	0	0	0	3	0	205	241	219	77	163	238	255	255	107	5	5	0	0	0	0	0	0	0	
0	0	0	0	0	0	0	0	5	0	15	248	252	234	255	255	249	121	38	7	0	0	8	0	0	0	0	0	
0	0	0	0	0	0	0	0	0	5	10	71	143	255	244	254	198	15	0	7	0	9	0	0	0	0	0	0	
0	0	0	0	0	0	0	0	5	0	0	0	7	43	252	206	92	0	2	0	1	16	0	3	0	0	0	0	
0	0	0	0	0	0	0	0	0	24	0	6	10	56	255	182	4	0	3	0	5	10	0	7	0	0	0	0	
0	0	0	0	0	0	0	0	5	0	23	7	11	246	250	74	0	0	0	6	0	0	9	1	0	0	0	0	
0	0	0	0	0	0	0	0	0	0	0	11	139	253	110	1	13	0	0	9	0	0	7	0	0	0	0	0	
0	0	0	0	0	0	0	0	0	14	0	92	255	241	45	2	0	0	4	0	0	4	0	3	0	0	0	0	
0	0	0	0	0	0	0	0	3	0	0	188	226	66	28	0	0	0	0	0	0	0	0	0	0	0	0	0	
0	0	0	0	0	0	0	0	7	0	15	205	199	3	0	12	0	0	0	0	0	0	0	0	0	0	0	0	
0	0	0	0	0	0	0	0	0	20	0	7	0	0	14	0	0	0	0	0	0	0	0	0	0	0	0	0	
0	0	0	0	0	0	0	0	6	0	0	12	19	0	0	2	0	0	0	0	0	0	0	0	0	0	0	0	
