0	0	0	0	0	0	0	0	0	2	7	0	0	0	0	0	0	0	0	3	4	0	0	5	0	0	0	0	
0	0	0	0	0	0	0	0	15	0	0	0	11	11	4	0	10	8	0	0	0	8	7	0	0	0	0	0	
0	0	0	0	0	0	0	0	0	0	0	1	0	0	0	0	0	0	0	10	0	0	0	6	0	0	0	0	
0	0	0	0	0	0	0	0	1	9	8	0	2	10	5	0	25	3	0	0	0	0	5	0	0	0	0	0	
0	0	0	0	0	0	0	0	0	0	0	0	0	0	6	11	0	0	4	0	0	9	11	0	0	0	0	0	
0	0	0	0	0	0	0	0	22	0	0	7	11	0	0	0	12	5	0	0	8	0	0	4	0	0	0	0	
0	0	0	0	0	0	0	0	0	0	39	120	208	255	255	252	219	149	39	0	9	3	0	3	0	0	0	0	
0	0	0	0	0	0	0	0	61	163	247	255	245	255	255	246	246	255	168	25	0	0	0	3	0	0	0	0	
1	4	0	5	0	4	0	84	222	254	255	255	242	221	233	240	246	255	248	149	0	6	4	0	0	0	0	0	
4	0	0	18	0	0	112	231	255	249	234	112	9	0	0	55	93	197	255	251	65	0	0	6	0	0	0	0	
0	0	5	10	0	73	237	255	245	139	11	3	4	0	12	0	0	148	240	255	102	0	0	3	0	0	0	0	
0	1	1	0	7	166	255	235	136	28	0	0	0	0	0	5	2	146	233	249	98	2	3	0	0	0	0	0	
3	4	0	0	22	216	244	222	22	0	0	0	0	9	9	0	4	144	255	245	106	0	0	3	0	0	0	0	
0	8	2	0	31	254	244	221	0	9	0	21	0	0	14	0	0	135	255	252	117	2	0	6	0	0	0	0	
0	7	3	0	24	235	255	227	90	9	0	0	4	15	0	12	1	167	241	248	96	4	0	0	0	0	0	0	
14	0	0	6	2	154	248	255	255	172	48	0	0	0	4	0	2	223	255	255	64	0	4	0	0	0	0	0	
0	0	4	2	0	28	147	255	252	255	255	204	149	80	66	59	153	244	255	254	16	0	4	0	0	0	0	0	
6	0	1	5	0	0	22	71	171	200	247	253	255	244	255	255	255	254	255	250	0	5	3	3	0	0	0	0	
2	0	0	5	7	0	0	2	0	51	143	207	250	246	242	231	230	255	255	250	7	0	0	0	0	0	0	0	
2	0	0	0	0	0	1	3	0	0	0	0	0	0	0	3	6	224	243	255	69	9	4	0	0	0	0	0	
0	2	5	2	0	0	0	0	6	4	0	1	0	2	0	0	1	238	252	237	37	0	0	8	0	0	0	0	
0	0	0	2	8	11	7	1	0	0	0	0	0	3	0	0	0	149	255	255	73	18	1	1	0	0	0	0	
7	0	0	0	0	0	0	0	0	4	0	10	0	7	0	0	19	129	255	255	95	15	0	0	0	0	0	0	
0	0	1	4	2	0	0	4	0	5	0	6	0	3	0	2	0	150	254	250	121	0	0	9	0	0	0	0	
0	0	0	0	0	0	0	0	0	0	0	0	0	0	0	0	3	145	249	253	199	1	5	1	0	0	0	0	
0	0	0	0	0	0	0	0	0	0	0	0	0	0	0	0	0	140	255	255	187	2	0	0	0	0	0	0	
0	0	0	0	0	0	0	0	0	0	0	0	0	0	0	0	3	8	0	0	15	0	10	13	0	0	0	0	
0	0	0	0	0	0	0	0	0	0	0	0	0	0	0	0	0	4	8	0	0	0	0	2	0	0	0	0	
