0	0	0	0	0	0	0	0	0	0	0	0	4	0	0	8	0	0	4	3	0	0	23	0	0	0	0	0	
0	0	0	0	0	0	0	0	5	9	0	0	1	6	0	0	12	5	0	0	5	0	3	0	0	0	0	0	
0	0	0	0	0	0	0	0	0	0	0	0	8	7	0	0	0	2	0	0	5	2	0	7	0	0	0	0	
0	0	0	0	0	0	0	0	5	4	2	6	6	0	0	2	0	0	4	0	1	8	0	4	0	0	0	0	
0	0	0	0	0	0	0	0	2	3	0	0	1	2	2	10	13	0	0	0	0	7	5	0	0	0	0	0	
0	0	0	0	0	0	0	0	0	4	2	0	6	17	2	0	0	0	0	0	8	0	3	14	0	0	0	0	
0	0	0	0	0	0	0	0	3	18	19	10	3	0	0	11	42	100	141	194	233	69	6	0	0	0	0	0	
0	0	0	0	0	0	0	0	1	0	1	10	0	0	53	152	255	245	168	183	255	71	1	1	0	0	0	0	
0	0	8	1	0	4	0	2	1	0	7	11	0	45	238	226	101	0	20	1	217	250	123	0	0	0	0	0	
6	0	4	0	0	2	0	0	2	7	0	114	180	82	91	1	0	6	0	49	255	243	233	37	0	0	0	0	
3	0	1	0	2	9	0	4	0	3	167	238	107	0	0	5	0	3	21	213	255	255	236	43	0	0	0	0	
0	0	2	0	10	7	0	5	4	173	138	6	0	9	2	4	4	30	215	254	249	251	107	2	0	0	0	0	
0	1	3	0	4	0	0	34	151	71	7	1	7	5	0	0	2	191	252	244	252	102	0	4	0	0	0	0	
3	1	0	0	0	0	29	127	181	1	0	6	0	3	0	23	163	251	247	228	61	0	24	0	0	0	0	0	
2	0	0	0	1	3	77	225	40	13	0	0	14	50	181	227	255	253	233	13	0	20	0	4	0	0	0	0	
2	0	0	0	0	0	90	255	143	106	116	120	223	248	248	255	248	205	1	0	6	0	1	1	0	0	0	0	
0	2	0	6	11	0	89	255	249	251	255	255	231	151	231	246	224	71	0	4	0	0	5	0	0	0	0	0	
7	8	0	0	0	3	79	202	232	239	239	56	12	0	240	255	65	0	0	10	2	0	6	0	0	0	0	0	
0	3	4	3	2	0	0	21	0	55	40	0	25	146	255	181	0	0	1	5	0	0	5	0	0	0	0	0	
0	0	4	3	1	3	0	0	7	0	0	24	113	249	255	37	5	15	9	0	0	1	1	0	0	0	0	0	
7	0	0	0	0	5	15	7	3	0	0	91	228	245	140	0	0	3	0	0	4	6	0	0	0	0	0	0	
0	0	3	8	0	0	0	0	1	0	22	171	252	113	0	10	0	0	0	2	6	0	0	3	0	0	0	0	
2	1	0	0	0	0	7	14	0	0	185	255	189	0	1	0	8	6	5	2	0	0	0	2	0	0	0	0	
0	4	0	0	1	2	0	0	5	159	244	187	74	10	0	1	1	0	0	0	0	3	3	0	0	0	0	0	
0	0	0	0	0	0	0	0	0	240	228	62	0	0	11	0	0	0	0	0	0	0	0	0	0	0	0	0	
0	0	0	0	0	0	0	0	80	220	88	0	17	0	3	0	0	0	0	0	0	0	0	0	0	0	0	0	
0	0	0	0	0	0	0	0	0	11	0	0	4	6	0	5	0	0	0	0	0	0	0	0	0	0	0	0	
0	0	0	0	0	0	0	0	10	0	29	14	0	5	0	2	0	0	0	0	0	0	0	0	0	0	0	0	
