0	0	0	0	0	0	0	0	6	1	0	7	0	0	14	0	0	0	0	12	3	0	0	0	0	0	0	0	
0	0	0	0	0	0	0	0	0	1	12	0	13	0	4	0	6	4	0	0	0	0	4	0	0	0	0	0	
0	0	0	0	0	0	0	0	23	0	0	0	9	0	2	6	0	0	1	0	0	1	3	0	0	0	0	0	
0	0	0	0	0	0	0	0	0	0	9	5	0	0	0	0	7	0	3	0	4	0	0	1	0	0	0	0	
0	0	0	0	0	0	0	0	0	14	8	9	161	255	255	237	106	15	0	0	11	0	0	2	0	0	0	0	
0	0	0	0	0	0	0	0	2	0	0	99	255	73	37	172	233	51	0	0	10	0	0	2	0	0	0	0	
0	0	0	0	0	0	0	0	2	13	8	122	212	9	0	124	255	50	0	0	4	0	8	0	0	0	0	0	
0	0	0	0	0	0	0	0	0	0	0	178	154	2	20	186	238	23	2	3	0	0	10	0	0	0	0	0	
0	0	0	0	0	0	0	0	0	10	0	193	126	7	0	80	255	64	2	6	0	0	6	0	0	0	0	0	
0	0	0	0	0	0	0	0	8	0	0	190	146	0	51	221	255	81	4	9	0	0	1	0	0	0	0	0	
0	0	0	0	0	0	0	0	6	0	7	127	223	171	205	206	235	94	0	3	2	0	0	0	0	0	0	0	
0	0	0	0	0	0	0	0	0	5	0	11	160	192	160	2	214	126	0	0	2	1	0	0	0	0	0	0	
0	0	0	0	0	0	0	0	0	7	12	0	11	0	4	0	205	179	8	0	3	1	0	0	0	0	0	0	
0	0	0	0	0	0	0	0	20	0	0	0	10	0	0	12	174	216	19	0	0	2	0	4	0	0	0	0	
0	0	0	0	0	0	0	0	0	3	14	1	0	6	0	3	136	238	26	0	0	5	0	7	0	0	0	0	
0	0	0	0	0	0	0	0	12	0	0	0	3	2	0	2	125	255	40	2	0	6	0	3	0	0	0	0	
0	0	0	0	0	0	0	0	4	0	2	0	0	5	0	6	131	253	39	12	0	0	0	8	0	0	0	0	
0	0	0	0	0	0	0	0	0	62	108	0	10	2	0	0	106	248	58	0	6	13	0	0	0	0	0	0	
0	0	0	0	0	0	0	0	16	151	151	9	0	3	0	0	74	255	106	0	10	0	0	12	0	0	0	0	
0	0	0	0	0	0	0	0	0	140	168	15	0	0	16	0	43	255	112	0	11	1	0	1	0	0	0	0	
0	0	0	0	0	0	0	0	20	61	192	5	7	0	4	0	55	255	107	0	0	4	13	0	0	0	0	0	
0	0	0	0	0	0	0	0	0	36	251	55	0	14	0	22	196	247	61	11	0	0	6	4	0	0	0	0	
0	0	0	0	0	0	0	0	0	2	191	250	162	116	95	221	255	131	0	0	13	7	0	0	0	0	0	0	
0	0	0	0	0	0	0	0	9	0	6	136	222	250	255	207	91	0	0	4	0	0	5	2	0	0	0	0	
0	0	0	0	0	0	0	0	0	0	0	0	0	0	0	0	0	0	0	0	0	0	0	0	0	0	0	0	
0	0	0	0	0	0	0	0	0	0	0	0	0	0	0	0	0	0	0	0	0	0	0	0	0	0	0	0	
0	0	0	0	0	0	0	0	0	0	0	0	0	0	0	0	0	0	0	0	0	0	0	0	0	0	0	0	
0	0	0	0	0	0	0	0	0	0	0	0	0	0	0	0	0	0	0	0	0	0	0	0	0	0	0	0	
