0	0	0	0	0	0	0	0	4	0	4	0	3	0	11	0	2	0	0	4	1	0	0	12	0	0	0	0	
0	0	0	0	0	0	0	0	0	0	13	12	1	0	0	0	0	0	0	7	11	7	0	0	0	0	0	0	
0	0	0	0	0	0	0	0	13	0	0	0	0	2	4	0	0	5	8	0	0	0	2	8	0	0	0	0	
0	0	0	0	0	0	0	0	0	0	7	6	0	0	1	0	3	0	0	0	5	9	2	0	0	0	0	0	
0	0	0	0	0	0	0	0	14	0	4	0	8	0	10	1	7	2	0	0	0	0	0	3	0	0	0	0	
0	0	0	0	0	0	0	0	2	0	0	0	10	0	3	0	0	0	0	0	0	0	0	0	0	0	0	0	
0	0	0	0	0	0	0	0	3	2	0	8	0	35	96	157	255	217	123	28	0	2	9	0	0	0	0	0	
0	0	0	0	0	0	0	0	0	3	17	135	173	255	244	251	238	255	241	119	14	0	1	0	0	0	0	0	
0	0	0	0	0	0	0	0	11	0	228	246	251	255	233	170	157	168	134	109	0	6	0	8	0	0	0	0	
0	0	0	0	0	0	0	0	43	192	248	249	254	139	6	1	9	0	0	36	134	1	6	0	0	0	0	0	
0	0	0	0	0	0	0	0	123	254	253	149	29	0	8	0	0	27	41	237	244	105	0	0	0	0	0	0	
0	0	0	0	0	0	0	0	186	231	218	22	0	0	12	0	12	63	221	247	255	90	0	10	0	0	0	0	
0	0	0	0	0	0	0	0	242	255	218	6	20	0	0	64	165	255	238	255	159	0	8	0	0	0	0	0	
0	0	0	0	0	0	0	0	204	255	249	189	217	227	233	255	255	247	255	252	38	7	0	4	0	0	0	0	
0	0	0	0	0	0	0	0	103	245	255	255	255	255	233	237	255	236	255	196	0	11	5	0	0	0	0	0	
0	0	0	0	0	0	0	0	0	49	109	188	197	183	98	17	189	255	235	15	18	0	0	4	0	0	0	0	
0	0	0	0	0	0	0	0	4	3	0	13	0	3	5	18	218	242	243	36	2	1	2	0	0	0	0	0	
0	0	0	0	0	0	0	0	0	0	8	0	2	0	14	138	247	255	139	0	0	6	1	0	0	0	0	0	
0	0	0	0	0	0	0	0	1	0	0	7	0	1	0	203	244	249	45	0	0	0	0	7	0	0	0	0	
0	0	0	0	0	0	0	0	1	3	0	11	0	5	12	212	254	215	4	5	6	0	0	7	0	0	0	0	
0	0	0	0	0	0	0	0	0	0	21	0	0	0	132	245	255	138	0	0	5	3	0	1	0	0	0	0	
0	0	0	0	0	0	0	0	0	0	9	0	4	53	236	255	181	33	0	0	0	0	0	2	0	0	0	0	
0	0	0	0	0	0	0	0	4	4	0	15	0	99	255	250	110	0	1	5	0	0	0	2	0	0	0	0	
0	0	0	0	0	0	0	0	4	0	1	0	0	70	250	255	132	0	0	0	4	7	0	0	0	0	0	0	
0	0	0	0	0	0	0	0	0	11	0	0	20	131	250	222	29	12	0	0	3	2	0	0	0	0	0	0	
0	0	0	0	0	0	0	0	6	0	2	0	0	153	252	76	11	1	0	0	3	2	0	0	0	0	0	0	
0	0	0	0	0	0	0	0	0	19	0	0	1	0	3	0	0	0	0	0	3	1	0	0	0	0	0	0	
0	0	0	0	0	0	0	0	0	0	0	11	10	0	0	9	0	0	2	4	2	0	0	0	0	0	0	0	
