0	0	0	0	0	0	0	0	0	0	6	8	2	0	0	1	0	0	1	0	0	0	0	3	0	0	0	0	
0	0	0	0	0	0	0	0	8	5	0	0	0	1	2	0	0	1	2	1	0	0	0	1	0	0	0	0	
0	0	0	0	0	0	0	0	0	0	0	0	4	11	5	0	0	2	3	2	0	0	0	0	0	0	0	0	
0	0	0	0	0	0	0	0	10	10	7	0	0	0	0	3	0	0	1	1	0	0	0	0	0	0	0	0	
0	0	0	0	0	0	0	0	0	0	0	1	1	0	0	5	0	0	0	0	0	0	0	0	0	0	0	0	
0	0	0	0	0	0	0	0	8	0	0	6	12	7	2	2	0	0	0	0	0	0	0	0	0	0	0	0	
0	0	0	0	0	0	0	0	0	4	6	0	0	0	0	0	8	4	0	0	0	1	1	0	0	0	0	0	
0	0	0	0	0	0	0	0	82	164	240	255	255	255	246	223	15	9	2	0	0	1	0	0	0	0	0	0	
2	0	15	5	0	0	10	98	255	244	253	252	246	255	251	250	219	12	5	2	5	0	5	0	0	0	0	0	
8	2	0	0	9	4	99	255	247	248	221	111	56	152	243	251	244	66	0	0	2	0	0	18	0	0	0	0	
0	0	10	0	0	100	246	249	225	93	0	0	0	0	34	161	255	197	51	0	0	0	0	0	0	0	0	0	
0	13	5	0	10	161	255	249	85	0	0	23	6	0	4	27	142	255	145	5	8	11	16	0	0	0	0	0	
10	10	0	0	24	228	255	245	154	172	156	135	167	159	76	35	54	236	162	0	0	0	8	0	0	0	0	0	
7	0	0	8	1	203	248	239	255	246	255	255	244	249	252	255	200	255	159	0	12	0	8	6	0	0	0	0	
0	12	0	0	1	44	86	218	189	219	186	123	159	220	214	207	255	243	165	17	0	0	0	2	0	0	0	0	
0	10	0	0	5	0	1	0	10	0	0	4	4	0	2	61	211	252	255	107	0	10	0	1	0	0	0	0	
0	0	0	0	0	0	0	0	0	0	0	0	0	0	0	0	21	236	241	231	7	4	6	0	0	0	0	0	
0	0	0	0	0	0	0	0	0	0	0	0	0	0	0	0	6	100	245	245	32	0	0	0	0	0	0	0	
0	0	0	0	0	0	0	0	0	0	0	0	0	0	0	0	0	0	233	255	101	0	0	6	0	0	0	0	
0	0	0	0	0	0	0	0	0	0	0	0	0	0	0	0	0	0	211	252	152	0	0	6	0	0	0	0	
0	0	0	0	0	0	0	0	0	0	0	0	0	0	0	0	0	23	219	243	108	0	0	0	0	0	0	0	
0	0	0	0	0	0	0	0	0	0	0	0	0	0	0	0	1	62	255	249	21	0	0	0	0	0	0	0	
0	0	0	0	0	0	0	0	0	0	0	0	0	0	0	0	4	140	255	255	0	2	0	4	0	0	0	0	
0	0	0	0	0	0	0	0	0	0	0	0	0	0	0	0	0	221	244	255	23	0	0	1	0	0	0	0	
0	0	0	0	0	0	0	0	0	0	0	0	0	0	0	0	93	243	255	245	9	2	0	7	0	0	0	0	
0	0	0	0	0	0	0	0	0	0	0	0	0	0	0	0	197	254	239	157	22	0	5	0	0	0	0	0	
0	0	0	0	0	0	0	0	0	0	0	0	0	0	0	0	40	253	205	3	8	7	0	14	0	0	0	0	
0	0	0	0	0	0	0	0	0	0	0	0	0	0	0	0	10	0	0	8	0	0	5	0	0	0	0	0	
