0	0	0	0	0	0	0	0	2	0	2	8	4	0	0	0	1	0	0	3	0	0	2	0	0	0	0	0	
0	0	0	0	0	0	0	0	0	0	0	0	0	1	3	4	1	9	7	0	0	0	4	1	0	0	0	0	
0	0	0	0	0	0	0	0	0	0	0	0	0	2	0	0	0	3	1	0	3	4	0	0	0	0	0	0	
0	0	0	0	0	0	0	0	3	1	0	0	2	4	4	5	3	0	0	1	16	5	0	0	0	0	0	0	
0	0	0	0	0	0	0	0	11	1	0	0	0	0	0	4	8	6	0	0	0	0	0	3	0	0	0	0	
0	0	0	0	0	0	0	0	0	0	0	8	11	6	2	1	0	0	10	1	0	0	9	0	0	0	0	0	
0	0	0	0	0	0	0	0	11	12	1	0	0	8	4	0	20	0	0	10	0	2	11	0	0	0	0	0	
0	0	0	0	0	0	0	0	0	2	0	4	77	188	254	255	123	13	0	11	2	0	8	0	0	0	0	0	
0	0	0	0	0	0	0	0	3	0	6	197	240	251	125	223	255	79	5	12	0	11	0	9	0	0	0	0	
0	0	0	0	0	0	0	0	0	30	108	249	209	32	0	157	255	122	3	0	0	1	0	1	0	0	0	0	
0	0	0	0	0	0	0	0	8	9	204	235	69	118	255	247	254	158	2	0	11	0	0	1	0	0	0	0	
0	0	0	0	0	0	0	0	0	54	255	227	4	3	20	208	252	139	0	0	10	0	7	2	0	0	0	0	
0	0	0	0	0	0	0	0	16	42	235	202	0	5	0	211	253	82	0	0	0	0	3	0	0	0	0	0	
0	0	0	0	0	0	0	0	0	4	196	253	68	0	51	231	255	43	5	11	0	1	2	0	0	0	0	0	
0	0	0	0	0	0	0	0	0	3	118	243	186	124	208	255	255	35	5	11	0	3	4	0	0	0	0	0	
0	0	0	0	0	0	0	0	0	1	5	164	255	245	230	200	241	37	0	0	0	0	3	0	0	0	0	0	
0	0	0	0	0	0	0	0	9	0	0	9	59	88	48	115	246	48	0	0	0	7	0	0	0	0	0	0	
0	0	0	0	0	0	0	0	0	0	5	0	0	7	0	114	255	54	5	2	0	5	0	0	0	0	0	0	
0	0	0	0	0	0	0	0	0	4	10	0	0	0	0	129	252	49	4	0	0	4	0	2	0	0	0	0	
0	0	0	0	0	0	0	0	5	0	0	0	6	8	1	125	249	61	3	0	0	2	0	5	0	0	0	0	
0	0	0	0	0	0	0	0	0	0	3	1	0	0	0	122	255	105	8	2	0	0	0	2	0	0	0	0	
0	0	0	0	0	0	0	0	5	2	5	0	0	0	0	131	254	150	0	3	0	0	0	3	0	0	0	0	
0	0	0	0	0	0	0	0	0	0	0	0	0	6	1	120	244	191	0	2	0	1	0	5	0	0	0	0	
0	0	0	0	0	0	0	0	0	2	8	0	0	4	0	115	252	229	0	9	0	0	0	1	0	0	0	0	
0	0	0	0	0	0	0	0	0	3	0	7	13	0	0	52	255	147	0	4	6	0	0	4	0	0	0	0	
0	0	0	0	0	0	0	0	5	6	0	0	3	0	13	71	246	133	0	0	9	2	3	0	0	0	0	0	
0	0	0	0	0	0	0	0	0	5	0	0	4	0	1	35	231	137	8	0	0	0	8	8	0	0	0	0	
0	0	0	0	0	0	0	0	0	2	3	3	7	0	0	0	0	0	0	7	15	2	0	0	0	0	0	0	
