0	0	0	0	0	0	0	0	0	0	0	6	1	2	2	0	3	0	0	2	0	0	1	5	0	0	0	0	
0	0	0	0	0	0	0	0	6	7	9	1	0	0	4	7	0	1	8	4	0	0	0	0	0	0	0	0	
0	0	0	0	0	0	0	0	0	0	0	0	5	11	1	0	12	0	0	0	0	12	20	0	0	0	0	0	
0	0	0	0	0	0	0	0	0	12	12	0	0	0	0	5	0	19	2	0	11	1	0	16	0	0	0	0	
0	0	0	0	0	0	0	0	0	0	0	0	5	4	0	2	3	1	2	5	1	0	0	0	0	0	0	0	
0	0	0	0	0	0	0	0	8	10	0	0	9	2	0	13	9	0	0	2	0	1	16	4	0	0	0	0	
0	0	0	0	0	0	0	0	0	6	0	0	7	6	37	100	130	251	255	247	255	156	15	0	0	0	0	0	
0	0	0	0	0	0	0	0	1	0	18	108	221	255	246	255	251	255	252	250	255	240	128	0	0	0	0	0	
5	0	1	0	1	0	17	0	26	103	206	255	241	255	254	247	252	212	187	191	205	200	66	0	0	0	0	0	
8	3	2	0	0	0	0	17	127	241	255	255	245	255	199	183	79	0	17	154	168	20	5	2	0	0	0	0	
1	0	0	5	1	0	14	138	238	255	253	246	247	83	9	0	3	0	131	252	255	36	0	1	0	0	0	0	
0	0	0	13	5	0	92	251	255	254	254	81	34	0	0	3	2	68	240	255	232	63	27	0	0	0	0	0	
6	0	0	3	0	0	177	255	248	188	15	0	0	0	21	0	59	236	251	249	255	50	0	10	0	0	0	0	
0	6	1	0	3	41	255	241	165	24	2	1	3	0	0	229	252	255	255	247	122	0	0	12	0	0	0	0	
0	1	0	0	7	69	255	251	115	29	37	14	118	183	156	232	255	228	255	225	51	7	0	0	0	0	0	0	
1	0	0	4	0	44	220	255	255	242	214	255	251	244	253	228	248	255	250	188	29	0	13	2	0	0	0	0	
0	12	0	0	1	0	54	193	253	255	235	255	250	163	93	65	247	255	241	178	1	0	15	0	0	0	0	0	
0	0	0	0	18	0	0	47	32	94	62	35	23	10	0	90	255	234	255	181	0	0	0	3	0	0	0	0	
0	1	0	0	8	0	0	0	2	0	6	0	0	0	31	233	236	255	229	30	12	10	0	0	0	0	0	0	
0	4	8	1	0	0	8	13	0	8	0	11	10	0	203	235	255	250	113	0	18	0	26	0	0	0	0	0	
4	0	0	2	0	0	4	0	7	0	11	2	0	35	243	249	255	247	33	20	0	0	3	0	0	0	0	0	
5	0	0	4	2	0	0	0	0	1	0	5	12	102	239	255	247	190	11	0	2	20	0	1	0	0	0	0	
0	3	4	0	0	0	3	7	0	1	23	0	54	253	246	255	253	21	0	0	7	0	9	5	0	0	0	0	
0	5	0	0	1	8	0	0	5	0	8	0	96	251	255	252	163	0	5	2	7	0	3	2	0	0	0	0	
0	0	0	0	0	0	0	0	0	15	0	11	45	238	255	242	126	20	0	12	1	0	8	0	0	0	0	0	
0	0	0	0	0	0	0	0	15	0	0	0	3	142	217	172	39	0	0	9	0	0	8	2	0	0	0	0	
0	0	0	0	0	0	0	0	0	1	9	0	0	4	11	0	0	0	6	8	0	0	4	2	0	0	0	0	
0	0	0	0	0	0	0	0	0	5	11	0	25	0	0	8	2	8	5	0	3	5	0	0	0	0	0	0	
