0	0	0	0	0	0	0	0	0	3	3	0	0	0	0	0	1	0	0	1	0	0	0	5	0	0	0	0	
0	0	0	0	0	0	0	0	4	0	0	1	0	0	0	0	3	1	2	4	4	1	0	0	0	0	0	0	
0	0	0	0	0	0	0	0	0	0	0	7	10	8	4	2	0	0	0	0	1	5	4	0	0	0	0	0	
0	0	0	0	0	0	0	0	6	11	2	0	0	0	1	0	1	3	0	0	0	2	3	0	0	0	0	0	
0	0	0	0	0	0	0	0	0	2	4	2	4	8	5	0	3	7	7	3	0	0	0	0	0	0	0	0	
0	0	0	0	0	0	0	0	2	0	0	3	1	0	0	7	0	0	0	5	7	3	0	0	0	0	0	0	
0	0	0	0	0	0	0	0	0	7	12	4	0	0	2	0	18	0	0	0	6	2	0	4	0	0	0	0	
0	0	0	0	0	0	0	0	21	123	213	242	255	255	211	138	73	30	0	0	2	0	0	4	0	0	0	0	
0	0	0	0	8	0	7	146	254	255	247	248	247	251	255	244	248	255	107	5	0	6	8	0	0	0	0	0	
0	0	0	0	0	0	116	231	242	252	255	255	255	253	245	255	255	253	246	49	10	0	11	12	0	0	0	0	
0	0	0	0	0	10	231	255	245	102	73	70	98	192	227	237	249	255	248	168	0	13	0	10	0	0	0	0	
0	0	0	7	4	6	255	244	171	10	0	7	10	0	10	155	255	253	241	255	73	7	0	0	0	0	0	0	
4	0	0	4	0	0	255	234	227	40	30	50	47	109	174	253	252	249	255	255	114	0	20	0	0	0	0	0	
0	1	1	0	0	12	235	255	255	246	255	244	249	255	249	255	253	255	243	168	19	0	0	6	0	0	0	0	
0	1	2	0	0	15	136	247	255	244	245	255	255	236	255	251	248	255	252	51	0	7	0	7	0	0	0	0	
0	4	3	0	0	0	11	143	192	255	247	237	223	192	168	67	192	247	255	30	5	4	0	0	0	0	0	0	
0	0	0	0	0	0	0	0	17	49	73	60	27	4	1	6	24	204	252	145	0	17	0	8	0	0	0	0	
0	0	0	0	0	0	0	0	0	1	7	4	0	0	0	0	0	232	252	148	5	0	18	0	0	0	0	0	
0	0	0	0	0	0	0	0	3	0	0	0	2	9	7	0	0	173	251	222	28	4	0	5	0	0	0	0	
0	0	0	0	0	0	0	0	3	5	6	4	1	0	0	0	2	80	249	255	66	10	0	0	0	0	0	0	
0	0	0	0	0	0	0	0	0	0	2	3	0	0	0	0	6	72	255	244	160	0	17	0	0	0	0	0	
0	0	0	0	0	0	0	0	8	0	0	0	5	6	6	7	0	58	230	250	238	67	0	2	0	0	0	0	
0	0	0	0	0	0	0	0	7	0	0	0	0	0	0	0	0	6	115	255	251	176	17	3	0	0	0	0	
0	0	0	0	0	0	0	0	0	0	4	7	1	0	0	5	4	9	32	242	255	251	176	6	0	0	0	0	
0	0	0	0	0	0	0	0	0	0	0	0	0	0	0	0	0	17	0	154	255	250	245	139	0	0	0	0	
0	0	0	0	0	0	0	0	0	0	0	0	0	0	0	0	10	1	8	12	158	255	255	169	0	0	0	0	
0	0	0	0	0	0	0	0	0	0	0	0	0	0	0	0	0	0	0	0	63	242	250	255	0	0	0	0	
0	0	0	0	0	0	0	0	0	0	0	0	0	0	0	0	0	0	16	0	0	0	0	0	0	0	0	0	
