0	0	0	0	0	0	0	0	0	0	1	0	0	0	0	2	0	6	3	0	5	9	2	0	0	0	0	0	
0	0	0	0	0	0	0	0	0	2	4	0	0	8	4	0	11	1	2	0	0	0	0	7	0	0	0	0	
0	0	0	0	0	0	0	0	14	0	0	0	1	0	0	14	0	0	0	8	18	3	6	0	0	0	0	0	
0	0	0	0	0	0	0	0	0	2	8	4	2	2	0	0	12	7	5	4	0	2	5	0	0	0	0	0	
0	0	0	0	0	0	0	0	7	0	0	4	0	0	0	8	0	1	0	11	0	0	0	9	0	0	0	0	
0	0	0	0	0	0	0	0	0	0	0	0	8	9	6	4	10	7	0	11	9	18	0	1	0	0	0	0	
0	0	0	0	0	0	0	0	0	12	2	1	84	210	255	239	167	142	58	0	0	5	0	0	0	0	0	0	
0	0	0	0	0	0	0	0	10	0	16	140	246	255	255	252	250	255	181	8	0	0	11	4	0	0	0	0	
0	0	0	0	0	0	0	0	6	0	122	252	238	159	162	156	105	228	235	24	7	0	0	2	0	0	0	0	
0	0	0	0	0	0	0	0	0	62	251	255	120	0	17	0	0	54	217	59	0	1	17	0	0	0	0	0	
0	0	0	0	0	0	0	0	5	148	248	223	2	0	5	0	7	0	113	250	172	5	0	13	0	0	0	0	
0	0	0	0	0	0	0	0	3	176	255	191	4	2	0	0	0	42	223	255	180	6	0	0	0	0	0	0	
0	0	0	0	0	0	0	0	0	163	255	239	0	8	0	47	133	214	249	252	69	0	30	7	0	0	0	0	
0	0	0	0	0	0	0	0	15	56	241	255	193	164	221	213	255	251	233	53	0	16	0	0	0	0	0	0	
0	0	0	0	0	0	0	0	0	0	127	230	255	255	234	228	249	255	83	3	0	10	0	18	0	0	0	0	
0	0	0	0	0	0	0	0	0	5	4	10	48	45	33	160	255	209	9	0	7	0	15	0	0	0	0	0	
0	0	0	0	0	0	0	0	3	4	4	0	0	10	48	245	255	89	13	0	0	15	0	0	0	0	0	0	
0	0	0	0	0	0	0	0	0	0	2	2	0	10	169	255	203	44	0	0	0	0	0	2	0	0	0	0	
0	0	0	0	0	0	0	0	7	2	3	7	7	18	255	252	115	8	0	2	0	1	0	5	0	0	0	0	
0	0	0	0	0	0	0	0	0	5	0	0	10	55	252	221	38	0	2	1	0	10	7	1	0	0	0	0	
0	0	0	0	0	0	0	0	0	2	0	0	8	153	252	183	1	0	6	1	0	3	5	0	0	0	0	0	
0	0	0	0	0	0	0	0	7	0	13	1	20	235	255	109	1	0	0	9	0	0	0	3	0	0	0	0	
0	0	0	0	0	0	0	0	0	0	0	0	90	247	228	21	5	0	0	8	5	0	1	4	0	0	0	0	
0	0	0	0	0	0	0	0	0	21	0	9	204	255	209	1	0	7	0	0	0	5	9	0	0	0	0	0	
0	0	0	0	0	0	0	0	3	0	10	30	250	255	173	9	0	0	0	0	0	0	0	0	0	0	0	0	
0	0	0	0	0	0	0	0	0	15	0	54	255	190	31	0	0	0	0	0	0	0	0	0	0	0	0	0	
0	0	0	0	0	0	0	0	3	0	0	13	3	0	0	6	0	0	0	0	0	0	0	0	0	0	0	0	
0	0	0	0	0	0	0	0	0	11	10	1	0	3	5	0	0	0	0	0	0	0	0	0	0	0	0	0	
