0	0	0	0	0	0	0	0	0	4	2	2	7	3	0	0	0	0	3	3	2	3	4	5	0	0	0	0	
0	0	0	0	0	0	0	0	0	0	0	0	0	0	0	8	5	0	0	8	5	0	0	0	0	0	0	0	
0	0	0	0	0	0	0	0	10	0	0	0	7	13	7	0	0	3	0	0	0	13	15	0	0	0	0	0	
0	0	0	0	0	0	0	0	0	0	7	10	0	0	0	0	0	0	8	14	4	0	0	3	0	0	0	0	
0	0	0	0	0	0	0	0	6	2	2	1	0	1	9	11	5	0	0	0	0	6	6	0	0	0	0	0	
0	0	0	0	0	0	0	0	0	5	1	0	6	0	0	0	0	3	11	15	8	0	0	1	0	0	0	0	
0	0	0	0	0	0	0	0	0	10	0	0	43	111	191	255	243	95	0	0	13	0	0	11	0	0	0	0	
0	0	0	0	0	0	0	0	0	8	6	75	211	255	246	245	255	219	129	29	0	4	10	0	0	0	0	0	
2	0	5	0	0	9	3	0	0	30	201	254	246	245	255	251	255	235	247	226	190	95	9	0	0	0	0	0	
2	0	4	0	0	3	0	0	46	208	245	255	254	255	155	163	210	255	255	249	249	238	62	1	0	0	0	0	
0	0	3	0	4	0	0	16	133	255	249	254	205	59	8	0	59	255	235	255	255	232	34	0	0	0	0	0	
0	2	4	0	7	0	0	52	242	255	255	136	7	0	0	8	108	255	255	232	168	33	16	0	0	0	0	0	
0	3	5	0	2	0	9	73	255	248	225	10	3	0	21	12	222	255	248	243	9	0	10	0	0	0	0	0	
1	1	4	0	0	0	6	58	250	241	252	99	0	17	11	202	239	236	255	97	3	0	8	0	0	0	0	0	
4	0	2	0	0	0	0	22	170	255	255	227	195	191	214	254	255	255	192	0	0	6	0	11	0	0	0	0	
5	0	0	2	0	4	0	0	51	239	247	249	249	252	255	255	254	235	101	14	0	1	5	0	0	0	0	0	
0	0	0	0	0	0	0	0	1	3	185	249	255	245	252	255	255	206	22	4	4	3	0	0	0	0	0	0	
0	0	0	0	0	0	0	0	0	0	52	87	87	236	246	246	245	77	0	0	0	0	12	1	0	0	0	0	
0	0	0	0	0	0	0	0	0	13	6	6	7	226	249	255	219	15	1	7	2	0	6	0	0	0	0	0	
0	0	0	0	0	0	0	0	6	0	0	1	116	254	255	239	85	0	10	0	6	0	0	1	0	0	0	0	
0	0	0	0	0	0	0	0	7	0	0	42	233	255	255	228	0	3	4	0	0	4	0	5	0	0	0	0	
0	0	0	0	0	0	0	0	0	11	14	110	255	248	241	172	1	17	0	11	0	0	6	0	0	0	0	0	
0	0	0	0	0	0	0	0	0	1	0	151	255	254	238	62	0	0	0	5	0	0	3	0	0	0	0	0	
0	0	0	0	0	0	0	0	1	0	7	195	253	242	255	50	0	10	0	0	10	0	0	6	0	0	0	0	
0	0	0	0	0	0	0	0	7	0	28	162	255	255	238	244	0	0	0	0	0	0	0	0	0	0	0	0	
0	0	0	0	0	0	0	0	9	1	0	44	161	238	172	51	0	0	0	0	0	0	0	0	0	0	0	0	
0	0	0	0	0	0	0	0	0	0	0	0	0	0	0	5	0	0	0	0	0	0	0	0	0	0	0	0	
0	0	0	0	0	0	0	0	6	2	2	4	4	0	0	0	0	0	0	0	0	0	0	0	0	0	0	0	
