0	0	0	0	0	0	0	0	0	2	1	1	7	3	0	0	0	1	2	0	0	0	0	0	0	0	0	0	
0	0	0	0	0	0	0	0	0	0	0	0	0	0	1	8	11	0	0	4	11	4	0	0	0	0	0	0	
0	0	0	0	0	0	0	0	11	0	0	0	8	14	8	0	0	6	12	0	0	4	8	0	0	0	0	0	
0	0	0	0	0	0	0	0	0	0	5	8	0	0	0	0	7	0	0	1	5	1	0	0	0	0	0	0	
0	0	0	0	0	0	0	0	5	0	0	0	0	0	7	10	0	4	10	1	0	1	4	0	0	0	0	0	
0	0	0	0	0	0	0	0	0	5	0	0	4	0	0	0	8	4	0	0	0	0	3	2	0	0	0	0	
0	0	0	0	0	0	0	0	0	10	0	0	40	110	191	255	168	58	0	2	25	2	0	0	0	0	0	0	
0	0	0	0	0	0	0	0	0	6	1	69	205	255	244	244	255	222	127	15	0	1	14	0	0	0	0	0	
0	0	0	0	0	0	0	0	0	0	34	215	243	236	185	176	225	248	255	22	5	9	0	2	0	0	0	0	
0	0	0	0	0	0	0	0	22	0	108	255	238	115	4	17	39	148	242	25	0	12	19	0	0	0	0	0	
0	0	0	0	0	0	0	0	0	0	255	238	141	2	0	0	3	63	255	188	19	0	7	0	0	0	0	0	
0	0	0	0	0	0	0	0	3	6	251	242	78	8	0	21	0	6	35	5	10	9	4	10	0	0	0	0	
0	0	0	0	0	0	0	0	0	11	237	255	196	144	133	76	8	13	9	0	4	3	0	0	0	0	0	0	
0	0	0	0	0	0	0	0	6	0	94	255	246	254	245	255	174	3	0	20	0	0	14	2	0	0	0	0	
0	0	0	0	0	0	0	0	6	0	6	39	124	161	245	255	246	60	3	0	8	0	0	0	0	0	0	0	
0	0	0	0	0	0	0	0	0	0	10	0	16	0	127	254	212	5	0	2	2	0	9	4	0	0	0	0	
0	0	0	0	0	0	0	0	3	0	2	0	11	0	126	255	136	1	0	10	0	3	0	0	0	0	0	0	
0	0	0	0	0	0	0	0	0	3	0	7	0	63	231	255	110	0	0	7	0	4	0	1	0	0	0	0	
0	0	0	0	0	0	0	0	0	3	0	8	0	85	255	242	70	0	0	2	0	4	0	3	0	0	0	0	
0	0	0	0	0	0	0	0	2	0	0	0	5	72	249	233	30	0	0	0	0	3	0	4	0	0	0	0	
0	0	0	0	0	0	0	0	2	0	3	0	1	119	240	191	3	0	2	0	0	1	0	3	0	0	0	0	
0	0	0	0	0	0	0	0	0	0	0	0	0	200	253	88	0	0	2	1	0	0	0	0	0	0	0	0	
0	0	0	0	0	0	0	0	0	4	0	1	74	241	250	8	0	0	1	5	0	0	5	0	0	0	0	0	
0	0	0	0	0	0	0	0	2	12	0	4	190	243	241	2	3	0	0	8	0	0	8	0	0	0	0	0	
0	0	0	0	0	0	0	0	0	0	14	2	189	247	198	9	0	0	0	0	0	0	0	0	0	0	0	0	
0	0	0	0	0	0	0	0	0	27	0	0	85	247	152	0	0	0	0	0	0	0	0	0	0	0	0	0	
0	0	0	0	0	0	0	0	0	4	0	19	0	11	0	7	0	0	0	0	0	0	0	0	0	0	0	0	
0	0	0	0	0	0	0	0	15	0	2	0	10	0	0	0	0	0	0	0	0	0	0	0	0	0	0	0	
