0	0	0	0	0	0	0	0	0	0	1	2	2	0	0	0	3	0	1	2	0	0	0	3	0	0	0	0	
0	0	0	0	0	0	0	0	4	3	1	0	0	1	3	4	0	0	0	3	10	8	0	0	0	0	0	0	
0	0	0	0	0	0	0	0	0	0	0	1	0	0	0	0	11	11	6	0	0	0	3	5	0	0	0	0	
0	0	0	0	0	0	0	0	0	0	0	0	0	2	4	5	0	0	0	0	0	2	0	0	0	0	0	0	
0	0	0	0	0	0	0	0	11	7	0	0	0	0	0	0	11	4	0	0	3	9	4	0	0	0	0	0	
0	0	0	0	0	0	0	0	0	0	2	9	12	11	8	5	0	0	0	0	0	0	1	11	0	0	0	0	
0	0	0	0	0	0	0	0	9	5	0	0	0	0	0	0	4	0	0	7	5	0	0	2	0	0	0	0	
0	0	0	0	0	0	0	0	2	0	0	17	68	141	213	255	198	109	20	0	0	2	0	0	0	0	0	0	
0	0	0	0	0	0	0	0	9	0	91	202	247	254	251	254	246	255	171	0	14	0	15	0	0	0	0	0	
0	0	0	0	0	0	0	0	0	26	225	255	233	165	48	53	76	198	251	113	0	10	0	1	0	0	0	0	
0	0	0	0	0	0	0	0	0	225	242	114	31	0	14	0	67	248	246	126	0	10	0	0	0	0	0	0	
0	0	0	0	0	0	0	0	79	254	123	0	6	4	0	29	154	255	241	73	11	0	0	0	0	0	0	0	
0	0	0	0	0	0	0	0	159	241	37	0	2	3	62	187	255	255	255	25	0	8	0	0	0	0	0	0	
0	0	0	0	0	0	0	0	255	218	9	0	46	167	225	255	218	255	179	0	0	17	2	0	0	0	0	0	
0	0	0	0	0	0	0	0	151	231	88	181	255	250	255	121	81	248	73	6	10	0	0	9	0	0	0	0	
0	0	0	0	0	0	0	0	27	245	255	236	255	209	104	0	185	250	22	0	3	0	2	0	0	0	0	0	
0	0	0	0	0	0	0	0	14	48	196	182	75	6	10	45	255	185	0	0	4	1	0	6	0	0	0	0	
0	0	0	0	0	0	0	0	0	5	3	9	0	3	0	147	253	120	5	0	5	1	0	1	0	0	0	0	
0	0	0	0	0	0	0	0	5	18	0	0	0	17	15	201	214	42	10	0	7	0	0	0	0	0	0	0	
0	0	0	0	0	0	0	0	0	0	4	9	0	0	109	255	136	1	6	0	7	0	0	0	0	0	0	0	
0	0	0	0	0	0	0	0	13	0	0	0	8	0	159	234	47	3	0	2	5	0	0	5	0	0	0	0	
0	0	0	0	0	0	0	0	0	0	0	6	0	93	246	155	0	13	0	6	1	0	0	5	0	0	0	0	
0	0	0	0	0	0	0	0	6	7	12	0	0	164	235	23	0	8	0	6	0	0	1	0	0	0	0	0	
0	0	0	0	0	0	0	0	0	0	0	1	136	255	200	0	9	0	0	4	0	0	4	0	0	0	0	0	
0	0	0	0	0	0	0	0	1	1	3	1	207	248	128	0	0	0	0	0	0	0	0	0	0	0	0	0	
0	0	0	0	0	0	0	0	0	7	0	104	255	177	1	0	0	0	0	0	0	0	0	0	0	0	0	0	
0	0	0	0	0	0	0	0	0	13	19	93	249	79	0	4	0	0	0	0	0	0	0	0	0	0	0	0	
0	0	0	0	0	0	0	0	5	2	0	0	13	0	0	10	0	0	0	0	0	0	0	0	0	0	0	0	
