0	0	0	0	0	0	0	0	0	1	4	4	3	2	0	0	1	8	11	0	0	1	0	7	0	0	0	0	
0	0	0	0	0	0	0	0	2	1	0	0	0	0	3	5	0	0	0	7	9	5	0	0	0	0	0	0	
0	0	0	0	0	0	0	0	0	0	0	0	0	0	0	0	10	9	7	1	0	0	17	0	0	0	0	0	
0	0	0	0	0	0	0	0	9	7	6	7	4	0	0	0	0	0	0	0	0	0	9	0	0	0	0	0	
0	0	0	0	0	0	0	0	0	0	0	0	0	0	3	10	7	7	0	0	13	0	0	6	0	0	0	0	
0	0	0	0	0	0	0	0	8	4	5	11	9	0	0	0	0	7	13	0	0	3	0	11	0	0	0	0	
0	0	0	0	0	0	0	0	0	0	0	0	0	0	0	9	12	0	10	0	0	19	0	0	0	0	0	0	
0	0	0	0	0	0	0	0	7	0	2	31	75	126	183	226	230	19	0	7	0	9	0	6	0	0	0	0	
3	0	4	0	0	3	1	0	0	5	72	223	249	235	192	233	255	37	19	0	0	3	2	0	0	0	0	0	
1	3	0	0	0	2	5	0	57	220	238	211	165	22	1	11	174	18	0	0	12	0	0	6	0	0	0	0	
0	3	0	13	0	0	0	18	222	226	77	21	5	0	16	0	195	170	89	0	3	0	0	5	0	0	0	0	
0	2	0	10	0	1	3	138	255	105	0	0	0	9	0	13	198	249	179	1	2	6	10	0	0	0	0	0	
8	0	0	0	0	8	21	255	211	26	5	0	27	0	4	123	253	250	186	0	7	0	0	0	0	0	0	0	
4	0	7	0	2	6	7	241	255	144	117	84	57	63	152	248	211	233	193	0	3	0	0	11	0	0	0	0	
0	0	9	3	5	2	0	89	255	251	246	255	246	255	234	163	18	185	177	4	0	5	2	1	0	0	0	0	
8	0	0	0	0	4	6	0	44	163	230	172	170	84	26	0	25	249	182	9	0	6	0	0	0	0	0	0	
0	0	0	0	0	0	0	0	0	0	0	0	0	0	0	0	95	254	132	0	9	0	5	0	0	0	0	0	
0	0	0	0	0	0	0	0	0	0	0	0	0	0	0	0	64	255	134	5	0	9	1	0	0	0	0	0	
0	0	0	0	0	0	0	0	0	0	0	0	0	0	0	0	31	255	166	5	0	11	3	0	0	0	0	0	
0	0	0	0	0	0	0	0	0	0	0	0	0	0	0	0	18	252	198	0	0	0	7	2	0	0	0	0	
0	0	0	0	0	0	0	0	0	0	0	0	0	0	0	0	20	245	172	0	5	0	2	2	0	0	0	0	
0	0	0	0	0	0	0	0	0	0	0	0	0	0	0	0	22	244	109	0	0	12	0	0	0	0	0	0	
0	0	0	0	0	0	0	0	0	0	0	0	0	0	0	0	20	253	85	0	0	10	0	0	0	0	0	0	
0	0	0	0	0	0	0	0	0	0	0	0	0	0	0	0	17	255	104	1	0	0	3	4	0	0	0	0	
0	0	0	0	0	0	0	0	0	0	0	0	0	0	0	0	13	248	243	12	12	0	2	0	0	0	0	0	
0	0	0	0	0	0	0	0	0	0	0	0	0	0	0	0	25	255	248	15	0	2	3	1	0	0	0	0	
0	0	0	0	0	0	0	0	0	0	0	0	0	0	0	0	1	213	92	0	12	0	0	7	0	0	0	0	
0	0	0	0	0	0	0	0	0	0	0	0	0	0	0	0	11	6	0	8	0	14	3	0	0	0	0	0	
