0	0	0	0	0	0	0	0	8	0	0	7	9	2	0	1	0	6	8	0	0	5	0	4	0	0	0	0	
0	0	0	0	0	0	0	0	0	2	5	0	0	0	4	5	5	0	0	0	6	5	0	0	0	0	0	0	
0	0	0	0	0	0	0	0	7	0	0	4	11	8	0	0	6	2	6	6	0	0	8	11	0	0	0	0	
0	0	0	0	0	0	0	0	2	4	2	0	0	0	1	8	0	0	0	1	0	6	8	0	0	0	0	0	
0	0	0	0	0	0	0	0	0	3	5	0	0	14	8	0	6	11	0	1	0	0	6	2	0	0	0	0	
0	0	0	0	0	0	0	0	7	0	0	10	10	0	0	5	0	0	0	6	20	0	1	8	0	0	0	0	
0	0	0	0	0	0	0	0	9	0	0	2	0	0	71	156	255	194	39	0	4	0	0	0	0	0	0	0	
0	0	0	0	0	0	0	0	0	4	2	13	84	188	250	255	249	254	113	5	0	0	8	0	0	0	0	0	
0	0	0	0	0	0	0	0	2	0	32	177	242	254	212	192	108	216	104	6	90	20	0	0	0	0	0	0	
0	0	0	0	0	0	0	0	0	57	226	255	233	135	9	6	0	49	30	16	218	59	14	0	0	0	0	0	
0	0	0	0	0	0	0	0	14	195	251	182	38	4	0	0	0	11	0	152	248	63	5	0	0	0	0	0	
0	0	0	0	0	0	0	0	69	246	181	7	1	1	3	20	1	0	62	238	191	3	8	0	0	0	0	0	
0	0	0	0	0	0	0	0	203	241	1	8	0	5	0	0	0	22	204	230	94	9	0	9	0	0	0	0	
0	0	0	0	0	0	0	0	242	121	5	0	0	19	0	30	103	239	246	156	33	0	14	0	0	0	0	0	
0	0	0	0	0	0	0	0	209	217	61	20	72	101	111	228	247	251	250	1	0	1	0	7	0	0	0	0	
0	0	0	0	0	0	0	0	236	245	254	253	255	236	255	250	255	247	109	12	0	2	14	0	0	0	0	0	
0	0	0	0	0	0	0	0	62	243	255	249	248	224	177	172	254	191	9	0	0	0	0	5	0	0	0	0	
0	0	0	0	0	0	0	0	0	13	39	81	35	2	0	162	227	97	0	0	11	1	0	1	0	0	0	0	
0	0	0	0	0	0	0	0	7	0	4	7	0	0	32	224	153	3	0	0	10	0	0	0	0	0	0	0	
0	0	0	0	0	0	0	0	2	5	0	0	18	0	136	250	57	0	16	0	0	0	5	0	0	0	0	0	
0	0	0	0	0	0	0	0	0	5	2	0	10	56	235	205	0	0	12	0	0	0	5	0	0	0	0	0	
0	0	0	0	0	0	0	0	0	0	16	0	5	199	255	71	0	12	0	6	4	0	0	1	0	0	0	0	
0	0	0	0	0	0	0	0	11	0	0	16	118	255	172	0	1	7	0	6	2	0	0	0	0	0	0	0	
0	0	0	0	0	0	0	0	0	14	0	20	220	239	82	0	0	0	5	0	0	0	8	0	0	0	0	0	
0	0	0	0	0	0	0	0	0	13	0	118	255	205	0	6	0	0	0	0	0	0	0	0	0	0	0	0	
0	0	0	0	0	0	0	0	12	0	9	59	229	30	9	0	0	0	0	0	0	0	0	0	0	0	0	0	
0	0	0	0	0	0	0	0	0	0	9	0	8	0	2	0	0	0	0	0	0	0	0	0	0	0	0	0	
0	0	0	0	0	0	0	0	6	0	10	0	0	9	0	2	0	0	0	0	0	0	0	0	0	0	0	0	
