0	0	0	0	0	0	0	0	1	0	0	6	0	1	7	0	1	4	0	9	0	0	0	3	0	0	0	0	
0	0	0	0	0	0	0	0	7	0	0	2	0	0	4	8	0	0	0	6	1	2	0	0	0	0	0	0	
0	0	0	0	0	0	0	0	0	1	2	3	5	0	0	0	13	4	3	0	0	3	8	0	0	0	0	0	
0	0	0	0	0	0	0	0	5	7	0	0	10	13	1	2	0	0	0	6	0	1	1	0	0	0	0	0	
0	0	0	0	0	0	0	0	5	3	0	0	8	0	0	8	23	10	0	11	0	2	0	8	0	0	0	0	
0	0	0	0	0	0	0	0	0	0	8	6	0	0	62	147	223	141	14	0	1	7	0	12	0	0	0	0	
0	0	0	0	0	0	0	0	1	7	2	0	18	114	214	255	255	253	130	0	0	2	0	4	0	0	0	0	
0	0	0	0	0	0	0	0	0	6	0	0	100	236	224	97	72	241	250	31	5	0	9	0	0	0	0	0	
0	0	0	0	0	0	0	0	4	0	0	144	255	220	30	0	1	198	255	12	2	0	0	5	0	0	0	0	
0	0	0	0	0	0	0	0	0	9	108	227	208	23	9	2	0	85	129	6	0	5	16	0	0	0	0	0	
0	0	0	0	0	0	0	0	0	0	172	255	141	12	0	0	0	0	40	0	20	0	0	11	0	0	0	0	
0	0	0	0	0	0	0	0	4	126	255	180	9	0	0	4	17	72	255	111	0	19	0	0	0	0	0	0	
0	0	0	0	0	0	0	0	30	238	219	42	0	0	17	5	21	237	245	131	0	3	3	0	0	0	0	0	
0	0	0	0	0	0	0	0	187	255	106	0	15	0	0	57	243	253	247	79	6	0	0	4	0	0	0	0	
0	0	0	0	0	0	0	0	225	242	88	0	0	20	74	255	236	255	218	6	22	0	4	11	0	0	0	0	
0	0	0	0	0	0	0	0	212	252	110	0	55	114	255	241	255	250	100	0	0	6	15	0	0	0	0	0	
0	0	0	0	0	0	0	0	124	245	255	216	255	255	239	110	213	255	71	2	0	2	0	3	0	0	0	0	
0	0	0	0	0	0	0	0	3	128	242	255	224	127	45	44	252	193	35	3	0	0	0	0	0	0	0	0	
0	0	0	0	0	0	0	0	0	3	49	60	19	0	0	187	252	79	0	0	0	7	13	1	0	0	0	0	
0	0	0	0	0	0	0	0	11	0	0	2	0	12	48	253	220	19	0	2	0	3	1	0	0	0	0	0	
0	0	0	0	0	0	0	0	0	0	9	0	0	6	112	252	124	0	10	0	0	3	0	0	0	0	0	0	
0	0	0	0	0	0	0	0	0	4	12	0	8	27	212	255	25	0	11	0	0	6	3	10	0	0	0	0	
0	0	0	0	0	0	0	0	4	2	0	0	5	46	254	244	7	7	7	0	0	0	0	0	0	0	0	0	
0	0	0	0	0	0	0	0	4	0	0	5	2	60	252	184	4	8	0	0	5	0	10	0	0	0	0	0	
0	0	0	0	0	0	0	0	1	0	5	0	0	156	237	83	0	0	0	0	0	0	0	0	0	0	0	0	
0	0	0	0	0	0	0	0	0	5	0	5	0	0	16	0	0	0	0	0	0	0	0	0	0	0	0	0	
0	0	0	0	0	0	0	0	0	10	0	0	12	0	0	4	0	0	0	0	0	0	0	0	0	0	0	0	
0	0	0	0	0	0	0	0	11	0	0	0	0	11	20	2	0	0	0	0	0	0	0	0	0	0	0	0	
