0	0	0	0	0	0	0	0	0	3	4	2	6	3	0	2	10	0	0	3	0	0	1	5	0	0	0	0	
0	0	0	0	0	0	0	0	15	3	0	0	0	0	0	5	0	8	0	3	6	0	0	0	0	0	0	0	
0	0	0	0	0	0	0	0	0	0	0	5	8	6	2	0	0	14	0	0	9	0	3	1	0	0	0	0	
0	0	0	0	0	0	0	0	0	8	16	3	0	0	9	6	1	2	0	0	0	0	2	6	0	0	0	0	
0	0	0	0	0	0	0	0	0	0	0	0	0	3	3	0	15	0	6	7	0	1	0	2	0	0	0	0	
0	0	0	0	0	0	0	0	7	3	0	7	15	0	0	7	0	0	0	5	0	2	0	0	0	0	0	0	
0	0	0	0	0	0	0	0	0	9	0	0	6	2	0	8	0	37	0	0	7	0	8	0	0	0	0	0	
0	0	0	0	0	0	0	0	2	12	0	35	195	254	139	18	28	119	15	0	19	0	12	0	0	0	0	0	
0	0	0	0	0	0	0	0	0	15	36	211	255	223	249	234	241	245	93	0	9	0	0	2	0	0	0	0	
0	0	0	0	0	0	0	0	15	18	220	254	226	48	176	245	254	255	90	1	3	0	2	0	0	0	0	0	
0	0	0	0	0	0	0	0	5	141	255	228	19	0	11	228	255	251	66	5	0	0	5	0	0	0	0	0	
0	0	0	0	0	0	0	0	0	231	245	7	17	19	188	247	252	214	22	4	0	0	5	0	0	0	0	0	
0	0	0	0	0	0	0	0	55	255	241	44	67	211	250	250	246	166	0	2	7	0	1	0	0	0	0	0	
0	0	0	0	0	0	0	0	0	203	238	242	245	255	163	196	249	135	0	1	12	0	0	1	0	0	0	0	
0	0	0	0	0	0	0	0	4	85	243	255	254	137	14	164	253	123	0	0	8	1	0	2	0	0	0	0	
0	0	0	0	0	0	0	0	0	0	68	167	31	12	32	233	251	120	15	0	0	2	1	3	0	0	0	0	
0	0	0	0	0	0	0	0	1	0	7	0	2	4	23	217	255	121	1	4	0	3	0	4	0	0	0	0	
0	0	0	0	0	0	0	0	3	0	5	0	2	0	2	186	252	124	0	0	0	1	1	3	0	0	0	0	
0	0	0	0	0	0	0	0	3	0	2	0	4	0	0	169	253	129	0	0	3	0	2	0	0	0	0	0	
0	0	0	0	0	0	0	0	2	0	1	0	5	0	6	194	255	124	0	0	7	0	2	0	0	0	0	0	
0	0	0	0	0	0	0	0	3	0	2	0	1	2	30	236	252	96	0	0	7	0	1	0	0	0	0	0	
0	0	0	0	0	0	0	0	3	0	3	0	0	0	40	255	244	51	0	0	2	0	0	4	0	0	0	0	
0	0	0	0	0	0	0	0	1	0	5	0	0	0	37	255	248	16	0	4	0	1	0	6	0	0	0	0	
0	0	0	0	0	0	0	0	0	0	6	3	2	0	33	250	255	1	1	12	0	3	0	6	0	0	0	0	
0	0	0	0	0	0	0	0	4	0	3	0	0	1	30	255	255	155	78	0	21	0	0	10	0	0	0	0	
0	0	0	0	0	0	0	0	0	1	3	0	3	4	7	157	236	249	198	18	0	0	8	0	0	0	0	0	
0	0	0	0	0	0	0	0	0	5	0	0	5	6	0	48	255	181	80	0	1	11	5	0	0	0	0	0	
0	0	0	0	0	0	0	0	0	7	0	0	2	3	0	0	0	0	2	0	0	0	0	6	0	0	0	0	
