0	0	0	0	0	0	0	0	0	2	7	7	0	0	0	8	7	0	0	0	14	0	3	4	0	0	0	0	
0	0	0	0	0	0	0	0	0	0	0	0	1	13	8	0	0	6	16	5	1	0	0	0	0	0	0	0	
0	0	0	0	0	0	0	0	12	3	0	2	0	0	0	4	1	0	0	0	0	7	4	0	0	0	0	0	
0	0	0	0	0	0	0	0	0	0	0	12	15	6	0	0	1	1	1	8	0	0	0	7	0	0	0	0	
0	0	0	0	0	0	0	0	0	9	8	0	0	0	1	0	3	0	0	4	11	9	5	1	0	0	0	0	
0	0	0	0	0	0	0	0	13	0	0	7	15	2	0	3	1	0	6	0	0	0	4	0	0	0	0	0	
0	0	0	0	0	0	0	0	0	0	6	0	0	13	122	233	250	246	255	195	126	7	0	7	0	0	0	0	
0	0	0	0	0	0	0	0	0	8	0	0	80	203	255	252	250	203	246	254	240	70	9	0	0	0	0	0	
0	0	0	0	0	0	0	0	0	8	8	145	234	255	158	90	28	3	32	96	150	33	14	0	0	0	0	0	
0	0	0	0	0	0	0	0	8	0	155	240	255	117	0	5	0	0	0	0	13	1	0	0	0	0	0	0	
0	0	0	0	0	0	0	0	0	45	255	248	101	21	0	0	0	22	0	0	3	0	8	1	0	0	0	0	
0	0	0	0	0	0	0	0	8	136	255	226	17	0	1	6	12	81	186	0	4	0	0	0	0	0	0	0	
0	0	0	0	0	0	0	0	63	255	255	51	0	0	0	7	137	255	249	81	0	19	4	6	0	0	0	0	
0	0	0	0	0	0	0	0	84	250	244	25	3	16	27	121	255	243	226	7	0	3	0	1	0	0	0	0	
0	0	0	0	0	0	0	0	67	251	255	103	56	148	208	255	247	255	125	1	0	0	20	3	0	0	0	0	
0	0	0	0	0	0	0	0	22	219	248	254	255	242	255	255	246	198	0	1	4	2	0	0	0	0	0	0	
0	0	0	0	0	0	0	0	0	34	153	242	180	146	177	252	250	66	2	4	0	4	0	6	0	0	0	0	
0	0	0	0	0	0	0	0	0	6	0	3	8	36	212	243	133	19	0	0	0	5	0	0	0	0	0	0	
0	0	0	0	0	0	0	0	0	1	0	1	11	157	255	202	22	0	2	0	0	9	0	0	0	0	0	0	
0	0	0	0	0	0	0	0	10	0	2	0	44	242	252	126	0	0	11	0	0	7	0	5	0	0	0	0	
0	0	0	0	0	0	0	0	0	4	9	2	188	253	197	19	0	3	5	0	0	0	0	4	0	0	0	0	
0	0	0	0	0	0	0	0	0	11	0	17	242	232	71	0	1	1	0	0	4	1	0	2	0	0	0	0	
0	0	0	0	0	0	0	0	0	0	0	140	244	176	0	0	1	0	0	1	5	3	4	0	0	0	0	0	
0	0	0	0	0	0	0	0	4	0	14	243	236	56	12	0	0	0	0	0	0	0	7	0	0	0	0	0	
0	0	0	0	0	0	0	0	4	0	42	243	177	0	0	8	0	0	0	0	0	0	0	0	0	0	0	0	
0	0	0	0	0	0	0	0	3	13	84	254	38	6	6	0	0	0	0	0	0	0	0	0	0	0	0	0	
0	0	0	0	0	0	0	0	0	0	13	0	8	0	0	0	0	0	0	0	0	0	0	0	0	0	0	0	
0	0	0	0	0	0	0	0	10	0	3	0	0	11	1	4	0	0	0	0	0	0	0	0	0	0	0	0	
