0	0	0	0	0	0	0	0	0	0	4	5	1	0	1	8	0	6	0	6	5	0	0	12	0	0	0	0	
0	0	0	0	0	0	0	0	5	0	0	0	4	0	0	0	0	0	0	0	2	10	6	0	0	0	0	0	
0	0	0	0	0	0	0	0	0	8	7	0	0	10	9	0	13	2	9	4	0	0	0	3	0	0	0	0	
0	0	0	0	0	0	0	0	0	3	1	0	0	1	2	0	0	0	0	1	1	13	1	0	0	0	0	0	
0	0	0	0	0	0	0	0	15	0	0	7	12	0	0	4	2	15	20	0	0	2	9	3	0	0	0	0	
0	0	0	0	0	0	0	0	0	4	15	5	0	3	3	0	0	0	0	3	16	0	0	3	0	0	0	0	
0	0	0	0	0	0	0	0	0	8	0	0	30	148	238	255	249	159	0	0	16	0	1	5	0	0	0	0	
0	0	0	0	0	0	0	0	5	0	10	103	210	255	255	234	248	245	82	0	2	0	14	0	0	0	0	0	
0	0	0	0	0	0	0	0	6	0	74	255	241	246	130	23	121	255	133	8	3	0	12	4	0	0	0	0	
0	0	0	0	0	0	0	0	0	44	255	234	245	47	0	10	7	204	146	3	96	239	95	0	0	0	0	0	
0	0	0	0	0	0	0	0	11	109	249	239	82	6	0	0	0	155	158	84	243	248	151	2	0	0	0	0	
0	0	0	0	0	0	0	0	18	248	249	207	5	10	6	0	1	124	157	149	250	244	71	3	0	0	0	0	
0	0	0	0	0	0	0	0	22	248	255	179	0	0	8	0	0	177	251	255	236	127	0	0	0	0	0	0	
0	0	0	0	0	0	0	0	21	184	255	254	181	170	128	182	232	251	250	246	133	0	16	5	0	0	0	0	
0	0	0	0	0	0	0	0	0	28	212	255	253	243	255	245	255	237	255	174	0	9	0	0	0	0	0	0	
0	0	0	0	0	0	0	0	0	11	11	37	115	165	167	148	253	255	203	29	0	0	0	0	0	0	0	0	
0	0	0	0	0	0	0	0	0	0	3	0	9	0	4	162	254	243	71	0	10	0	0	4	0	0	0	0	
0	0	0	0	0	0	0	0	3	7	4	8	0	0	121	254	255	126	14	0	0	0	7	0	0	0	0	0	
0	0	0	0	0	0	0	0	1	0	6	0	10	56	235	255	166	8	0	12	0	3	0	1	0	0	0	0	
0	0	0	0	0	0	0	0	6	4	0	0	35	206	255	197	32	0	4	6	4	7	0	9	0	0	0	0	
0	0	0	0	0	0	0	0	3	0	0	0	126	252	242	95	0	9	0	0	2	6	0	0	0	0	0	0	
0	0	0	0	0	0	0	0	0	0	0	72	239	241	166	5	0	6	0	1	0	0	10	0	0	0	0	0	
0	0	0	0	0	0	0	0	0	19	18	226	255	234	55	0	0	0	0	15	3	0	9	1	0	0	0	0	
0	0	0	0	0	0	0	0	0	0	119	240	246	132	0	9	4	8	0	0	8	5	0	0	0	0	0	0	
0	0	0	0	0	0	0	0	7	67	255	255	201	0	3	0	0	0	0	0	0	0	0	0	0	0	0	0	
0	0	0	0	0	0	0	0	8	140	203	219	30	14	0	11	0	0	0	0	0	0	0	0	0	0	0	0	
0	0	0	0	0	0	0	0	0	0	3	4	0	14	12	0	0	0	0	0	0	0	0	0	0	0	0	0	
0	0	0	0	0	0	0	0	10	0	6	11	0	0	1	13	0	0	0	0	0	0	0	0	0	0	0	0	
