0	0	0	0	0	0	0	0	0	3	1	0	0	1	4	1	0	0	0	1	0	0	0	5	0	0	0	0	
0	0	0	0	0	0	0	0	0	0	0	0	6	11	3	0	3	2	2	4	4	0	0	0	0	0	0	0	
0	0	0	0	0	0	0	0	1	4	4	0	0	0	0	1	0	0	0	0	0	3	1	0	0	0	0	0	
0	0	0	0	0	0	0	0	0	0	0	0	0	0	2	6	0	1	0	0	0	2	5	2	0	0	0	0	
0	0	0	0	0	0	0	0	2	0	0	3	7	4	0	0	2	5	5	0	0	0	0	0	0	0	0	0	
0	0	0	0	0	0	0	0	0	0	1	2	0	0	2	12	0	0	0	4	5	0	0	0	0	0	0	0	
0	0	0	0	0	0	0	0	8	4	3	4	1	0	0	0	19	0	0	0	5	0	0	0	0	0	0	0	
0	0	0	0	0	0	0	0	0	0	26	116	215	255	255	235	69	27	0	0	3	0	0	3	0	0	0	0	
0	0	0	0	0	0	5	0	5	70	223	254	255	255	246	255	255	171	41	4	0	5	5	0	0	0	0	0	
6	13	7	6	0	3	0	25	127	255	255	156	81	67	139	243	255	255	237	0	3	4	0	0	0	0	0	0	
0	0	0	2	0	9	0	144	255	238	81	0	0	12	9	43	219	242	255	88	6	5	0	14	0	0	0	0	
9	0	0	1	0	0	81	252	251	96	21	4	0	12	0	4	18	213	246	182	0	3	4	0	0	0	0	0	
9	0	4	0	1	21	197	255	150	0	0	5	0	0	0	3	0	248	255	149	5	0	4	0	0	0	0	0	
0	0	1	0	8	51	255	221	30	3	5	3	4	0	12	0	136	247	246	125	14	0	0	10	0	0	0	0	
0	13	3	0	3	46	255	178	0	0	0	0	11	1	2	0	182	244	255	113	0	9	2	0	0	0	0	0	
0	5	0	4	5	42	249	221	27	0	9	16	0	0	2	92	239	255	226	15	0	0	5	0	0	0	0	0	
0	0	3	0	0	43	162	255	239	155	68	21	3	33	143	255	242	255	255	0	15	0	0	4	0	0	0	0	
12	0	0	8	0	0	54	136	237	251	250	237	242	242	196	136	124	242	219	0	0	0	17	0	0	0	0	0	
1	0	0	2	0	0	0	10	14	61	80	42	0	0	3	12	168	255	196	17	0	1	4	0	0	0	0	0	
0	3	3	0	0	9	2	0	0	0	0	7	12	1	0	0	228	242	180	0	2	3	0	10	0	0	0	0	
6	0	0	5	6	0	0	4	3	6	3	0	0	1	5	3	219	245	160	0	0	5	0	4	0	0	0	0	
0	0	1	0	0	0	0	3	5	4	0	0	0	4	0	0	229	255	98	7	0	0	2	0	0	0	0	0	
0	5	7	0	0	6	8	0	0	0	0	9	7	0	0	7	223	242	68	0	3	0	8	5	0	0	0	0	
7	0	0	4	6	0	0	7	2	0	0	0	0	0	0	0	216	255	153	0	4	1	8	0	0	0	0	0	
0	0	0	0	0	0	0	0	0	0	0	0	0	0	0	0	223	251	168	0	0	0	7	0	0	0	0	0	
0	0	0	0	0	0	0	0	0	0	0	0	0	0	0	0	150	255	180	2	22	0	0	18	0	0	0	0	
0	0	0	0	0	0	0	0	0	0	0	0	0	0	0	0	39	253	231	4	0	0	0	0	0	0	0	0	
0	0	0	0	0	0	0	0	0	0	0	0	0	0	0	0	9	0	0	0	18	2	0	0	0	0	0	0	
