0	0	0	0	0	0	0	0	0	0	0	0	1	0	0	6	6	1	1	5	4	0	0	0	0	0	0	0	
0	0	0	0	0	0	0	0	0	6	15	6	0	4	6	3	0	0	0	0	0	0	1	10	0	0	0	0	
0	0	0	0	0	0	0	0	14	0	0	0	0	0	0	0	0	4	7	4	0	0	0	0	0	0	0	0	
0	0	0	0	0	0	0	0	0	0	7	14	3	2	8	3	0	0	0	0	0	7	3	0	0	0	0	0	
0	0	0	0	0	0	0	0	2	8	1	0	0	5	9	0	6	6	3	0	0	3	4	3	0	0	0	0	
0	0	0	0	0	0	0	0	0	3	1	2	5	0	0	9	0	0	1	5	2	0	0	2	0	0	0	0	
0	0	0	0	0	0	0	0	0	13	50	142	251	255	214	194	57	21	0	0	0	0	0	2	0	0	0	0	
0	0	0	0	0	0	0	0	13	181	255	247	248	255	249	255	255	156	45	0	0	3	0	0	0	0	0	0	
3	0	0	0	13	1	0	22	220	253	249	255	255	243	255	234	246	252	249	141	0	6	6	0	0	0	0	0	
0	3	5	0	0	0	5	127	253	247	249	225	98	24	21	221	255	255	248	241	103	0	7	2	0	0	0	0	
0	1	0	0	2	1	4	192	255	255	202	5	3	3	6	144	255	255	253	252	139	0	0	4	0	0	0	0	
2	0	0	0	2	2	0	222	241	255	74	9	1	4	0	166	253	246	254	129	53	4	0	0	0	0	0	0	
0	1	3	0	0	0	4	233	249	255	51	0	0	0	8	159	255	245	223	18	0	11	0	0	0	0	0	0	
1	0	2	1	0	7	1	149	255	239	94	22	0	0	0	158	255	249	163	0	0	0	2	0	0	0	0	0	
3	0	3	1	5	13	0	35	246	251	246	60	15	0	109	252	253	253	124	2	14	0	2	0	0	0	0	0	
0	0	15	0	0	0	0	1	188	251	255	253	194	244	240	251	254	255	122	0	6	2	3	0	0	0	0	0	
0	0	0	0	0	0	0	0	22	187	255	247	245	254	250	255	255	243	138	0	0	3	0	0	0	0	0	0	
0	0	0	0	0	0	0	0	8	21	165	252	250	255	241	213	253	255	157	18	4	4	4	11	0	0	0	0	
0	0	0	0	0	0	0	0	0	0	0	0	94	68	3	166	250	252	143	0	0	0	2	0	0	0	0	0	
0	0	0	0	0	0	0	0	6	0	14	5	3	0	0	90	255	253	183	0	0	5	8	0	0	0	0	0	
0	0	0	0	0	0	0	0	3	0	6	0	0	1	22	55	242	251	255	44	5	0	6	1	0	0	0	0	
0	0	0	0	0	0	0	0	0	0	0	4	5	0	5	17	246	243	255	81	0	0	0	0	0	0	0	0	
0	0	0	0	0	0	0	0	2	2	1	0	3	0	0	85	255	255	245	161	21	0	7	0	0	0	0	0	
0	0	0	0	0	0	0	0	0	0	16	0	3	2	0	120	238	255	249	255	54	0	3	0	0	0	0	0	
0	0	0	0	0	0	0	0	0	0	5	5	0	0	12	31	246	252	255	238	7	0	0	2	0	0	0	0	
0	0	0	0	0	0	0	0	0	0	1	2	0	0	1	10	93	200	140	37	0	22	0	0	0	0	0	0	
0	0	0	0	0	0	0	0	2	0	0	1	2	0	0	0	0	25	0	0	17	6	0	21	0	0	0	0	
0	0	0	0	0	0	0	0	1	0	0	1	5	4	0	0	0	0	0	10	8	0	1	0	0	0	0	0	
