0	0	0	0	0	0	0	0	0	0	2	6	0	1	4	0	0	0	0	0	0	0	0	0	0	0	0	0	
0	0	0	0	0	0	0	0	8	4	1	0	0	0	0	0	0	0	0	0	0	0	0	0	0	0	0	0	
0	0	0	0	0	0	0	0	0	0	0	0	8	5	0	0	0	0	0	0	0	0	0	0	0	0	0	0	
0	0	0	0	0	0	0	0	6	9	0	0	0	0	0	2	0	0	0	0	0	0	0	0	0	0	0	0	
0	0	0	0	0	0	0	0	0	2	6	7	7	2	0	3	0	0	0	0	0	0	0	0	0	0	0	0	
0	0	0	0	0	0	0	0	7	0	1	0	0	0	2	0	0	0	0	0	0	0	0	0	0	0	0	0	
0	0	0	0	0	0	0	0	2	0	0	14	0	7	16	0	0	0	0	0	0	0	0	0	0	0	0	0	
0	0	0	0	0	0	0	0	0	26	142	243	255	241	193	110	0	0	0	0	0	0	0	0	0	0	0	0	
0	0	0	0	0	0	0	0	7	132	255	193	165	161	198	255	150	0	2	12	0	0	2	0	0	0	0	0	
0	0	0	0	0	0	0	0	7	245	206	9	8	0	0	103	204	79	0	8	0	0	0	5	0	0	0	0	
0	0	0	0	0	0	0	0	31	249	152	0	0	0	13	87	243	188	0	0	0	7	1	1	0	0	0	0	
0	0	0	0	0	0	0	0	5	255	175	0	13	0	0	135	248	251	37	8	0	9	3	0	0	0	0	0	
0	0	0	0	0	0	0	0	27	243	224	5	1	6	10	72	255	254	66	16	0	0	0	5	0	0	0	0	
0	0	0	0	0	0	0	0	0	176	235	30	0	16	53	135	248	217	32	0	4	3	0	3	0	0	0	0	
0	0	0	0	0	0	0	0	12	54	235	254	219	248	254	209	165	210	29	0	6	15	0	0	0	0	0	0	
0	0	0	0	0	0	0	0	0	0	84	127	120	110	40	0	63	249	93	11	0	1	0	1	0	0	0	0	
0	0	0	0	0	0	0	0	0	8	0	0	8	0	0	3	51	252	182	0	6	2	4	0	0	0	0	0	
0	0	0	0	0	0	0	0	0	6	0	0	4	0	0	3	78	242	125	0	2	0	0	0	0	0	0	0	
0	0	0	0	0	0	0	0	1	1	0	0	0	2	2	2	158	255	79	4	12	1	1	3	0	0	0	0	
0	0	0	0	0	0	0	0	3	0	3	0	0	3	1	5	212	255	29	2	1	0	0	0	0	0	0	0	
0	0	0	0	0	0	0	0	1	0	6	0	0	1	0	22	234	214	1	0	0	0	6	0	0	0	0	0	
0	0	0	0	0	0	0	0	0	0	7	0	2	0	0	56	255	164	7	3	0	7	11	3	0	0	0	0	
0	0	0	0	0	0	0	0	0	0	6	0	5	0	0	99	255	93	6	0	0	0	0	0	0	0	0	0	
0	0	0	0	0	0	0	0	0	1	5	0	8	0	4	129	255	41	5	0	2	2	0	2	0	0	0	0	
0	0	0	0	0	0	0	0	3	1	0	0	3	0	0	133	245	88	0	1	7	0	0	0	0	0	0	0	
0	0	0	0	0	0	0	0	0	2	4	3	0	0	10	135	255	125	8	0	0	0	2	0	0	0	0	0	
0	0	0	0	0	0	0	0	0	0	4	3	0	0	8	91	189	76	0	0	1	3	5	0	0	0	0	0	
0	0	0	0	0	0	0	0	5	0	0	2	1	4	0	20	33	0	0	1	2	0	2	1	0	0	0	0	
