0	0	0	0	0	0	0	0	0	0	0	0	0	0	0	0	0	3	7	1	0	0	2	5	0	0	1	0	
0	0	0	0	0	0	0	0	0	0	0	0	0	0	0	0	6	0	0	1	4	0	0	0	3	5	5	0	
0	0	0	0	0	0	0	0	0	0	0	0	0	0	0	0	2	0	0	3	8	2	0	1	0	0	2	3	
0	0	0	0	0	0	0	0	0	0	0	0	0	0	0	0	0	1	4	2	0	0	0	0	0	3	0	0	
0	0	0	0	0	0	0	0	0	0	0	0	0	0	0	0	0	1	2	0	0	6	10	6	6	11	2	0	
0	0	0	0	0	0	0	0	0	0	0	0	0	0	0	0	10	9	2	0	0	5	1	0	0	0	3	3	
0	0	0	0	0	0	0	0	0	0	0	0	0	0	0	0	0	0	0	6	5	0	0	11	23	0	0	15	
0	0	0	0	0	0	0	0	0	0	0	0	0	0	0	0	17	37	88	143	160	164	205	255	114	17	0	11	
4	0	3	3	0	3	5	0	9	0	11	7	0	0	54	191	234	235	247	246	255	231	255	249	242	7	0	0	
0	0	0	6	2	0	0	10	0	21	0	0	2	158	243	249	253	238	255	255	247	255	245	255	162	0	1	0	
0	9	0	0	4	7	0	0	0	0	67	145	179	249	255	255	251	255	243	243	255	255	245	233	61	0	8	0	
0	12	3	0	0	0	0	23	57	159	240	255	255	220	209	78	89	125	251	255	253	232	220	153	1	0	5	0	
0	0	0	13	0	0	52	160	247	246	255	162	126	48	5	3	21	31	255	232	251	215	3	0	0	0	0	0	
7	0	0	3	0	61	181	255	252	189	34	0	6	0	0	2	44	186	242	255	179	28	0	8	4	5	0	0	
9	0	6	0	2	154	255	229	41	10	0	0	8	60	55	145	255	237	255	181	20	0	8	1	4	2	0	0	
1	0	13	0	5	164	254	156	29	22	73	119	191	255	253	247	255	251	204	11	0	17	0	0	0	0	5	0	
0	0	2	0	14	149	255	251	252	246	252	255	250	179	157	252	255	150	28	0	0	5	2	1	0	0	0	0	
15	0	10	9	0	4	105	176	197	146	84	7	19	34	212	255	150	58	0	0	9	0	0	8	0	0	0	0	
5	0	0	13	6	0	3	8	0	0	9	13	54	251	247	190	22	2	0	0	5	1	0	1	0	0	0	0	
0	6	2	0	0	10	2	0	8	0	10	16	227	255	225	38	0	0	6	0	0	7	6	0	0	0	0	0	
4	9	0	0	0	0	0	20	0	0	10	193	243	206	64	0	6	0	0	5	3	0	0	2	0	0	0	0	
0	0	0	5	15	5	0	0	2	12	216	243	209	42	0	0	3	1	0	0	0	2	1	0	0	0	0	0	
0	5	10	0	0	0	5	2	2	161	231	208	53	0	8	0	0	7	7	0	0	11	10	0	0	0	0	0	
6	0	0	1	2	5	5	0	133	253	252	56	0	0	6	0	2	0	0	4	1	0	0	2	0	0	0	0	
0	1	0	8	12	0	6	83	255	255	81	10	0	0	9	0	0	0	0	0	0	0	0	0	0	0	0	0	
0	6	0	0	0	3	85	203	255	193	21	0	1	0	2	0	0	0	0	0	0	0	0	0	0	0	0	0	
0	1	1	3	6	0	24	81	143	82	0	0	1	0	0	8	0	0	0	0	0	0	0	0	0	0	0	0	
3	2	0	0	12	1	0	0	9	1	3	5	0	1	0	3	0	0	0	0	0	0	0	0	0	0	0	0	
