0	0	0	0	0	0	0	0	0	0	0	0	0	2	0	0	3	0	0	10	0	0	8	0	0	0	0	0	
0	0	0	0	0	0	0	0	5	3	1	0	0	1	3	3	0	0	0	0	0	11	0	6	0	0	0	0	
0	0	0	0	0	0	0	0	1	1	2	2	0	0	0	0	0	15	0	0	0	15	0	0	0	0	0	0	
0	0	0	0	0	0	0	0	0	0	3	6	4	0	0	0	0	7	0	1	1	0	6	0	0	0	0	0	
0	0	0	0	0	0	0	0	4	1	2	5	3	0	0	3	14	0	4	8	0	0	9	4	0	0	0	0	
0	0	0	0	0	0	0	0	8	0	0	0	0	0	0	6	0	0	13	8	0	9	0	1	0	0	0	0	
0	0	0	0	0	0	0	0	4	0	0	6	12	6	0	0	0	27	0	0	0	14	0	2	0	0	0	0	
0	0	0	0	0	0	0	0	0	0	7	29	38	24	4	0	124	207	5	13	0	0	7	1	0	0	0	0	
0	4	0	0	1	1	0	2	0	45	194	250	255	255	141	0	139	255	0	3	0	9	0	4	0	0	0	0	
0	4	1	0	2	0	0	0	10	181	247	74	92	108	255	168	194	254	6	7	0	0	0	0	0	0	0	0	
0	3	1	0	3	0	0	3	123	227	87	0	0	11	54	248	250	251	28	14	0	0	5	0	0	0	0	0	
0	3	0	0	3	0	1	14	228	121	0	1	1	13	0	133	255	248	61	9	0	0	3	0	0	0	0	0	
1	3	0	0	2	1	8	26	252	77	3	0	3	1	21	37	255	253	103	0	2	1	0	0	0	0	0	0	
1	2	0	0	2	1	9	31	255	43	0	2	0	2	0	30	252	249	145	0	3	1	0	4	0	0	0	0	
0	1	0	0	3	0	5	26	255	11	18	0	0	22	7	73	226	206	163	0	2	0	4	3	0	0	0	0	
0	0	0	2	4	0	0	20	237	123	0	0	4	0	0	171	188	148	155	3	0	0	9	0	0	0	0	0	
0	0	0	0	0	0	0	0	128	232	30	9	0	0	62	231	48	141	243	3	0	8	0	0	0	0	0	0	
0	0	0	0	0	0	0	0	14	228	222	41	3	10	178	236	16	81	238	0	0	6	0	6	0	0	0	0	
0	0	0	0	0	0	0	0	2	43	217	251	178	178	251	86	2	64	238	12	0	0	0	4	0	0	0	0	
0	0	0	0	0	0	0	0	5	1	18	109	191	212	102	0	0	79	243	63	1	0	8	0	0	0	0	0	
0	0	0	0	0	0	0	0	0	0	18	0	0	0	4	12	0	48	255	85	2	0	9	0	0	0	0	0	
0	0	0	0	0	0	0	0	15	0	7	5	12	0	0	0	0	0	254	97	8	3	0	2	0	0	0	0	
0	0	0	0	0	0	0	0	0	10	1	0	0	14	0	13	5	0	191	141	9	2	0	0	0	0	0	0	
0	0	0	0	0	0	0	0	6	0	0	1	12	4	0	0	0	10	102	192	3	0	4	0	0	0	0	0	
0	0	0	0	0	0	0	0	0	0	0	0	0	0	0	0	5	0	103	249	34	0	0	5	0	0	0	0	
0	0	0	0	0	0	0	0	0	0	0	0	0	0	0	0	3	0	95	255	22	0	0	2	0	0	0	0	
0	0	0	0	0	0	0	0	0	0	0	0	0	0	0	0	3	0	80	200	34	15	2	6	0	0	0	0	
0	0	0	0	0	0	0	0	0	0	0	0	0	0	0	0	0	3	3	0	0	0	0	5	0	0	0	0	
