0	0	0	0	0	0	0	0	3	0	0	0	0	0	0	0	2	0	0	2	5	4	0	0	0	0	0	0	
0	0	0	0	0	0	0	0	0	0	1	2	2	1	2	2	0	6	10	0	0	0	3	2	0	0	0	0	
0	0	0	0	0	0	0	0	0	0	2	1	0	0	0	0	4	0	0	1	1	0	0	5	0	0	0	0	
0	0	0	0	0	0	0	0	2	1	0	0	0	0	1	3	12	1	0	5	6	0	0	3	0	0	0	0	
0	0	0	0	0	0	0	0	0	0	0	1	5	7	4	1	0	0	4	0	0	5	9	2	0	0	0	0	
0	0	0	0	0	0	0	0	0	0	0	2	3	0	0	0	16	3	0	2	5	0	0	0	0	0	0	0	
0	0	0	0	0	0	0	0	0	2	2	0	0	0	6	13	0	0	0	0	0	0	4	17	0	0	0	0	
0	0	0	0	0	0	0	0	0	1	1	0	0	15	47	73	163	246	242	112	6	0	10	0	0	0	0	0	
0	0	0	0	0	0	0	0	0	10	0	0	99	185	252	255	254	255	255	201	13	6	0	3	0	0	0	0	
0	0	0	0	0	0	0	0	13	5	23	165	241	249	255	174	83	235	167	54	0	0	17	0	0	0	0	0	
0	0	0	0	0	0	0	0	0	0	154	255	255	151	41	8	28	169	61	3	8	0	0	9	0	0	0	0	
0	0	0	0	0	0	0	0	6	43	215	243	222	21	0	12	86	249	230	26	0	16	7	0	0	0	0	0	
0	0	0	0	0	0	0	0	0	74	255	255	217	40	6	40	220	252	247	43	21	0	0	12	0	0	0	0	
0	0	0	0	0	0	0	0	0	14	182	247	255	255	214	249	255	255	91	0	2	11	0	1	0	0	0	0	
0	0	0	0	0	0	0	0	0	0	19	170	231	255	250	255	253	255	18	9	0	1	0	4	0	0	0	0	
0	0	0	0	0	0	0	0	3	0	0	8	10	0	22	212	243	176	0	0	17	0	9	0	0	0	0	0	
0	0	0	0	0	0	0	0	0	0	16	0	0	1	43	255	255	71	2	6	0	4	0	2	0	0	0	0	
0	0	0	0	0	0	0	0	6	0	5	0	0	0	141	246	217	47	0	5	0	5	0	1	0	0	0	0	
0	0	0	0	0	0	0	0	6	0	0	8	0	0	225	254	133	15	0	4	0	5	0	0	0	0	0	0	
0	0	0	0	0	0	0	0	0	7	0	5	2	51	246	255	60	0	0	3	0	3	0	0	0	0	0	0	
0	0	0	0	0	0	0	0	0	7	2	0	0	160	251	210	17	0	0	2	0	1	0	0	0	0	0	0	
0	0	0	0	0	0	0	0	2	0	7	0	23	255	255	109	0	2	3	0	0	0	0	2	0	0	0	0	
0	0	0	0	0	0	0	0	1	0	2	0	116	255	238	30	0	8	1	0	3	0	0	3	0	0	0	0	
0	0	0	0	0	0	0	0	0	11	0	2	212	243	195	4	0	10	0	0	6	0	0	4	0	0	0	0	
0	0	0	0	0	0	0	0	6	0	2	81	239	253	41	0	0	0	0	0	0	0	0	0	0	0	0	0	
0	0	0	0	0	0	0	0	0	1	0	55	255	255	54	10	0	0	0	0	0	0	0	0	0	0	0	0	
0	0	0	0	0	0	0	0	0	6	7	65	236	202	47	0	0	0	0	0	0	0	0	0	0	0	0	0	
0	0	0	0	0	0	0	0	0	0	0	0	6	0	9	17	0	0	0	0	0	0	0	0	0	0	0	0	
